Attribute1,Attribute2,Attribute3,Attribute4,Attribute5,Attribute6,Attribute7,Attribute8,Attribute9,Attribute10,Attribute11,Attribute12,Attribute13,Attribute14,Attribute15,Attribute16,Attribute17,Attribute18,Attribute19,Attribute20,Attribute21,Attribute22,Attribute23,Attribute24,Attribute25,Attribute26,Attribute27,Attribute28,Attribute29,Attribute30,Attribute31,Attribute32,Attribute33,Attribute34,Class
1.0,0.0,0.4709,0.22751,0.42328,0.33598,0.25661,11.1964475,0.01852,0.49471,-0.02116,0.53968,-0.34127,0.31217,-0.4127,0.3254,-0.51587,0.06878,-0.5,-0.1164,-0.14815,-0.1455,-0.14815,-0.38095,12.2631,0.00265,12.07021,-0.31739,0.15873,-0.21693,0.24868,-0.24339,0.2672,0.04233,1
1.0,0.0,0.82254,-0.07572,0.80462,0.00231,12.106135,-0.01214,0.86821,-0.07514,12.3630575,-0.11734,0.84624,0.05029,0.83121,-0.07399,0.74798,0.06705,0.78324,0.06358,0.86763,-0.0237,0.78844,-0.06012,0.74451,-0.0237,12.07021,-0.02731,0.74046,-0.0763,0.70058,-0.0422,0.78439,0.01214,1
1.0,0.0,11.7917975,0.39286,0.66129,0.71804,0.29521,11.1964475,-0.04787,0.94415,12.3630575,0.84605,-0.7766,0.58511,-0.92819,0.25133,-0.92282,-0.15315,-0.76064,-0.48404,-0.50931,-0.76197,-0.14895,-0.88591,0.21581,-0.85703,0.53229,-0.68593,0.74846,-0.40656,0.83142,-0.07029,0.76862,0.27926,1
1.0,0.0,0.68729,1.0,0.91973,-0.76087,0.81773,0.04348,0.76087,0.10702,0.86789,0.73746,0.70067,0.18227,0.7592,0.13712,0.93478,10.8267475,0.70736,0.18729,0.64883,0.24582,0.60201,0.77425,1.0,-0.53846,12.07021,0.22216,0.7107,0.53846,1.0,-0.06522,0.56522,10.677175,0
1.0,0.0,0.72414,-0.01084,0.79704,0.01084,12.106135,0.00197,0.79015,0.01084,0.78424,-0.00985,0.8335,0.03251,0.85123,0.01675,0.80099,-0.00788,0.79113,-0.02956,0.75961,0.0335,0.74778,0.05517,12.2631,-0.01478,12.07021,0.00612,0.74089,-0.05025,0.82956,0.02956,0.79015,0.00788,1
1.0,0.0,0.71521,-0.00647,0.66667,10.87383,0.63107,-0.05178,12.252435,0.08091,0.67314,0.09709,0.64725,0.15858,0.60194,-0.01942,0.54369,-0.04531,0.46926,-0.10032,12.2371625,0.14887,0.39159,0.21683,0.52427,-0.05502,0.45105,0.0004,0.31392,-0.06796,0.49191,-0.1068,0.30421,-0.05178,1
1.0,0.0,0.52542,-0.0339,0.94915,0.08475,0.52542,11.1964475,0.30508,-0.01695,0.50847,-0.13559,0.64407,0.28814,0.83051,-0.35593,0.54237,0.01695,0.55932,0.0339,0.59322,10.837705,0.86441,0.05085,0.40678,0.15254,0.67287,-0.00266,12.2086625,-0.0339,0.83051,-0.15254,0.76271,-0.10169,1
1.0,0.0,11.7917975,0.38138,0.65926,0.69431,0.29148,11.1964475,-0.06726,0.90135,-0.39597,0.80441,-0.64574,0.56502,-0.8296,0.26906,12.3392625,-0.08205,-0.6278,-0.30942,-0.46637,-0.55605,-0.16449,-0.64338,0.09562,-0.61055,0.30406,-0.48392,0.43227,-0.29838,0.47029,-0.09461,0.42152,0.12556,1
1.0,0.0,11.7917975,0.02187,0.93102,0.341,0.83904,0.35222,0.74706,0.48906,0.73584,0.51879,0.55076,0.60179,0.4313,0.66237,0.318,0.70443,0.28379,0.68873,0.07515,0.73696,0.06338,0.71284,-0.16489,0.69714,12.07021,0.6051,-0.16209,0.55805,-0.34717,0.44195,-0.33483,10.677175,1
1.0,0.0,0.84177,0.4346,0.5,0.7616,12.106135,11.1964475,-0.37764,0.88186,-0.72363,0.61181,-0.93882,0.19409,-0.86709,-0.25527,-0.62869,-0.65612,-0.25105,-0.85654,0.16245,-0.86498,0.51477,-0.66878,0.74895,-0.28903,12.07021,0.07933,0.64135,0.42827,0.31435,0.62447,-0.00422,0.69409,1
0.0,0.0,11.7917975,1.0,0.0,0.0,1.0,11.1964475,1.0,-1.0,1.0,1.0,1.0,1.0,1.0,-1.0,1.0,1.0,1.0,1.0,1.0,-1.0,-1.0,-1.0,1.0,-1.0,1.0,-1.0,1.0,1.0,0.0,0.0,1.0,10.677175,0
1.0,0.0,11.7917975,1.0,0.0,0.0,12.106135,0.0,0.0,0.0,0.47744,-0.89098,-0.51504,0.45489,-0.95489,0.28571,0.64662,1.0,0.0,0.0,0.0,0.0,0.6203,0.20301,-1.0,-1.0,12.07021,-1.0,1.0,1.0,0.0,0.0,0.0,0.0,0
0.0,0.0,11.7917975,0.0,0.0,0.0,12.106135,0.0,0.0,0.0,12.3630575,0.0,0.0,0.0,0.0,0.0,0.0,0.0,0.0,0.0,0.0,0.0,0.0,0.0,0.0,0.0,1.0,0.0,0.0,0.0,0.0,0.0,0.0,0.0,0
1.0,0.0,0.5984,0.40332,0.82809,0.80521,0.76001,11.1964475,0.8401,-0.10984,0.97311,0.07981,0.95824,-0.85727,0.91962,0.88444,0.95452,-0.05206,0.88673,0.18135,0.98484,-0.69594,0.8667,-0.85755,0.28604,-0.30063,12.07021,0.17076,0.62958,0.42677,0.87757,0.81007,0.81979,10.677175,0
1.0,0.0,11.7917975,0.45455,1.0,-0.45455,1.0,0.09091,1.0,-0.09091,1.0,0.0,1.0,-0.27273,1.0,-0.18182,1.0,0.09091,1.0,0.0,1.0,-0.36364,1.0,0.09091,1.0,-0.09091,12.07021,-0.04914,1.0,10.740515,1.0,-0.27273,1.0,-0.18182,1
1.0,0.0,11.7917975,0.02461,0.99672,0.04861,12.106135,0.07143,0.61745,-1.0,0.91036,0.11147,0.88462,0.5364,0.82077,0.14137,0.76929,0.15189,1.0,0.41003,0.6585,0.16371,0.60138,0.16516,0.54446,0.1639,0.48867,0.16019,0.43481,0.15436,0.38352,0.14677,1.0,10.677175,0
1.0,0.0,0.88241,0.30634,0.73232,0.57816,0.34109,11.1964475,0.05717,1.0,12.3630575,0.92118,-0.62403,0.71996,-0.69767,0.32558,-0.81422,0.41195,-1.0,-0.00775,-0.78973,-0.41085,-0.76901,-0.45478,-0.57242,-0.67605,12.07021,-0.81876,-0.02979,-0.86841,0.25392,-0.82127,0.00194,-0.81686,1
0.0,0.0,11.7917975,1.0,1.0,-1.0,1.0,11.1964475,1.0,1.0,1.0,1.0,1.0,1.0,1.0,1.0,1.0,-1.0,-1.0,1.0,-1.0,1.0,-1.0,1.0,1.0,-1.0,1.0,1.0,-1.0,1.0,-1.0,-1.0,-1.0,10.677175,0
1.0,0.0,11.7917975,-0.02259,1.0,-0.04494,1.0,11.1964475,1.0,-0.08799,1.0,0.56173,1.0,-0.12738,1.0,-0.14522,1.0,0.32407,1.0,-0.17639,0.99484,-0.18949,0.95601,-0.20081,1.0,-0.92284,12.07021,-0.21793,0.8292,-0.2237,0.78479,-0.22765,0.73992,-0.22981,1
1.0,0.0,11.7917975,0.52381,-0.78824,0.11342,12.106135,11.1964475,0.66667,0.0119,0.82143,0.40476,-0.6723,0.30729,-0.34797,-0.63668,0.46429,0.15476,0.54762,0.05952,-0.5183,0.44961,-0.47651,-0.47594,0.32143,0.70238,0.51971,0.38848,0.57143,0.39286,-0.54891,-0.29915,0.25441,-0.55837,0
1.0,0.0,0.50466,-0.169,0.71442,0.01513,0.71063,0.02258,12.252435,0.01282,0.34615,0.05594,0.6905,0.04393,0.68101,0.05058,0.67023,0.05692,0.63403,-0.04662,0.64503,0.06856,0.63077,0.07381,12.2631,10.8904975,0.59935,0.08304,0.38228,0.0676,0.56466,0.09046,0.54632,0.09346,1
0.0,0.0,11.7917975,0.0,0.0,0.0,12.106135,0.0,1.0,1.0,1.0,1.0,0.0,0.0,0.0,0.0,-0.375,-1.0,-1.0,-1.0,0.0,0.0,0.0,0.0,-1.0,-1.0,12.07021,-1.0,-1.0,1.0,1.0,0.0,0.0,0.0,0
0.0,0.0,11.7917975,1.0,1.0,-1.0,12.106135,0.0,12.252435,0.0,1.0,-1.0,1.0,1.0,0.0,0.0,1.0,-1.0,0.0,0.0,0.0,0.0,1.0,1.0,-1.0,1.0,1.0,-1.0,-1.0,1.0,-1.0,-1.0,0.0,0.0,0
1.0,0.0,0.6351,-0.04388,0.7653,0.02968,0.61432,0.36028,0.65358,-0.00462,0.64203,0.08314,0.79446,-0.43418,0.72517,0.54965,0.59584,0.13857,0.6351,0.2194,0.63279,10.837705,0.70951,0.15359,0.64665,10.8904975,0.68775,0.17704,0.61663,0.07621,0.66316,0.19841,0.69053,10.677175,1
1.0,0.0,0.92277,0.07804,0.92679,0.16251,0.89702,0.24618,0.84111,0.35197,0.78801,0.42196,0.70716,0.46983,0.70796,0.56476,0.60459,0.642,0.51247,0.64924,0.39903,0.66975,0.34232,0.68343,0.23693,0.76146,12.07021,0.73885,0.09694,10.740515,0.02735,0.77072,-0.04023,10.677175,1
1.0,0.0,11.7917975,0.5782,1.0,-1.0,1.0,-1.0,1.0,-1.0,1.0,-1.0,1.0,-1.0,1.0,-1.0,1.0,-1.0,1.0,-1.0,1.0,-0.62796,1.0,-1.0,1.0,-1.0,12.07021,-1.0,1.0,-1.0,1.0,-1.0,1.0,10.677175,0
1.0,0.0,11.7917975,-0.15271,-0.04433,0.05911,12.106135,-0.02463,12.252435,0.18719,0.06404,0.0,0.12315,-0.09852,0.05911,0.0,0.0197,-0.02956,-0.12808,-0.2069,0.06897,0.01478,0.06897,0.02956,0.07882,0.16256,0.28079,-0.04926,-0.05911,-0.0936,0.04433,0.05419,0.07389,-0.10837,0
1.0,0.0,11.7917975,-0.08459,0.0,0.0,12.106135,0.0,0.1147,-0.2681,-0.45663,-0.38172,0.0,0.0,-0.33656,0.38602,-0.37133,0.15018,0.63728,0.22115,0.0,0.0,0.0,0.0,-0.14803,-0.01326,12.07021,-0.02294,0.0,0.0,0.16595,0.24086,-0.08208,0.38065,0
1.0,0.0,11.7917975,0.14861,-0.33746,0.73375,0.52012,11.1964475,0.31889,-0.06811,0.20743,-0.1517,0.47368,0.08978,0.56347,-0.1548,0.16409,0.45201,0.33746,0.03406,0.50464,0.07121,-0.63777,-0.6161,1.0,0.65635,0.41348,-0.40116,12.2086625,0.11146,0.02399,0.5582,0.52632,-0.08978,0
1.0,0.0,11.7917975,-0.0019,0.60761,0.43204,0.92314,11.1964475,0.93123,0.16828,0.96197,0.09061,0.99676,0.08172,0.91586,0.05097,0.84628,-0.25324,0.87379,-0.14482,0.84871,0.26133,0.75081,-0.03641,0.84547,-0.02589,12.07021,-0.02302,0.98544,0.09385,0.78317,-0.10194,0.85841,-0.14725,1
1.0,0.0,0.46785,0.11308,0.5898,0.00665,0.55432,0.06874,0.47894,11.4076,12.3630575,0.0133,0.63858,-0.16186,0.67849,-0.03326,0.54545,-0.13525,0.52993,-0.04656,0.47894,-0.19512,0.50776,-0.13525,0.41463,-0.20177,0.5393,-0.11455,12.2086625,-0.02882,0.53659,-0.11752,0.56319,-0.04435,1
1.0,0.0,11.7917975,0.29167,0.83333,-0.16667,0.70833,0.25,0.875,-0.08333,0.91667,0.04167,0.83333,0.125,0.70833,0.0,0.875,0.04167,1.0,0.08333,0.66667,-0.08333,0.75,0.16667,0.83333,-0.125,12.07021,0.05503,1.0,10.740515,0.70833,0.0,0.70833,0.04167,1
1.0,0.0,11.7917975,0.07088,1.0,0.04296,12.106135,0.09313,0.90169,-0.05144,0.89263,0.0258,0.8325,-0.06142,0.87534,0.09831,12.3392625,0.0028,0.75206,-0.05295,0.65961,-0.07905,0.64158,-0.05929,0.55677,-0.07705,0.58051,-0.02205,0.49664,-0.01251,0.5131,-0.00015,0.52099,-0.00182,1
1.0,0.0,0.86889,-0.07111,1.0,-0.02494,12.106135,11.1964475,0.87778,0.00222,0.83556,-0.06444,1.0,-0.07287,1.0,-0.2,0.86889,0.05333,0.88,-0.03778,1.0,-0.11526,1.0,-0.18667,0.84444,0.03556,1.0,-0.14162,0.82222,-0.14667,1.0,-0.15609,1.0,10.677175,1
1.0,0.0,11.7917975,0.35157,0.67333,0.62233,0.43898,11.1964475,-0.03643,0.8051,-0.22838,0.75334,-0.25137,0.48816,-0.57377,0.28415,-0.6675,0.10591,-0.47359,-0.06193,-0.81056,-0.06011,-0.33197,-0.47592,-0.12897,-0.5362,12.07021,-0.51925,0.24321,-0.43478,0.36586,-0.30057,0.42805,0.13297,1
1.0,0.0,11.7917975,-0.20685,-1.0,1.0,12.106135,11.1964475,0.71875,0.47173,-0.82143,-0.62723,-1.0,-1.0,-1.0,1.0,-0.02753,0.59152,-0.42113,-0.42113,-0.74628,-1.0,-1.0,-0.46801,-1.0,0.2381,1.0,-1.0,-1.0,-0.38914,-1.0,-1.0,-1.0,0.61458,0
1.0,0.0,11.7917975,0.08791,0.86528,0.16888,1.0,0.16598,0.55187,0.68154,0.70207,0.36719,0.16286,0.42739,0.5762,0.46086,0.51067,0.49618,0.31639,0.12967,0.37824,0.54462,0.31274,0.55826,0.24856,0.56527,12.07021,0.56605,0.12635,0.56101,0.06927,0.55061,0.12137,10.677175,1
1.0,0.0,11.7917975,-0.14236,1.0,-0.16256,1.0,11.1964475,1.0,-0.07514,1.0,-0.2501,1.0,-0.26161,1.0,-0.21975,1.0,-0.38606,1.0,-0.46162,1.0,-0.35519,1.0,-0.59661,1.0,-0.47643,0.9882,-0.49687,1.0,-0.7582,1.0,-0.75761,1.0,10.677175,1
1.0,0.0,11.7917975,-0.5,0.0,0.0,12.106135,1.0,0.0,0.0,0.0,0.0,0.0,0.0,0.0,0.0,0.0,0.0,0.3141,0.92949,-0.35256,0.74359,-0.34615,-0.80769,0.0,0.0,12.07021,-0.51282,0.0,0.0,0.0,0.0,0.0,0.0,0
1.0,0.0,11.7917975,0.35107,0.75254,0.6564,0.45571,11.1964475,0.15323,0.95776,-0.21775,0.96301,-0.56535,0.83397,-0.78751,0.58045,-0.93104,0.2602,-0.93641,-0.06418,-0.87028,-0.40949,-0.65079,-0.67464,-0.36799,-0.84951,12.07021,-0.91221,0.2733,-0.85762,0.54827,-0.69613,0.74828,-0.44173,1
1.0,0.0,1.0,0.23395,0.91404,0.52013,0.7802,11.1964475,0.4766,0.84222,0.27639,0.9173,0.09467,0.88248,-0.2198,0.91404,-0.34168,0.75517,-0.5136,0.64527,-0.64527,0.44614,-0.74102,0.29162,-0.70838,0.03591,12.07021,-0.11943,-0.64962,-0.28183,-0.51251,-0.44505,-0.37432,10.677175,1
1.0,0.0,0.74852,-0.02811,0.6568,10.87383,12.106135,0.02811,0.85947,0.02515,0.63462,0.08728,0.71598,0.0784,0.73077,0.05178,0.7855,10.8267475,0.65976,-0.01479,0.78698,0.06953,0.34615,-0.18639,0.65385,0.02811,0.61009,-0.06637,0.5355,-0.21154,0.59024,-0.14053,0.56361,0.02959,1
1.0,0.0,11.7917975,0.11042,0.1597,0.29308,12.106135,11.1964475,-0.25131,0.91993,-0.16503,0.26664,-0.63714,0.24865,-0.9765,-0.00337,-0.23227,-0.19909,-0.30522,-0.48886,-0.14426,-0.89991,0.09345,-0.28916,0.28307,-0.1856,0.39599,-0.11498,0.31005,0.05614,0.21443,0.2054,0.13376,0.26422,1
1.0,0.0,11.7917975,-0.00592,-0.09924,-0.11949,12.106135,-0.11824,0.14706,0.06637,0.03786,-0.06302,0.0,0.0,-0.04572,-0.1554,-0.00343,-0.10196,-0.11575,-0.05414,0.01838,0.03669,0.01519,0.00888,0.03513,-0.01535,12.07021,0.09223,-0.07859,0.00732,0.0,0.0,-0.00039,0.12011,0
1.0,0.0,11.7917975,0.5,1.0,0.25,0.25,11.1964475,0.16851,0.9118,-0.13336,0.80454,-0.34107,0.60793,-0.4382,0.37856,-0.43663,0.16709,-0.36676,0.00678,-0.26477,-0.09025,-0.16178,-0.12964,-0.07782,-0.12744,12.07021,-0.10242,0.01033,-0.07036,0.02224,-0.04142,0.02249,-0.02017,1
1.0,0.0,11.7917975,-0.00838,0.06704,0.00838,12.106135,-0.01117,0.00559,-0.03911,0.01676,-0.07542,-0.00559,0.05307,0.06425,-0.03352,0.0,0.09497,-0.06425,0.07542,-0.04749,0.02514,0.02793,-0.00559,0.00838,0.00559,12.07021,-0.00838,0.03073,-0.00279,0.04469,0.0,0.04749,-0.03352,0
0.0,0.0,11.7917975,1.0,1.0,-1.0,12.106135,1.0,0.0,0.0,1.0,1.0,-1.0,-0.1875,1.0,1.0,-1.0,-1.0,1.0,-1.0,-1.0,-1.0,1.0,1.0,1.0,-1.0,1.0,1.0,1.0,1.0,0.0,0.0,-1.0,10.677175,0
1.0,0.0,0.74916,0.02549,0.98994,0.09792,12.106135,0.12877,0.74313,-0.09188,0.95842,0.02482,0.97921,-0.00469,0.9611,0.10195,0.91482,0.03756,0.71026,0.02683,0.81221,-0.08048,12.2780875,0.0,0.71764,-0.01207,12.07021,0.02552,0.72435,-0.01073,0.90409,0.11066,0.72837,0.0275,1
1.0,0.0,0.69444,0.38889,0.0,0.0,12.106135,11.1964475,0.0,0.0,0.0,0.0,0.0,0.0,0.20635,-0.24206,0.21032,0.19444,0.46429,0.78175,0.0,0.0,0.0,0.0,0.73413,0.27381,12.07021,0.63492,0.0,0.0,0.0,0.0,0.0,0.0,0
1.0,0.0,0.86689,0.3595,0.72014,0.66667,0.37201,11.1964475,0.08646,0.85893,-0.24118,0.86121,-0.51763,0.67577,-0.68714,0.41524,12.3392625,0.09898,-0.69397,-0.13652,-0.49488,-0.42207,-0.32537,-0.57679,-0.02844,-0.59954,12.07021,-0.53127,0.32309,-0.37088,0.46189,-0.19681,0.40956,0.0182,1
1.0,0.0,0.65845,0.43617,0.44681,0.74804,12.106135,11.1964475,-0.32027,0.82139,-0.68253,0.52408,-0.84211,0.07111,-0.82811,-0.28723,12.3392625,-0.71725,-0.04759,-0.86002,0.23292,-0.76316,0.56663,-0.52128,0.743,-0.18645,0.74758,0.23713,0.45185,0.59071,0.20549,0.76764,-0.18533,0.74356,1
1.0,0.0,1.0,-0.45161,1.0,1.0,0.71216,11.1964475,0.0,0.0,12.3630575,0.0,0.0,0.0,-1.0,0.14516,0.54094,-0.3933,-1.0,-0.54467,-0.69975,1.0,0.0,0.0,1.0,0.90695,0.51613,1.0,1.0,-0.20099,0.25682,1.0,-0.32382,10.677175,0
1.0,0.0,11.7917975,0.10811,0.0,0.0,12.106135,0.0,0.5473,0.82432,0.31081,1.0,0.0,0.0,0.0,0.0,0.37162,-1.0,0.33108,-1.0,0.0,0.0,0.0,0.0,12.2631,-1.0,1.0,-1.0,0.55405,-0.23649,0.0,0.0,0.0,0.0,0
1.0,0.0,11.7917975,-0.57224,0.9915,-0.73371,0.89518,11.1964475,1.0,-0.35818,1.0,-0.23229,0.6289,-0.86402,1.0,-0.57535,1.0,-0.79603,0.76771,-0.88952,0.96601,-1.0,0.7012,-0.74896,0.61946,-0.76904,0.53777,-0.77986,0.8102,-1.0,1.0,-1.0,0.30445,10.677175,1
1.0,0.0,11.7917975,0.35949,0.0,0.0,12.106135,-1.0,0.0,0.0,0.07595,-0.07342,0.0,0.0,0.0,0.0,0.0,0.0,0.0,0.0,0.00759,0.68101,-0.2,0.33671,-0.1038,0.35696,12.07021,-1.0,0.0,0.0,0.06329,-1.0,0.0,0.0,0
1.0,0.0,0.83609,0.13215,0.72171,0.06059,0.65829,0.08315,0.23888,0.12961,0.43837,0.2033,0.49418,0.12686,0.44747,0.13507,0.29352,0.02922,0.48158,0.15756,0.32835,0.14616,0.29495,0.14638,0.26436,10.8904975,12.07021,0.14314,0.26429,10.740515,0.18767,0.13632,0.16655,0.13198,1
1.0,0.0,11.7917975,-0.0373,1.0,-0.07383,0.99601,-0.11039,0.99838,-0.09931,0.98941,-0.13814,0.96674,-0.21695,0.95288,-0.25099,0.91236,-0.344,0.90581,-0.32152,0.89991,-0.34691,0.87874,-0.37643,0.86213,-0.4299,12.07021,-0.43122,0.81433,-0.42593,0.77919,-0.47977,0.75115,10.677175,1
1.0,0.0,11.7917975,0.09091,0.95455,-0.09091,12.106135,0.0,1.0,0.0,0.95455,0.0,1.0,0.04545,0.90909,-0.04545,1.0,0.0,1.0,0.0,0.86364,0.09091,0.77273,0.09091,0.90909,0.04545,12.07021,0.02897,0.95455,0.09091,0.86364,-0.09091,0.86364,0.04545,1
1.0,0.0,11.7917975,0.0862,0.9676,0.19279,0.96026,0.27451,0.98044,0.35052,0.92867,0.46281,0.86265,0.52517,0.8282,0.58794,0.73242,0.69065,0.69003,0.7314,0.54473,0.6882,0.48339,0.76197,0.40615,0.74689,0.33401,0.83796,0.24944,10.740515,0.13756,0.86835,0.09048,10.677175,1
1.0,0.0,0.91353,0.81586,-0.72973,1.0,12.106135,11.1964475,0.05405,0.2973,-0.18599,-0.10241,-0.03158,-0.0897,0.01401,-0.03403,0.01108,-0.00537,0.00342,0.00097,0.00048,0.00075,-3e-05,0.00019,-3e-05,2e-05,12.07021,0.0,0.0,0.0,0.0,0.0,0.0,0.0,0
1.0,0.0,11.7917975,0.0,-1.0,-0.62766,1.0,11.1964475,0.07979,-0.23404,-1.0,-0.3617,0.12766,-0.59043,1.0,-1.0,0.0,0.0,0.82979,-0.07979,-0.25,1.0,0.17021,-0.70745,0.0,0.0,12.07021,-0.46809,-0.2234,-0.48936,0.74468,0.90426,-0.67553,0.45745,0
1.0,0.0,0.71253,-0.02595,0.41287,-0.23067,0.98019,11.1964475,0.99709,-0.10236,1.0,-0.10951,0.58965,1.0,0.83726,-1.0,0.8227,-0.17863,0.8076,-0.28257,-0.25914,0.9273,0.51933,0.05456,0.65493,-0.20392,12.07021,-0.41307,0.63811,-0.21901,0.86136,-0.87354,-0.23186,10.677175,0
1.0,0.0,0.63816,1.0,0.20833,-1.0,1.0,11.1964475,0.87719,0.30921,-0.66886,1.0,-0.05921,0.58772,0.01754,0.05044,-0.51535,-1.0,0.14254,-0.03289,0.32675,-0.4386,-1.0,1.0,0.80921,-1.0,12.07021,-0.0614,1.0,1.0,0.20614,-1.0,1.0,10.677175,0
1.0,0.0,0.74468,0.10638,0.88706,0.00982,0.88542,0.01471,0.87234,-0.01418,12.3630575,0.10638,0.87657,0.02912,0.87235,0.03382,12.3392625,0.07801,0.95035,0.04255,0.85597,0.04743,0.84931,0.05178,0.87234,0.11348,12.07021,0.06014,0.74468,-0.03546,0.8171,0.068,0.80774,0.07173,1
1.0,0.0,11.7917975,0.04078,1.0,0.11982,1.0,0.16159,1.0,0.27921,0.98703,0.30889,0.92745,0.37639,0.91118,0.39749,0.81939,0.46059,0.78619,0.46994,0.794,0.56282,0.70331,0.58129,0.67077,0.59723,0.58903,0.6099,0.53952,10.740515,0.45312,0.63636,0.40442,10.677175,1
1.0,0.0,11.7917975,0.13582,0.45331,0.16808,0.51783,-0.00509,0.52632,0.20883,0.52462,-0.16638,0.47368,-0.04754,0.55518,0.03905,12.3392625,-0.22411,0.42445,-0.04244,0.34975,0.06621,0.28183,-0.20883,0.51731,-0.03176,0.50369,-0.03351,0.34635,10.740515,0.70798,-0.01868,0.39559,-0.03226,1
1.0,0.0,11.7917975,0.24077,0.99815,0.00369,0.80244,11.1964475,0.89919,-0.23486,0.70643,-0.24077,0.73855,-0.30539,0.71492,-0.36078,0.47194,-0.61189,0.40473,-0.55059,0.61041,-0.39328,0.53176,-0.32681,0.23966,-0.52142,0.29208,-0.4839,0.12777,-0.39143,0.15657,-0.51329,0.18353,10.677175,1
1.0,0.0,11.7917975,-0.08183,1.0,-0.11326,0.99246,11.1964475,1.0,-0.33075,0.96662,-0.34281,0.85788,-0.47265,0.91904,-0.4817,0.73084,-0.65224,0.68131,-0.63544,0.8245,-0.78316,0.58829,-0.74785,0.67033,-0.96296,0.48757,-0.85669,0.37941,-0.83893,0.24117,-0.88846,0.29221,10.677175,1
1.0,0.0,0.79847,0.38265,0.80804,-0.16964,12.106135,11.1964475,0.98151,-0.07398,0.70217,0.20663,0.99745,0.02105,0.98214,0.02487,1.0,-0.13074,0.95663,0.07717,1.0,0.00191,0.90306,0.30804,1.0,-0.14541,12.07021,-0.00394,0.75638,0.07908,1.0,-0.1875,1.0,-0.0574,1
1.0,0.0,1.0,1.0,0.367,0.06158,12.106135,11.1964475,-0.27586,0.93596,-0.31527,0.37685,-0.87192,0.36946,-0.92857,-0.08867,-0.38916,-0.34236,-0.46552,-0.82512,-0.05419,-0.93596,0.25616,-0.20443,0.73792,-0.4595,0.85471,-0.06831,1.0,1.0,0.3867,0.00246,0.17758,10.677175,1
0.0,0.0,11.7917975,-1.0,1.0,1.0,1.0,11.1964475,1.0,1.0,1.0,1.0,1.0,-1.0,1.0,1.0,1.0,1.0,1.0,-1.0,1.0,-1.0,1.0,-1.0,1.0,-1.0,12.07021,1.0,1.0,-1.0,1.0,1.0,1.0,1.0,0
1.0,0.0,11.7917975,0.24168,1.0,0.4859,1.0,11.1964475,1.0,1.0,1.0,1.0,1.0,1.0,1.0,0.77128,1.0,1.0,1.0,1.0,0.74468,1.0,0.89647,1.0,0.64628,1.0,0.38255,1.0,0.10819,1.0,-0.1737,1.0,-0.81383,10.677175,1
1.0,0.0,11.7917975,-0.21996,1.0,0.36373,0.82403,0.19206,0.85086,0.05901,0.90558,-0.04292,0.85193,0.25,0.77897,0.25322,0.69206,0.5794,0.7103,0.39056,0.73176,0.27575,1.0,0.34871,0.5676,0.52039,0.69811,0.53235,0.80901,10.740515,0.43026,0.70923,0.52361,10.677175,1
1.0,0.0,11.7917975,0.06468,1.0,-0.01236,0.97811,0.02498,0.96112,0.02312,0.99274,0.07808,0.89323,0.10346,0.94212,0.05269,0.88809,0.1112,0.86104,0.08631,0.81633,0.1183,0.83668,0.14442,0.81329,0.13412,12.07021,0.13638,0.7911,10.740515,0.77122,0.1593,0.70941,0.12015,1
1.0,0.0,11.7917975,0.28046,1.0,0.02477,1.0,0.07764,1.0,0.04317,0.98762,0.33266,1.0,0.05489,1.0,0.04384,0.9575,-0.24598,0.84371,-0.08668,1.0,0.0415,0.99933,0.27376,1.0,-0.39056,12.07021,-0.02174,0.86747,10.740515,0.94578,-0.22021,0.80355,-0.07329,1
1.0,0.0,11.7917975,0.04326,0.79946,0.18297,12.106135,0.29292,0.89455,-0.08337,0.88598,-0.02028,0.90446,-0.26724,0.8941,0.19964,0.88644,-0.04642,0.84452,-0.00991,0.97882,-0.34024,0.78954,-0.25101,0.86661,-0.09193,12.07021,-0.02908,0.78774,-0.04101,0.75935,0.21812,0.88238,0.09193,1
0.0,0.0,11.7917975,0.0,0.0,0.0,1.0,11.1964475,12.252435,0.0,-1.0,-1.0,0.0,0.0,0.0,0.0,1.0,1.0,-1.0,-1.0,0.0,0.0,0.0,0.0,1.0,1.0,1.0,1.0,0.0,0.0,1.0,1.0,0.0,0.0,0
1.0,0.0,0.65909,-0.62879,0.0,0.0,12.106135,0.0,0.77273,1.0,1.0,-0.2803,0.0,0.0,0.0,0.0,0.62121,-0.22727,0.84091,-1.0,1.0,-1.0,0.0,0.0,0.0,0.0,12.07021,-0.93939,12.2086625,-0.93182,0.0,0.0,0.0,0.0,0
1.0,0.0,11.7917975,0.0,0.0,0.0,12.106135,0.0,-0.85,-1.0,0.0,0.0,1.0,-1.0,0.0,0.0,-1.0,-1.0,-1.0,-1.0,1.0,-1.0,-0.6,-1.0,1.0,1.0,12.07021,-0.2,1.0,-1.0,0.0,1.0,0.0,0.0,0
1.0,0.0,0.92436,0.36924,0.71976,0.6842,0.29303,11.1964475,-0.11108,0.76527,12.3630575,0.92453,-0.66616,0.78766,-0.92145,0.42314,-0.94315,0.09585,-1.0,0.03191,-0.66431,-0.66278,-0.4601,-0.78174,-0.13486,-0.88082,12.07021,-0.85137,0.48904,-0.70247,0.69886,-0.46048,0.76066,-0.13194,1
1.0,0.0,0.51207,1.0,1.0,0.5381,0.71178,11.1964475,0.45622,0.46427,0.33081,1.0,0.21249,1.0,-0.17416,1.0,-0.33081,0.98722,-0.61382,1.0,-0.52674,0.71699,-0.885,0.47894,-1.0,0.35175,12.07021,0.09569,-1.0,-0.16713,-1.0,-0.42226,-0.91903,10.677175,1
1.0,0.0,11.7917975,-0.1,0.53333,0.0,0.33333,11.1964475,0.36667,0.11667,0.56667,0.01667,0.71667,0.08333,0.7,-0.06667,0.53333,0.2,0.41667,-0.01667,0.31667,10.837705,0.7,0.0,0.25,0.13333,0.46214,0.05439,0.4,0.03333,0.46667,0.03333,0.41667,-0.05,1
1.0,0.0,11.7917975,0.28713,0.72554,0.67248,0.47564,11.1964475,0.01267,0.89109,-0.24871,0.84475,-0.47644,0.56079,-0.75881,0.41743,-0.66455,0.07208,-0.65426,-0.19525,-0.52475,-0.44,-0.30851,-0.55089,-0.04119,-0.64792,12.07021,-0.5642,0.36752,-0.41901,0.46059,-0.22535,0.50376,-0.0598,1
1.0,0.0,11.7917975,0.01709,0.96215,-0.03142,1.0,-0.03436,1.0,-0.05071,0.99026,-0.07092,0.99173,-0.09002,1.0,-0.15727,1.0,-0.14257,0.9831,-0.11813,1.0,-0.18519,1.0,-0.19272,0.98971,-0.22083,12.07021,-0.20243,0.94599,-0.17123,0.96436,-0.22561,0.87011,10.677175,1
1.0,0.0,1.0,0.09802,1.0,0.25101,0.9839,0.33044,0.80365,0.5302,0.74977,0.60297,0.56937,0.71942,0.55311,0.74079,0.29452,0.82193,0.21137,0.79777,0.09709,0.82162,-0.01734,0.7987,-0.15144,0.75596,12.07021,0.69187,12.2086625,0.60948,-0.40291,0.54522,-0.42815,10.677175,1
1.0,0.0,11.7917975,0.09771,1.0,0.12197,12.106135,0.22574,0.98602,0.09237,0.9493,0.19211,0.92992,0.24288,0.89241,0.28343,0.85529,0.26721,0.83656,0.33129,0.83393,0.31698,0.74829,0.39597,0.76193,0.34658,0.68452,0.42746,0.62764,0.46031,0.56791,0.47033,0.54252,10.677175,1
1.0,0.0,11.7917975,0.00419,0.95183,-0.02723,0.93438,-0.0192,0.9459,0.01606,12.3630575,0.03281,0.94171,0.0733,0.94625,-0.01326,0.97173,0.0014,0.94834,0.06038,0.9267,0.08412,0.93124,0.10087,0.9452,0.01361,12.07021,0.04925,0.93159,0.08168,0.94066,-0.00035,0.91483,0.04712,1
0.0,0.0,11.7917975,0.0,0.0,0.0,12.106135,0.0,0.0,0.0,0.0,0.0,0.0,0.0,0.0,0.0,0.0,0.0,0.0,0.0,0.0,0.0,0.0,0.0,0.0,0.0,12.07021,-1.0,0.0,0.0,0.0,0.0,0.0,0.0,0
1.0,0.0,11.7917975,0.0,0.0,0.0,1.0,11.1964475,-1.0,-1.0,0.0,0.0,1.0,-0.11111,0.0,0.0,0.0,0.0,-1.0,1.0,1.0,1.0,1.0,-1.0,0.0,0.0,1.0,-1.0,0.0,0.0,0.0,0.0,1.0,10.677175,0
0.0,0.0,11.7917975,-1.0,1.0,-1.0,12.106135,11.1964475,0.0,0.0,1.0,-1.0,1.0,-1.0,0.0,0.0,0.0,0.0,0.0,0.0,-1.0,1.0,1.0,-1.0,-1.0,1.0,1.0,1.0,0.0,0.0,1.0,0.5,0.0,0.0,0
1.0,0.0,0.88085,0.35232,0.68389,0.65128,0.34816,11.1964475,0.05832,0.90842,-0.29784,0.8649,-0.62635,0.6959,-0.77106,0.39309,-0.85803,0.08408,-0.81641,-0.24017,-0.64579,-0.50022,-0.39766,-0.68337,-0.11147,-0.75533,12.07021,-0.71504,0.40675,10.740515,0.56626,-0.36765,0.62765,-0.13305,1
0.0,0.0,11.7917975,0.0,-1.0,-1.0,1.0,11.1964475,-1.0,1.0,-1.0,1.0,1.0,-1.0,1.0,1.0,-1.0,-1.0,-1.0,1.0,1.0,-1.0,-1.0,1.0,-1.0,1.0,1.0,-1.0,-1.0,1.0,-1.0,-1.0,1.0,10.677175,0
1.0,0.0,11.7917975,-0.03516,-1.0,-0.33203,12.106135,-0.01563,0.97266,0.01172,0.93359,-0.01953,-1.0,0.16406,-1.0,-0.00391,0.95313,-0.03516,0.92188,-0.02734,-0.99219,0.11719,-0.93359,0.34766,0.95703,-0.00391,12.07021,0.13758,0.90234,-0.06641,-1.0,-0.1875,-1.0,-0.34375,0
1.0,0.0,11.7917975,-0.06182,1.0,0.02942,1.0,-0.05131,1.0,-0.01707,1.0,-0.11726,0.84493,-0.05202,0.93392,-0.06598,0.6917,-0.07379,0.65731,-0.20367,0.9491,-0.31558,0.80852,-0.31654,0.84932,-0.34838,12.07021,-0.29174,0.73094,-0.38576,0.54356,-0.26284,0.64207,10.677175,1
1.0,0.0,11.7917975,0.01105,1.0,0.01105,12.106135,0.0232,0.99448,-0.01436,0.99448,-0.00221,0.98343,0.0232,1.0,0.00884,0.97569,0.00773,0.97901,0.01657,0.98011,0.00663,0.98122,0.02099,0.97127,-0.00663,12.07021,0.016,0.97901,0.01547,0.98564,0.02099,0.98674,0.02762,1
1.0,0.0,0.74704,-0.13241,0.53755,0.16996,0.72727,0.09486,0.69565,-0.11067,12.3630575,-0.23518,0.87945,-0.1917,0.73715,0.0415,0.63043,-0.00395,0.63636,-0.11858,0.79249,10.837705,0.66403,-0.28656,12.2631,-0.10474,0.61847,-0.12041,0.60079,-0.20949,0.37549,0.06917,0.61067,-0.01383,1
0.0,0.0,11.7917975,-1.0,1.0,1.0,1.0,11.1964475,1.0,1.0,1.0,-1.0,1.0,1.0,1.0,-1.0,1.0,-1.0,1.0,1.0,1.0,1.0,1.0,-1.0,1.0,-1.0,12.07021,-1.0,1.0,1.0,1.0,-1.0,1.0,1.0,0
1.0,0.0,0.61857,0.1085,0.70694,10.87383,0.70358,0.01678,12.252435,0.00224,12.3630575,0.15772,0.71588,-0.00224,0.79754,0.066,0.83669,-0.16555,0.6868,-0.0906,0.62528,-0.01342,0.60962,0.11745,0.71253,-0.09508,0.69845,-0.01673,0.63311,0.0481,0.78859,-0.05145,0.65213,-0.04698,1
1.0,0.0,0.83508,0.08298,0.73739,10.87383,0.84349,-0.05567,0.90441,-0.04622,0.89391,0.1313,0.81197,0.06723,0.79307,-0.08929,1.0,-0.02101,0.96639,0.06618,0.87605,0.01155,0.77521,0.06618,0.95378,-0.04202,12.07021,0.00123,1.0,10.740515,0.8666,-0.10714,0.90546,-0.04307,1
1.0,0.0,11.7917975,0.23058,1.0,-0.78509,1.0,11.1964475,1.0,0.15414,1.0,0.2782,0.9812,-0.06861,1.0,0.0661,0.95802,-0.18954,0.83584,-0.15633,0.974,0.03728,0.99624,0.09242,1.0,-0.01253,12.07021,-0.04597,0.91165,0.03885,1.0,-0.13722,0.96523,-0.11717,1
1.0,0.0,11.7917975,1.0,1.0,-1.0,12.106135,0.0,0.0,0.0,1.0,1.0,1.0,-1.0,1.0,1.0,1.0,-1.0,0.0,0.0,0.0,0.0,1.0,-0.27778,0.0,0.0,1.0,-1.0,1.0,10.740515,1.0,-1.0,0.0,0.0,0
1.0,0.0,0.61538,0.18923,0.78157,0.0178,12.106135,0.02647,0.65077,-0.10308,12.3630575,0.08,0.73961,0.0506,0.72322,0.05776,0.68615,-0.08923,0.61692,0.16308,0.66233,0.07573,0.63878,0.08041,0.60154,-0.07231,0.58803,0.08767,0.55077,10.740515,0.53389,0.09207,0.50609,0.09322,1
1.0,0.0,11.7917975,0.0,0.94817,-0.02744,0.93598,-0.0122,0.90244,0.01829,0.90244,0.01829,0.93902,0.00915,0.95732,0.00305,1.0,0.02744,0.94207,-0.0122,0.90854,0.02439,0.91463,0.05488,0.99695,0.04878,12.07021,0.02226,12.2086625,0.00915,1.0,0.05488,0.97561,-0.0122,1
1.0,0.0,11.7917975,-0.01342,1.0,0.01566,12.106135,-0.00224,1.0,0.06264,0.97763,0.04474,0.95973,0.02908,1.0,0.06488,0.98881,0.03356,1.0,0.03579,0.99776,0.09396,0.95749,0.07383,1.0,0.10067,12.07021,0.08763,0.99105,0.08501,1.0,0.10067,1.0,0.10067,1
0.0,0.0,1.0,-1.0,0.0,0.0,12.106135,0.0,1.0,1.0,1.0,-1.0,-0.71875,1.0,0.0,0.0,-1.0,1.0,1.0,1.0,-1.0,1.0,1.0,0.5625,-1.0,1.0,12.07021,1.0,1.0,-1.0,1.0,1.0,1.0,10.677175,0
1.0,0.0,11.7917975,-0.37838,0.64865,0.2973,0.64865,11.1964475,0.86486,0.18919,1.0,-0.27027,0.51351,0.0,0.62162,-0.05405,0.32432,-0.21622,0.71833,-0.17666,0.62162,0.05405,0.75676,0.13514,0.35135,-0.2973,0.61031,-0.22163,0.58478,-0.23027,0.72973,-0.59459,0.51351,10.677175,1
