word_freq_make,word_freq_address,word_freq_all,word_freq_3d,word_freq_our,word_freq_over,word_freq_remove,word_freq_internet,word_freq_order,word_freq_mail,word_freq_receive,word_freq_will,word_freq_people,word_freq_report,word_freq_addresses,word_freq_free,word_freq_business,word_freq_email,word_freq_you,word_freq_credit,word_freq_your,word_freq_font,word_freq_000,word_freq_money,word_freq_hp,word_freq_hpl,word_freq_george,word_freq_650,word_freq_lab,word_freq_labs,word_freq_telnet,word_freq_857,word_freq_data,word_freq_415,word_freq_85,word_freq_technology,word_freq_1999,word_freq_parts,word_freq_pm,word_freq_direct,word_freq_cs,word_freq_meeting,word_freq_original,word_freq_project,word_freq_re,word_freq_edu,word_freq_table,word_freq_conference,char_freq_;,char_freq_(,char_freq_[,char_freq_!,char_freq_$,char_freq_#,capital_run_length_average,capital_run_length_longest,capital_run_length_total,spam
0.0,0.0,0.0,10.0,0.0,0.0,0.0,0.0,0.0,0.0,0.0,0.0,0.0,0.0,0.0,0.0,0.0,0.0,0.0,0.0,0.0,10.0,10.0,0.0,10.0,0.0,10.0,0.0,10.0,0.0,10.0,0.0,0.0,10.0,10.0,0.0,0.0,0.0,0.0,0.0,10.0,10.0,10.0,10.0,0.0,10.0,10.0,0.0,0.0,0.0,0.0,0.0,10.13,0.0,1.0,1,3,0
0.71,0.0,0.71,10.0,0.0,0.0,10.0,0.0,0.0,0.71,0.0,1.43,0.0,0.0,0.0,1.43,0.0,0.0,1.43,0.0,0.0,10.0,10.0,0.0,10.0,0.0,10.0,0.0,10.0,0.0,10.0,0.0,0.0,10.0,10.0,0.0,0.0,0.0,0.0,0.0,10.0,10.0,10.0,10.0,0.0,10.0,10.0,0.0,0.0,0.0,0.0,0.0,0.0,0.0,1.032,2,32,0
0.0,0.0,0.91,10.0,0.0,0.0,10.0,0.45,0.0,0.0,0.0,0.0,0.0,0.0,0.0,0.0,0.0,0.0,2.28,0.0,0.0,10.0,10.0,0.0,10.0,0.91,10.0,0.0,10.0,0.0,10.0,0.0,0.0,10.0,10.0,0.0,0.0,0.0,0.0,0.0,10.0,10.0,10.0,10.0,0.0,10.0,10.0,0.0,0.0,0.0,0.0,0.0,0.0,0.0,1.32,7,103,0
0.0,0.0,0.0,10.0,0.0,0.0,0.0,0.0,0.0,0.0,0.0,0.0,0.0,0.0,0.0,0.0,0.0,0.0,0.0,0.0,0.0,10.0,1.96,0.0,10.0,0.0,10.0,0.0,10.0,0.0,10.0,0.0,0.0,10.0,10.0,0.0,1.96,10.0,0.0,0.0,10.0,10.0,10.0,10.0,0.0,10.0,0.0,0.0,0.0,0.201,0.0,0.0,10.13,0.0,16.883,59,141,1
0.0,0.0,0.54,10.0,0.0,0.0,0.0,0.0,0.0,0.0,0.0,0.27,0.0,0.0,0.0,0.0,0.0,0.0,3.29,0.0,0.0,10.0,10.0,0.0,10.0,0.0,10.0,0.0,10.0,0.0,10.0,0.0,0.0,10.0,10.0,0.0,0.27,10.0,0.27,0.0,10.0,10.0,10.0,10.0,0.27,10.0,10.0,0.0,0.0,0.188,0.047,0.0,0.0,0.0,1.745,12,89,0
0.0,0.0,0.0,10.0,0.0,0.0,10.0,0.0,0.0,0.0,0.0,0.0,0.0,0.0,0.0,0.0,0.0,4.83,4.83,0.0,0.0,10.0,10.0,0.0,10.0,0.0,10.0,0.0,10.0,0.0,10.0,0.0,0.0,10.0,10.0,0.0,0.0,0.0,0.0,0.0,10.0,10.0,10.0,10.0,0.0,10.0,0.0,0.0,0.0,0.0,0.0,0.0,10.13,0.0,1.7,5,17,1
0.0,0.0,0.0,10.0,0.0,0.0,10.0,0.0,0.0,0.0,0.0,0.0,0.0,0.0,0.0,0.0,0.0,0.0,2.32,0.0,0.0,10.0,10.0,0.0,10.0,0.0,10.0,0.0,10.0,0.0,10.0,0.0,0.0,10.0,10.0,0.0,0.0,0.0,0.0,0.0,10.0,10.0,10.0,10.0,0.0,10.0,0.0,0.0,0.0,0.0,0.0,10.7875,0.0,0.0,2.473,10,47,0
0.51,0.0,0.51,10.0,1.53,0.51,10.0,0.0,0.0,0.0,0.0,0.51,0.0,0.0,0.0,0.0,0.0,0.0,3.58,0.0,0.0,10.0,10.0,0.0,10.0,0.0,10.0,0.51,10.0,2.05,10.0,0.51,0.0,10.0,10.0,1.02,0.0,10.0,0.0,0.51,10.0,10.0,10.0,10.0,1.02,10.0,0.0,0.0,0.0,0.27,0.0,0.0,0.0,0.0,1.983,24,121,0
0.0,0.0,0.44,10.0,0.0,0.44,10.0,0.0,0.0,0.0,0.0,0.0,0.44,0.0,0.0,0.0,0.0,0.0,2.67,0.0,0.89,10.0,10.0,0.0,10.0,0.0,10.0,0.0,10.0,0.0,10.0,0.0,0.0,10.0,10.0,0.44,0.0,0.0,0.0,0.0,10.0,10.0,10.0,10.0,0.44,10.0,10.0,0.0,0.0,0.074,0.0,0.149,0.0,0.0,1.115,2,29,0
0.27,0.05,0.1,10.0,0.0,0.0,0.0,0.0,0.0,0.0,0.0,0.48,0.0,0.0,0.0,0.0,0.0,0.1,0.97,0.0,0.1,10.0,10.0,0.0,10.0,0.0,10.0,0.0,10.0,0.0,10.0,0.0,0.0,10.0,10.0,0.0,0.27,0.0,0.0,0.0,10.0,10.0,10.0,10.0,0.0,10.0,10.0,0.0,0.607,0.064,0.036,0.055,0.0,0.202,16.883,43,1789,0
0.0,0.0,0.0,10.0,0.24,0.49,0.0,0.0,0.0,0.49,0.0,0.24,0.0,0.0,0.0,0.0,0.0,0.0,0.99,0.0,0.49,10.0,10.0,0.0,10.0,0.0,10.0,0.74,10.0,0.0,10.0,0.0,0.0,10.0,10.0,0.0,0.0,10.0,0.0,0.0,10.0,10.0,10.0,10.0,0.0,10.0,0.0,0.0,0.0,0.054,0.0,0.0,0.027,0.0,16.883,157,380,0
0.0,0.0,0.0,10.0,0.0,0.0,0.0,0.0,0.75,0.0,0.0,0.0,0.0,0.0,0.0,0.0,0.0,0.0,1.51,0.0,0.0,10.0,10.0,0.0,10.0,0.0,10.0,0.0,10.0,0.0,10.0,0.0,0.0,10.0,10.0,0.0,0.0,10.0,0.0,0.0,10.0,10.0,10.0,10.0,0.75,10.0,10.0,0.0,0.0,0.255,0.0,0.0,0.0,0.0,1.842,6,35,0
0.0,14.28,0.0,10.0,0.0,0.0,0.0,0.0,0.0,0.0,0.0,0.0,0.0,0.0,0.0,0.0,0.0,0.0,0.0,0.0,0.0,10.0,10.0,0.0,10.0,0.0,10.0,0.0,10.0,0.0,10.0,0.0,0.0,10.0,10.0,0.0,0.0,10.0,0.0,0.0,10.0,10.0,10.0,10.0,0.0,10.0,10.0,0.0,0.0,0.0,0.0,0.0,0.0,0.0,1.8,5,9,0
0.0,0.45,0.0,10.0,0.45,0.45,10.0,0.45,0.0,1.8,0.0,0.45,0.0,0.0,0.0,0.0,0.0,0.0,1.8,0.0,0.45,10.0,10.0,0.0,10.0,0.0,10.0,0.0,10.0,0.0,10.0,0.0,0.45,10.0,10.0,0.0,0.0,0.0,0.0,0.0,10.0,10.0,10.0,10.0,0.0,10.0,10.0,0.0,0.0,0.281,0.0,0.21,0.0,0.0,2.368,14,135,1
0.08,0.0,0.32,10.0,0.24,0.32,10.0,0.16,0.16,0.0,0.0,0.65,0.0,0.0,0.0,0.0,0.0,0.0,4.67,0.0,0.65,10.0,10.0,0.32,10.0,0.0,10.0,0.0,10.0,0.0,0.0,0.0,0.0,10.0,10.0,0.0,0.0,0.0,0.0,0.08,10.0,10.0,10.0,10.0,0.24,10.0,10.0,0.0,0.0,0.045,0.0,10.7875,0.03,0.0,1.42,10,196,1
0.0,0.0,0.0,10.0,0.0,0.0,0.0,0.0,0.0,0.0,0.0,1.02,0.0,0.0,0.0,0.0,0.0,0.0,0.0,0.0,0.0,10.0,10.0,0.0,10.0,4.08,10.0,0.0,10.0,0.0,10.0,10.0,0.0,10.0,10.0,0.0,0.0,10.0,0.0,0.0,10.0,10.0,0.0,10.0,0.0,10.0,0.0,0.0,0.0,0.217,0.0,0.0,10.13,0.0,1.718,12,122,0
0.0,0.0,0.0,10.0,0.0,0.0,0.0,0.0,0.91,0.0,0.0,0.0,0.0,0.0,0.0,0.0,0.0,0.0,0.91,0.0,2.75,10.0,10.0,0.0,10.0,0.0,10.0,0.0,10.0,0.0,10.0,0.0,0.0,10.0,10.0,0.0,0.0,0.0,0.0,0.0,10.0,10.0,10.0,10.0,0.0,10.0,10.0,0.0,0.0,0.141,0.0,10.7875,0.0,0.0,2.9,28,87,1
0.0,0.0,0.0,10.0,0.0,0.0,0.0,0.0,0.0,0.0,0.0,0.0,0.0,0.0,0.0,1.05,0.0,0.0,0.0,0.0,2.1,10.0,10.0,0.0,10.0,0.0,10.0,0.0,10.0,0.0,10.0,0.0,0.0,10.0,10.0,0.0,0.0,10.0,0.0,0.0,10.0,10.0,10.0,10.0,0.0,0.0,10.0,0.0,0.0,0.0,0.0,10.7875,0.0,0.0,1.293,5,75,1
1.47,0.0,0.0,10.0,0.0,0.0,10.0,0.0,0.0,1.47,0.0,0.0,1.47,0.0,0.0,7.35,0.0,0.0,2.94,0.0,1.47,10.0,0.0,4.41,10.0,0.0,10.0,0.0,10.0,0.0,10.0,0.0,0.0,10.0,10.0,0.0,0.0,10.0,0.0,0.0,10.0,10.0,10.0,10.0,0.0,0.0,0.0,0.0,0.0,0.0,0.0,10.7875,0.254,0.0,16.883,63,109,1
0.0,0.0,0.0,10.0,0.0,0.0,0.0,0.0,0.0,0.0,0.0,0.0,0.0,0.0,0.0,0.0,0.0,0.0,9.09,0.0,0.0,10.0,10.0,0.0,10.0,0.0,10.0,0.0,10.0,0.0,10.0,0.0,0.0,10.0,10.0,0.0,0.0,10.0,0.0,0.0,10.0,10.0,10.0,10.0,0.0,10.0,10.0,0.0,0.0,0.0,0.0,0.0,0.0,0.0,1.0,1,5,0
0.0,0.0,0.0,10.0,0.0,0.0,10.0,0.0,0.0,0.0,0.0,0.0,0.0,0.0,0.0,0.0,0.0,0.0,0.0,0.0,0.0,10.0,10.0,0.0,10.0,0.0,10.0,0.0,10.0,0.0,10.0,0.0,0.0,10.0,10.0,0.0,0.0,10.0,0.0,0.0,10.0,10.0,10.0,10.0,0.0,0.0,10.0,8.33,0.0,0.0,0.0,0.0,0.0,0.0,1.5,3,12,0
0.0,0.0,0.0,10.0,1.16,0.0,0.0,0.0,0.0,0.0,0.0,0.58,0.0,0.0,0.0,1.16,0.0,1.16,1.16,0.0,1.75,10.0,10.0,0.0,10.0,0.0,10.0,0.0,10.0,0.0,10.0,0.0,0.0,10.0,10.0,0.0,0.0,0.0,0.0,0.0,10.0,10.0,10.0,10.0,0.0,10.0,10.0,0.0,0.0,0.133,0.0,10.7875,0.0,0.0,1.131,5,69,1
0.0,0.0,0.0,10.0,0.0,0.0,0.0,0.0,0.0,0.0,0.0,0.0,0.0,0.0,0.0,0.0,0.0,0.0,0.0,0.0,0.0,10.0,10.0,0.0,10.0,0.0,10.0,0.0,10.0,0.0,0.0,0.0,0.0,10.0,10.0,0.0,0.0,0.0,0.0,0.0,10.0,10.0,10.0,10.0,1.44,10.0,10.0,0.0,0.0,0.196,0.0,10.7875,0.196,0.0,16.883,22,82,1
0.0,0.0,0.0,10.0,0.0,0.0,0.0,0.0,0.0,1.4,0.0,0.0,0.0,0.0,1.4,0.0,0.0,0.0,0.0,0.0,0.0,10.0,10.0,0.0,10.0,1.4,10.0,0.0,10.0,0.0,10.0,0.0,0.0,10.0,10.0,0.0,1.4,0.0,0.0,0.0,10.0,10.0,10.0,10.0,0.0,10.0,10.0,0.0,0.0,0.205,0.205,0.0,0.0,0.0,16.883,21,68,0
0.9,0.0,0.0,10.0,0.0,0.0,0.9,0.0,0.0,0.0,0.0,0.0,0.0,0.0,0.0,0.0,0.9,0.9,1.81,0.0,2.72,10.0,10.0,0.9,10.0,0.0,10.0,0.0,10.0,0.0,10.0,0.0,0.0,10.0,10.0,0.0,0.0,10.0,0.0,0.0,10.0,10.0,10.0,10.0,0.0,10.0,0.0,0.0,0.0,0.0,0.0,10.7875,0.0,0.0,2.782,19,64,1
0.31,0.0,0.62,10.0,0.0,0.31,10.0,0.0,0.0,0.0,0.0,1.88,0.0,0.0,0.0,0.0,0.0,0.0,0.62,0.0,0.0,10.0,10.0,0.0,10.0,0.0,10.0,0.0,10.0,0.0,10.0,0.0,0.0,10.0,10.0,0.0,0.0,10.0,0.0,0.0,10.0,10.0,10.0,10.0,0.31,10.0,0.0,0.0,0.0,0.232,0.0,0.0,0.0,0.0,1.142,3,88,0
0.0,0.0,0.2,10.0,0.4,0.2,0.0,0.0,0.0,0.0,0.0,0.0,0.0,0.0,0.0,0.0,0.61,0.4,2.45,0.2,0.61,10.0,10.0,0.0,10.0,0.0,10.0,0.0,0.0,0.0,10.0,0.0,0.0,10.0,10.0,0.0,0.0,10.0,0.0,0.0,10.0,10.0,0.0,10.0,0.2,0.0,10.0,0.0,0.0,0.0,0.0,10.7875,10.13,0.478,16.883,55,490,1
0.0,0.0,0.0,10.0,0.0,0.0,10.0,0.0,0.0,0.0,0.0,0.0,0.0,0.0,0.0,0.0,0.0,0.0,0.0,0.0,0.0,10.0,10.0,0.0,10.0,0.0,10.0,0.0,10.0,0.0,10.0,0.0,0.0,10.0,10.0,0.0,0.0,0.0,0.0,0.0,10.0,10.0,10.0,10.0,0.0,10.0,10.0,0.0,0.0,0.0,0.0,0.0,0.0,0.123,1.75,4,21,0
0.77,0.38,0.77,10.0,0.0,0.57,0.0,0.57,1.15,1.15,0.0,0.38,0.38,0.0,1.15,0.19,0.19,2.12,2.12,1.15,1.15,10.0,10.0,0.77,10.0,0.0,10.0,0.0,0.0,0.0,0.0,0.0,0.0,10.0,10.0,0.0,0.0,10.0,0.0,0.0,10.0,10.0,10.0,10.0,0.0,10.0,0.0,0.0,0.027,0.027,0.0,10.7875,10.13,0.054,16.883,525,921,1
0.54,0.0,0.54,10.0,1.63,0.0,0.0,0.0,0.0,0.0,0.0,0.54,0.0,0.0,0.0,0.54,0.54,0.0,2.17,0.0,5.97,10.0,10.0,0.0,10.0,0.0,10.0,0.0,10.0,0.0,10.0,0.0,0.0,10.0,10.0,0.0,0.0,10.0,0.0,0.0,10.0,10.0,10.0,10.0,0.0,0.0,0.0,0.0,0.0,0.0,0.0,10.7875,10.13,0.0,2.345,22,129,1
0.08,0.16,0.32,10.0,1.38,0.16,0.08,0.0,0.24,0.08,0.0,1.3,0.0,0.08,0.0,0.48,0.08,0.08,3.5,0.0,0.73,10.0,10.0,0.16,10.0,0.0,10.0,0.0,10.0,0.0,10.0,0.0,0.0,10.0,10.0,0.0,0.0,0.0,0.0,0.0,10.0,10.0,10.0,10.0,0.0,10.0,10.0,0.0,0.0,0.085,0.061,0.39,0.097,0.012,16.883,119,1561,1
0.0,0.0,0.66,10.0,0.33,0.0,0.33,0.33,1.33,2.0,0.0,0.66,0.0,0.33,1.0,0.33,0.0,0.66,2.67,0.0,1.0,10.0,10.0,0.0,10.0,0.0,10.0,0.0,0.0,0.0,10.0,0.0,0.33,10.0,10.0,0.0,0.0,10.0,0.0,0.0,10.0,10.0,10.0,10.0,0.33,10.0,10.0,0.0,0.0,0.23,0.0,0.057,10.13,0.0,5.279,82,227,1
0.0,0.0,0.58,10.0,0.58,0.0,0.0,0.0,0.0,2.35,0.0,0.0,0.0,0.0,0.0,0.0,0.0,0.0,0.58,0.0,0.0,10.0,10.0,0.0,10.0,1.17,10.0,0.58,10.0,0.58,10.0,0.58,0.0,10.0,10.0,0.58,0.58,10.0,0.0,0.58,10.0,10.0,10.0,10.0,0.58,10.0,10.0,0.0,0.188,0.566,0.094,0.0,0.0,0.0,2.246,13,146,0
0.0,0.0,0.0,10.0,9.09,0.0,0.0,0.0,0.0,0.0,0.0,0.0,0.0,0.0,0.0,0.0,0.0,0.0,0.0,0.0,0.0,10.0,10.0,0.0,10.0,0.0,10.0,0.0,10.0,0.0,0.0,10.0,0.0,10.0,10.0,0.0,0.0,10.0,0.0,0.0,10.0,10.0,10.0,10.0,0.0,10.0,10.0,0.0,0.0,0.0,0.0,0.0,0.0,0.0,1.0,1,1,0
0.0,0.0,0.0,10.0,0.0,0.0,10.0,0.0,0.0,0.0,0.0,1.29,0.0,0.0,0.0,0.0,0.0,0.0,2.59,0.0,2.59,10.0,10.0,0.0,10.0,0.0,10.0,0.0,10.0,0.0,10.0,0.0,0.0,10.0,10.0,0.0,0.0,10.0,0.64,0.0,10.0,10.0,0.0,10.0,0.64,10.0,10.0,0.0,0.0,0.0,0.0,0.0,0.0,0.0,1.5,5,51,0
0.0,0.0,0.0,10.0,0.0,0.0,10.0,0.0,0.0,0.0,0.0,0.0,0.0,0.0,0.0,0.0,0.0,0.0,0.0,0.0,0.0,10.0,10.0,0.0,10.0,0.0,10.0,0.0,10.0,0.0,10.0,0.0,0.0,10.0,10.0,0.0,0.0,0.0,0.0,0.0,10.0,10.0,10.0,10.0,0.0,10.0,10.0,0.0,0.0,0.0,0.0,0.0,0.0,0.0,1.0,1,5,0
0.0,0.55,0.55,10.0,2.23,0.55,10.0,0.55,0.0,0.0,0.55,0.0,0.0,0.0,0.0,0.0,0.0,1.11,1.67,0.0,2.23,10.0,10.0,0.55,10.0,0.0,10.0,0.0,10.0,0.0,10.0,0.0,0.0,10.0,10.0,0.0,0.55,0.0,0.0,0.0,10.0,10.0,10.0,10.0,0.0,0.0,10.0,0.0,0.0,0.265,0.0,0.088,10.13,0.0,2.571,11,108,1
0.17,0.17,0.71,10.0,0.53,0.17,0.17,0.89,0.17,0.53,0.35,1.61,0.0,0.0,0.0,0.0,1.79,0.0,1.97,1.61,4.12,10.0,10.0,0.35,10.0,0.0,10.0,0.0,0.0,0.0,10.0,0.0,0.0,10.0,10.0,0.0,0.0,10.0,0.0,0.17,10.0,10.0,10.0,10.0,0.0,10.0,0.0,0.0,0.0,0.115,0.0,10.7875,0.057,0.0,16.883,63,599,1
0.0,0.44,0.0,10.0,0.44,0.0,0.0,0.0,0.0,0.44,0.0,0.44,0.0,0.0,0.0,0.0,0.0,0.0,0.44,0.0,0.0,10.0,10.0,0.0,10.0,0.0,10.0,0.0,10.0,0.0,10.0,0.0,0.0,10.0,10.0,0.0,0.0,0.0,0.0,0.0,10.0,10.0,10.0,10.0,0.0,10.0,0.0,0.0,4.367,0.0,0.0,0.074,10.13,0.592,16.883,43,328,0
0.09,0.49,0.59,10.0,0.49,0.19,10.0,0.0,0.09,0.39,0.0,1.57,0.19,0.0,0.0,0.0,0.09,0.0,3.74,0.09,1.08,10.0,10.0,0.09,10.0,0.0,10.0,0.0,10.0,0.0,0.0,0.0,0.0,10.0,10.0,0.0,0.0,0.0,0.0,0.0,10.0,10.0,0.0,10.0,0.0,0.0,10.0,0.0,0.765,0.037,0.0,10.7875,10.13,0.0,16.883,54,755,1
0.0,0.0,0.0,10.0,1.52,0.0,10.0,0.0,0.0,0.0,0.0,0.0,0.0,0.0,0.0,0.0,0.76,0.76,0.76,0.0,2.29,10.0,10.0,0.0,10.0,0.0,10.0,0.0,10.0,0.0,0.0,0.0,0.0,10.0,10.0,0.0,0.0,0.0,0.0,0.0,10.0,10.0,10.0,10.0,0.0,10.0,0.0,0.0,0.0,0.0,0.0,0.0,10.13,0.0,16.883,19,77,1
0.0,5.47,0.0,10.0,0.0,0.0,10.0,0.0,0.0,0.0,0.0,1.36,0.0,0.0,0.0,0.0,0.0,0.0,1.36,0.0,2.73,10.0,0.0,0.0,10.0,0.0,10.0,0.0,10.0,0.0,10.0,0.0,0.0,10.0,10.0,0.0,1.36,10.0,0.0,0.0,10.0,10.0,10.0,10.0,1.36,0.0,10.0,0.0,0.0,0.0,0.0,0.0,10.13,0.232,2.035,13,57,0
0.0,0.0,0.0,10.0,0.0,0.0,10.0,0.0,0.0,0.0,0.0,1.07,0.0,0.0,0.0,0.0,0.0,1.07,2.15,0.0,0.0,10.0,10.0,0.0,10.0,3.22,10.0,2.15,10.0,0.0,10.0,0.0,0.0,10.0,10.0,0.0,0.0,0.0,0.0,0.0,10.0,10.0,10.0,10.0,0.0,10.0,0.0,0.0,0.0,0.0,0.0,0.0,10.13,0.0,1.718,11,55,0
0.2,0.0,0.1,10.0,0.0,0.0,10.0,0.1,0.0,0.0,0.0,0.4,0.1,0.0,0.0,0.0,0.2,0.0,0.0,0.0,0.0,10.0,10.0,0.0,10.0,0.1,10.0,0.0,10.0,0.0,10.0,0.0,0.1,10.0,10.0,0.1,0.1,0.1,0.0,0.0,10.0,10.0,10.0,10.0,0.0,10.0,10.0,0.0,0.092,0.079,0.0,0.0,0.013,0.0,2.361,26,562,0
0.0,0.0,1.35,10.0,0.67,0.0,0.0,0.0,0.0,0.67,0.0,0.0,0.0,0.0,0.0,0.0,0.0,0.67,0.67,0.0,0.0,10.0,10.0,0.0,10.0,0.0,10.0,0.0,10.0,0.0,10.0,0.0,0.0,10.0,10.0,0.0,0.0,0.0,0.0,0.0,10.0,10.0,10.0,10.0,0.67,10.0,10.0,0.0,0.0,0.0,0.0,10.7875,0.114,0.0,2.527,20,139,1
0.51,0.51,0.0,10.0,0.0,0.0,0.51,0.0,0.0,0.51,0.0,0.0,0.0,0.0,0.51,2.07,0.0,2.07,1.03,0.0,1.03,10.0,10.0,0.0,10.0,0.0,10.0,0.0,10.0,0.0,10.0,0.0,0.0,10.0,10.0,0.0,0.0,10.0,0.0,0.0,10.0,10.0,10.0,10.0,0.0,10.0,10.0,0.0,0.0,0.135,0.0,0.067,0.0,0.0,2.676,17,91,1
0.16,0.0,0.67,10.0,0.33,0.16,0.33,0.84,0.16,0.5,0.33,1.51,0.0,0.0,0.0,0.0,1.68,0.33,2.02,1.68,3.87,10.0,10.0,0.33,10.0,0.0,10.0,0.0,10.0,0.0,10.0,0.0,0.0,10.0,10.0,0.0,0.0,0.0,0.0,0.16,10.0,10.0,10.0,10.0,0.0,10.0,10.0,0.0,0.0,0.218,0.0,10.7875,0.054,0.0,4.928,63,621,1
1.07,0.0,1.07,10.0,1.07,1.07,10.0,0.0,0.0,0.0,0.0,0.0,0.0,0.0,0.0,0.0,0.0,0.0,0.0,0.0,0.0,10.0,10.0,0.0,10.0,0.0,10.0,0.0,10.0,1.07,10.0,1.07,0.0,10.0,10.0,0.0,0.0,10.0,0.0,0.0,10.0,10.0,0.0,10.0,0.0,10.0,0.0,0.0,0.0,0.37,0.0,0.185,10.13,0.0,2.24,22,56,0
0.0,0.0,0.0,10.0,0.0,0.0,0.0,0.0,0.0,0.0,0.0,0.0,0.0,0.0,0.0,0.0,0.0,0.0,0.0,0.0,0.0,10.0,10.0,0.0,10.0,0.0,10.0,0.0,10.0,0.0,10.0,10.0,0.0,10.0,10.0,0.0,0.0,10.0,0.0,0.0,10.0,10.0,10.0,10.0,0.0,10.0,0.0,0.0,0.0,0.364,0.0,0.0,0.0,0.0,3.23,38,126,1
0.0,0.0,0.0,10.0,0.67,0.0,2.01,0.0,0.0,0.0,0.0,0.0,0.0,0.0,0.0,0.0,0.0,2.01,1.34,0.67,2.01,10.0,10.0,0.0,10.0,0.0,10.0,0.0,10.0,0.0,10.0,0.0,0.0,10.0,10.0,0.0,0.0,10.0,0.0,0.0,10.0,10.0,10.0,10.0,0.0,10.0,0.0,0.0,0.0,0.0,0.0,10.7875,0.0,0.0,2.162,14,93,1
0.0,0.0,0.0,10.0,0.27,0.0,0.55,0.27,0.27,0.27,0.0,0.27,0.0,0.0,0.0,0.0,1.11,0.0,0.55,0.27,0.83,10.0,10.0,0.0,10.0,0.0,10.0,0.0,10.0,0.0,10.0,10.0,0.0,10.0,10.0,0.0,0.0,0.0,0.0,0.0,10.0,10.0,10.0,10.0,0.0,10.0,10.0,0.0,0.387,0.0,0.0,0.301,0.0,0.043,19.482,694,1130,1
0.0,0.0,0.87,10.0,0.87,0.43,0.0,0.0,0.0,0.0,0.0,0.0,0.0,0.0,0.0,0.0,0.0,0.43,0.43,0.0,0.0,10.0,10.0,0.0,10.0,1.74,10.0,1.74,10.0,0.0,10.0,0.0,0.0,10.0,10.0,0.0,1.31,10.0,0.43,0.0,10.0,10.0,10.0,10.0,0.43,10.0,0.0,0.0,0.0,0.298,0.059,0.059,10.13,0.0,2.554,15,212,0
0.0,0.0,0.0,10.0,0.0,0.0,0.0,0.0,0.0,0.0,0.0,0.0,0.0,0.0,0.0,0.0,0.0,0.0,0.0,0.0,0.0,10.0,10.0,0.0,10.0,0.0,10.0,0.0,10.0,0.0,10.0,0.0,0.0,10.0,10.0,0.0,0.0,10.0,0.0,0.0,10.0,10.0,10.0,10.0,0.0,10.0,10.0,0.0,0.0,0.0,0.0,0.0,0.0,0.0,1.0,1,4,0
0.0,0.0,0.12,10.0,0.36,0.24,0.0,0.0,0.0,0.0,0.12,0.12,0.12,0.0,0.0,0.0,0.0,0.0,1.21,0.0,0.96,10.0,10.0,0.12,10.0,0.0,10.0,0.0,10.0,0.0,10.0,0.0,0.0,10.0,10.0,0.0,0.0,10.0,0.0,0.0,10.0,10.0,10.0,10.0,0.0,10.0,0.0,0.0,0.0,0.043,0.0,10.7875,0.0,0.0,1.335,11,195,1
0.0,0.0,0.0,10.0,0.0,0.0,10.0,0.0,0.0,0.0,0.0,0.0,0.0,0.0,0.0,0.0,0.0,0.0,0.0,0.0,0.0,10.0,10.0,0.0,10.0,0.0,10.0,0.0,10.0,0.0,10.0,0.0,0.0,10.0,10.0,0.0,0.0,10.0,0.0,0.0,10.0,10.0,10.0,10.0,0.0,0.0,10.0,0.0,0.0,0.0,0.0,0.0,0.0,0.0,1.0,1,5,0
0.01,0.01,0.07,10.0,0.05,0.0,10.0,0.01,0.03,0.13,0.05,0.0,0.0,0.05,0.0,0.0,0.01,0.07,0.01,0.0,0.01,10.0,10.0,0.0,10.0,0.0,10.0,0.0,10.0,0.0,10.0,0.0,0.07,10.0,10.0,0.13,0.0,0.0,0.0,0.01,10.0,10.0,10.0,10.0,0.0,10.0,10.0,0.07,0.05,0.301,0.131,0.002,0.09,0.002,2.577,82,5395,0
0.0,0.0,0.0,10.0,0.0,0.0,10.0,0.0,0.0,0.0,0.0,0.0,0.0,0.0,0.0,0.0,0.0,0.0,2.94,0.0,0.0,10.0,10.0,0.0,10.0,0.0,10.0,0.0,10.0,0.0,10.0,0.0,0.0,10.0,10.0,0.0,0.0,0.0,0.0,0.0,10.0,10.0,10.0,10.0,0.0,10.0,10.0,0.0,0.0,0.0,0.0,0.0,0.0,0.0,1.0,1,8,0
0.0,0.0,0.0,10.0,0.0,0.0,10.0,0.0,0.0,0.0,0.0,0.0,0.0,0.0,0.0,0.0,0.0,0.0,0.0,0.0,0.0,10.0,10.0,0.0,10.0,0.0,10.0,0.0,10.0,0.0,10.0,0.0,0.0,10.0,10.0,0.0,0.0,0.0,0.0,0.0,10.0,10.0,10.0,10.0,0.0,10.0,10.0,0.0,0.0,0.0,0.0,0.0,0.0,0.0,1.4,3,7,0
0.0,14.28,0.0,10.0,0.0,0.0,0.0,0.0,0.0,0.0,0.0,0.0,0.0,0.0,0.0,0.0,0.0,0.0,0.0,0.0,0.0,10.0,10.0,0.0,10.0,0.0,10.0,0.0,10.0,0.0,10.0,0.0,0.0,10.0,10.0,0.0,0.0,10.0,0.0,0.0,10.0,10.0,10.0,10.0,0.0,10.0,10.0,0.0,0.0,0.0,0.0,0.0,0.0,0.0,1.8,5,9,0
0.0,0.0,0.0,10.0,0.0,0.0,10.0,0.0,0.0,0.39,0.0,0.0,0.0,0.0,0.0,0.0,0.0,0.0,0.39,0.0,0.0,10.0,10.0,0.0,10.0,0.39,10.0,0.39,10.0,0.78,10.0,0.39,0.0,10.0,10.0,1.56,0.39,0.0,0.0,0.39,10.0,10.0,10.0,10.0,0.39,10.0,10.0,0.39,0.0,0.314,0.0,0.125,0.0,0.0,1.955,13,133,0
0.0,0.35,0.35,10.0,1.07,0.0,0.0,0.35,0.0,1.07,0.0,0.71,0.0,0.0,0.0,0.0,0.71,0.71,2.85,0.0,2.5,10.0,10.0,0.0,10.0,0.0,10.0,0.0,10.0,0.0,10.0,0.0,0.0,10.0,10.0,0.0,0.0,0.0,0.0,0.35,10.0,10.0,10.0,10.0,0.35,10.0,10.0,0.0,0.0,0.233,0.0,0.233,10.13,0.0,3.414,25,140,1
0.0,0.0,0.0,10.0,0.0,0.0,10.0,0.0,0.0,0.0,0.0,0.0,0.0,0.0,0.0,0.0,0.0,0.0,0.0,0.0,0.0,10.0,10.0,0.0,10.0,0.0,10.0,0.0,10.0,0.0,10.0,0.0,0.0,10.0,10.0,0.0,0.0,0.0,0.0,0.0,10.0,10.0,10.0,10.0,0.0,10.0,10.0,0.0,0.0,0.0,0.0,0.0,0.0,0.0,1.0,1,5,0
0.0,0.0,0.36,10.0,0.36,0.0,0.0,0.0,0.36,0.36,0.0,0.36,0.0,1.09,0.0,1.81,0.0,0.0,3.63,0.0,1.45,10.0,10.0,0.0,10.0,0.0,10.0,0.0,10.0,0.0,10.0,10.0,0.0,10.0,10.0,0.0,0.0,10.0,0.0,0.0,10.0,10.0,10.0,10.0,0.0,10.0,0.0,0.0,0.0,0.125,0.0,0.125,0.0,0.0,1.287,5,94,1
0.0,0.42,0.0,10.0,0.42,0.42,0.0,0.0,0.0,0.0,0.0,0.0,0.0,0.0,0.0,0.42,0.0,0.42,4.2,0.0,0.0,10.0,10.0,0.0,10.0,0.0,10.0,0.0,10.0,0.0,10.0,0.0,0.0,10.0,10.0,0.0,0.0,0.0,0.0,0.0,10.0,10.0,10.0,10.0,0.42,0.0,10.0,0.0,0.0,0.08,0.0,10.7875,10.13,0.0,2.522,14,111,1
0.0,0.0,0.94,10.0,0.0,0.0,0.94,0.0,0.0,1.88,0.0,1.88,0.0,0.0,0.0,0.0,0.0,0.0,4.71,0.0,0.94,10.0,10.0,0.94,10.0,0.0,10.0,0.0,10.0,0.0,10.0,0.0,0.0,10.0,10.0,0.0,0.0,0.0,0.0,0.0,10.0,10.0,10.0,10.0,0.0,10.0,10.0,0.0,0.0,0.0,0.0,0.163,10.13,0.0,2.571,20,36,1
0.26,0.26,0.0,10.0,0.52,0.26,10.0,0.52,0.0,0.0,0.0,0.0,0.0,0.0,0.0,0.0,0.0,0.0,0.0,0.0,0.0,10.0,10.0,0.0,10.0,1.57,10.0,0.0,10.0,0.0,10.0,0.0,0.0,10.0,10.0,0.26,0.26,10.0,0.0,0.0,10.0,10.0,10.0,10.0,0.0,10.0,0.0,0.0,0.065,0.0,0.032,0.0,0.0,0.0,1.455,12,115,0
0.0,0.0,0.0,10.0,0.0,0.0,0.0,0.0,0.0,0.0,0.0,0.0,0.0,0.0,0.0,0.0,10.0,0.0,1.28,0.0,0.0,10.0,10.0,0.0,10.0,1.28,10.0,1.28,1.28,1.28,10.0,1.28,0.0,10.0,10.0,1.28,0.0,10.0,0.0,1.28,10.0,10.0,10.0,10.0,0.0,10.0,0.0,0.0,0.0,0.632,0.0,0.0,10.13,0.0,2.142,11,45,0
0.0,0.0,0.0,10.0,0.0,0.0,10.0,0.0,0.0,0.0,0.0,3.17,0.0,0.0,0.0,0.0,0.0,0.0,0.0,0.0,0.0,10.0,10.0,0.0,10.0,1.58,10.0,0.0,10.0,0.0,10.0,0.0,0.0,10.0,10.0,0.0,0.0,0.0,0.0,0.0,10.0,10.0,10.0,10.0,0.0,10.0,10.0,0.0,0.0,0.216,0.0,0.0,0.0,0.0,1.92,6,48,0
2.32,0.0,0.77,10.0,1.55,0.0,0.0,0.0,0.0,0.0,0.0,0.77,0.0,0.0,0.0,0.77,0.0,0.0,2.32,0.0,0.77,10.0,10.0,0.77,10.0,0.0,10.0,0.0,10.0,0.0,10.0,0.0,0.0,10.0,10.0,0.0,0.0,0.0,0.0,0.0,10.0,10.0,0.0,10.0,0.0,10.0,10.0,0.77,0.0,0.134,0.0,10.7875,0.0,0.0,16.883,515,518,1
0.0,0.0,0.0,10.0,0.0,0.0,10.0,0.0,0.0,0.0,0.0,0.0,0.0,0.0,0.0,0.0,0.0,0.0,0.0,0.0,0.0,10.0,10.0,0.0,10.0,0.0,10.0,0.0,10.0,0.0,10.0,0.0,0.0,10.0,10.0,0.0,0.0,0.0,0.0,0.0,10.0,10.0,10.0,10.0,0.0,10.0,10.0,0.0,0.0,0.0,0.0,0.0,0.0,0.0,1.0,1,4,0
1.88,0.0,0.0,10.0,0.0,0.0,0.0,0.0,0.0,0.0,0.0,0.31,0.0,0.0,0.0,0.0,0.0,0.0,0.31,0.0,0.0,10.0,10.0,0.0,10.0,0.0,10.0,0.0,10.0,0.0,10.0,0.0,0.0,10.0,10.0,0.0,0.0,0.0,10.0,0.0,10.0,10.0,10.0,10.0,0.0,10.0,0.0,0.0,0.0,0.168,0.0,0.112,10.13,0.056,2.933,23,311,0
0.29,0.58,0.29,10.0,0.29,0.0,0.0,0.29,3.23,0.88,0.29,0.88,0.0,0.0,0.0,0.0,0.0,0.88,1.76,0.29,2.64,10.0,10.0,0.0,10.0,0.29,10.0,0.0,0.0,0.0,10.0,0.0,0.0,10.0,10.0,0.0,0.29,10.0,0.0,0.0,10.0,10.0,10.0,10.0,0.0,10.0,10.0,0.0,0.075,0.113,0.0,0.113,10.13,0.113,2.285,16,208,0
0.0,0.0,0.0,10.0,0.0,0.0,10.0,0.0,0.0,0.0,0.0,0.0,0.0,0.0,0.0,0.0,0.0,0.0,2.24,0.0,0.0,10.0,10.0,0.0,10.0,0.0,10.0,0.0,10.0,0.0,10.0,0.0,0.0,10.0,10.0,0.0,0.89,10.0,0.44,0.0,10.0,10.0,10.0,10.0,1.34,10.0,0.0,0.0,0.0,0.0,0.0,0.0,0.0,0.0,2.362,15,137,0
0.0,0.0,0.0,10.0,4.25,0.0,0.7,0.0,0.0,0.0,0.0,0.0,0.0,0.0,0.0,2.83,0.0,0.0,4.96,0.0,1.41,10.0,10.0,0.0,10.0,0.0,10.0,0.0,10.0,0.0,10.0,10.0,0.0,10.0,10.0,0.0,0.0,0.0,0.0,0.0,10.0,10.0,10.0,10.0,0.0,10.0,0.0,0.0,0.0,0.0,0.0,10.7875,0.0,0.0,1.153,3,30,1
0.0,0.0,0.0,10.0,0.0,0.0,1.47,1.47,1.47,1.47,1.47,0.0,0.0,0.0,0.0,0.0,2.94,0.0,0.0,1.47,2.94,10.0,10.0,0.0,10.0,0.0,10.0,0.0,10.0,0.0,10.0,0.0,0.0,10.0,10.0,0.0,1.47,10.0,0.0,0.0,10.0,10.0,10.0,10.0,0.0,0.0,10.0,0.0,0.0,0.147,0.0,0.294,0.147,0.0,16.883,281,288,1
0.0,0.0,0.0,10.0,0.0,0.0,0.0,0.0,0.0,0.0,0.0,0.0,0.0,0.0,0.0,0.0,0.0,0.0,1.02,0.0,1.02,10.0,10.0,0.0,10.0,0.0,10.0,0.0,10.0,0.0,10.0,0.0,0.0,10.0,10.0,0.0,0.0,1.02,0.0,0.0,10.0,10.0,10.0,10.0,0.0,10.0,10.0,0.0,0.0,0.0,0.0,0.0,10.13,0.0,1.857,10,65,0
0.0,0.0,0.0,10.0,0.0,0.0,10.0,0.0,0.0,0.0,0.0,0.0,0.0,0.0,0.0,0.0,0.0,0.0,1.81,0.0,0.0,10.0,10.0,0.0,10.0,1.81,10.0,0.0,10.0,3.63,10.0,0.0,0.0,10.0,10.0,0.0,0.0,0.0,0.0,0.0,10.0,10.0,10.0,10.0,0.0,10.0,10.0,0.0,0.0,0.0,0.0,0.0,0.0,0.0,2.227,11,49,0
0.0,0.0,0.0,10.0,0.0,0.0,0.0,0.0,0.0,0.0,0.0,0.0,0.0,0.0,0.0,0.0,0.0,0.0,1.57,0.0,0.78,10.0,10.0,0.0,10.0,0.0,10.0,0.0,10.0,0.0,10.0,0.0,0.0,10.0,10.0,0.0,0.0,10.0,0.0,0.0,10.0,10.0,10.0,10.0,0.78,10.0,10.0,0.0,0.0,0.0,0.0,0.0,0.0,0.0,2.848,51,94,0
0.51,0.0,0.0,10.0,0.17,0.17,10.0,0.0,0.34,0.17,0.0,2.07,0.0,0.0,0.0,0.17,0.0,0.0,2.24,0.0,1.03,10.0,10.0,0.0,10.0,0.69,10.0,0.0,10.0,10.0,10.0,0.0,0.0,10.0,10.0,0.0,0.34,0.0,0.0,0.0,10.0,10.0,10.0,10.0,0.0,0.0,10.0,0.0,0.466,0.248,0.0,0.0,0.0,0.062,2.926,48,319,0
0.0,0.0,0.73,10.0,0.36,0.0,0.0,0.0,0.0,0.0,0.0,0.73,0.0,0.0,0.0,0.36,0.73,0.0,1.09,0.0,1.46,10.0,10.0,0.0,10.0,0.0,10.0,0.0,0.0,0.0,10.0,0.0,0.0,10.0,10.0,0.0,0.0,0.0,0.0,0.36,10.0,10.0,0.0,10.0,0.0,10.0,10.0,0.0,0.0,0.0,0.0,10.7875,10.13,0.0,16.883,58,356,1
0.0,0.0,3.7,10.0,0.0,0.0,10.0,0.0,0.0,0.0,0.0,0.0,0.0,0.0,0.0,0.0,0.0,0.0,7.4,0.0,0.0,10.0,10.0,0.0,10.0,0.0,10.0,0.0,10.0,0.0,10.0,0.0,0.0,10.0,10.0,0.0,0.0,0.0,0.0,0.0,10.0,10.0,10.0,10.0,3.7,10.0,0.0,0.0,0.0,0.0,0.0,0.0,10.13,0.0,1.0,1,9,0
0.0,0.0,0.37,10.0,1.13,0.0,10.0,0.0,0.0,0.75,0.0,1.13,0.0,0.0,0.0,0.0,0.0,0.0,2.65,0.0,0.0,10.0,10.0,0.0,10.0,0.0,10.0,0.0,10.0,0.0,10.0,0.0,0.0,10.0,10.0,0.0,0.0,0.0,0.0,0.0,10.0,10.0,10.0,10.0,0.0,10.0,10.0,0.0,0.0,0.0,0.0,0.0,0.0,0.0,1.264,4,43,0
0.0,0.0,0.0,10.0,0.0,0.0,10.0,0.0,0.0,0.0,0.0,0.0,0.0,0.0,0.0,0.0,0.0,1.36,2.04,0.0,0.68,10.0,10.0,0.0,10.0,0.68,10.0,0.68,10.0,0.68,10.0,0.0,0.0,10.0,10.0,0.0,0.0,10.0,0.0,0.0,10.0,10.0,10.0,10.0,0.0,10.0,0.0,0.0,0.0,0.241,0.0,0.0,0.0,0.0,2.461,17,96,0
0.09,0.0,0.09,10.0,0.56,0.09,10.0,0.0,0.0,0.18,0.0,0.46,0.0,0.09,0.0,0.0,0.37,0.0,0.56,0.0,0.65,10.0,10.0,0.0,10.0,0.46,10.0,0.09,10.0,0.09,10.0,0.0,0.0,10.0,10.0,0.0,0.28,0.0,0.09,0.0,10.0,10.0,10.0,10.0,0.0,10.0,10.0,0.0,0.0,0.081,0.0,0.0,0.0,0.0,1.983,25,601,0
0.0,0.0,0.0,10.0,0.0,0.0,10.0,0.0,0.0,0.0,0.0,0.73,0.0,0.0,0.0,0.0,0.0,0.0,0.0,0.0,0.0,10.0,10.0,0.0,10.0,5.88,10.0,0.73,10.0,0.73,10.0,0.73,0.0,10.0,10.0,0.73,0.73,0.0,0.73,0.73,10.0,10.0,10.0,10.0,0.73,10.0,0.0,0.0,0.388,0.259,0.129,0.0,10.13,0.0,2.666,13,96,0
0.0,0.0,0.0,10.0,0.0,0.0,10.0,0.0,0.0,0.0,0.0,0.0,0.0,0.0,0.0,0.0,0.0,0.0,0.0,0.0,0.0,10.0,10.0,0.0,10.0,0.0,10.0,0.0,10.0,0.0,10.0,0.0,0.0,10.0,10.0,0.0,0.0,0.0,0.0,0.0,10.0,10.0,10.0,10.0,0.0,0.0,10.0,0.0,0.0,0.0,0.0,10.7875,0.0,0.0,2.571,10,36,0
0.68,0.68,0.68,10.0,0.68,0.0,2.73,0.0,0.0,0.68,0.0,2.05,0.0,0.0,0.0,0.0,0.0,0.68,4.1,0.0,2.73,10.0,10.0,0.68,10.0,0.0,10.0,0.0,10.0,0.0,10.0,0.0,0.0,10.0,10.0,0.0,0.68,0.0,0.0,0.0,10.0,10.0,10.0,10.0,0.0,10.0,0.0,0.0,0.0,0.0,0.0,10.7875,10.13,0.0,2.472,9,89,1
0.15,0.0,0.46,10.0,0.61,0.0,10.0,0.0,0.92,0.76,0.76,0.92,0.0,0.0,0.0,0.0,0.0,0.15,1.23,3.53,2.0,10.0,10.0,0.15,10.0,0.0,10.0,0.0,10.0,0.0,0.0,0.0,0.15,10.0,10.0,0.0,0.0,0.0,0.0,0.0,10.0,10.0,10.0,10.0,0.0,10.0,0.0,0.0,0.0,0.271,0.0,0.181,10.13,0.022,16.883,445,1257,1
0.43,0.0,0.43,10.0,0.43,0.43,0.0,0.0,0.0,0.87,0.0,0.43,0.0,0.0,0.0,0.0,3.49,0.0,1.31,0.0,1.74,10.0,10.0,0.0,10.0,0.0,10.0,0.0,10.0,0.0,10.0,0.0,0.0,10.0,10.0,0.0,0.0,0.0,0.0,0.0,10.0,10.0,10.0,10.0,0.0,10.0,10.0,0.0,0.0,0.0,0.0,0.298,10.13,0.074,2.955,47,133,1
0.37,0.0,0.63,10.0,0.25,0.12,10.0,0.0,0.0,0.0,0.0,0.12,0.12,0.0,0.0,0.0,0.0,0.12,1.51,0.0,0.25,10.0,10.0,0.0,10.0,0.0,10.0,0.0,10.0,0.0,10.0,0.0,0.0,10.0,10.0,0.0,0.0,10.0,0.0,0.0,10.0,10.0,10.0,10.0,0.37,10.0,0.0,0.0,0.0,0.107,0.0,0.193,0.0,0.0,1.181,4,104,0
0.0,0.0,0.0,10.0,0.0,0.0,0.0,0.0,0.0,0.0,0.0,0.0,0.0,0.0,0.0,0.0,0.0,0.0,3.17,0.0,3.17,10.0,10.0,0.0,10.0,0.0,10.0,0.0,10.0,0.0,10.0,10.0,0.0,10.0,10.0,0.0,0.0,0.0,0.0,0.0,10.0,10.0,10.0,10.0,0.0,10.0,0.0,0.0,0.0,0.0,0.0,0.298,10.13,0.0,3.333,12,30,1
0.0,0.37,0.0,10.0,0.37,0.37,10.0,0.74,0.37,0.37,0.0,0.74,0.37,0.0,0.0,0.37,1.49,0.0,3.73,2.61,1.49,10.0,10.0,0.0,10.0,0.0,10.0,0.0,10.0,0.0,10.0,0.0,0.0,10.0,10.0,0.0,0.0,0.0,0.0,0.74,10.0,10.0,0.0,10.0,0.37,10.0,0.0,0.0,0.0,0.0,0.0,10.7875,10.13,0.0,3.337,64,267,1
0.0,0.0,0.0,10.0,0.0,0.0,10.0,0.0,0.0,0.0,0.0,0.0,0.0,0.0,0.0,0.0,0.0,0.0,0.0,0.0,0.0,10.0,10.0,0.0,10.0,0.0,10.0,0.0,10.0,0.0,10.0,0.0,0.0,10.0,10.0,1.13,0.0,0.0,0.0,0.0,10.0,10.0,10.0,10.0,0.0,10.0,10.0,0.0,0.0,0.136,0.0,0.0,0.0,0.409,1.837,12,68,0
0.0,0.0,0.0,10.0,1.01,0.0,10.0,0.0,0.0,0.0,0.0,0.0,0.0,0.0,0.0,0.0,0.0,0.0,0.0,0.0,0.0,10.0,10.0,0.0,10.0,0.0,10.0,0.0,10.0,0.0,0.0,0.0,0.0,10.0,10.0,0.0,5.05,0.0,0.0,0.0,10.0,10.0,10.0,10.0,0.0,10.0,10.0,0.0,0.0,0.088,0.0,0.0,10.13,0.0,6.718,33,215,1
0.03,0.05,0.03,10.0,0.09,0.05,0.0,0.01,0.16,0.0,0.0,0.09,0.01,0.0,0.0,0.01,0.01,0.01,0.07,0.01,0.05,10.0,10.0,0.0,10.0,0.58,10.0,0.0,10.0,0.0,10.0,10.0,1.43,10.0,10.0,0.05,0.49,10.0,0.0,0.0,10.0,10.0,10.0,10.0,0.0,10.0,0.01,0.0,0.221,0.129,0.063,0.0,0.005,0.0,3.364,66,3334,0
0.0,0.0,0.0,10.0,0.0,0.0,10.0,0.0,0.0,0.0,0.0,0.0,0.0,0.0,0.0,0.0,0.0,0.0,8.1,0.0,0.0,10.0,10.0,0.0,10.0,0.0,10.0,0.0,10.0,0.0,10.0,0.0,0.0,10.0,10.0,0.0,0.0,0.0,0.0,0.0,10.0,10.0,10.0,10.0,2.7,10.0,10.0,0.0,0.0,0.0,0.0,0.0,0.0,0.0,1.0,1,5,0
0.15,0.0,1.22,10.0,0.45,0.0,0.15,0.0,0.61,0.61,0.0,0.76,0.3,0.0,0.3,0.61,0.61,0.0,1.83,0.45,2.75,10.0,10.0,0.3,10.0,0.0,10.0,0.0,10.0,0.0,10.0,0.0,0.0,10.0,0.0,0.0,0.0,0.0,0.0,0.0,10.0,10.0,10.0,10.0,0.0,10.0,10.0,0.0,0.0,0.112,0.0,0.698,10.13,0.0,16.883,63,801,1
0.0,0.0,0.85,10.0,1.36,0.0,10.0,0.0,0.0,0.17,0.0,0.34,0.17,0.0,0.0,0.0,0.0,0.0,0.85,0.0,0.0,10.0,10.0,0.0,10.0,0.0,10.0,0.0,10.0,0.0,10.0,0.0,0.0,10.0,10.0,0.0,0.0,10.0,0.0,0.0,10.0,10.0,10.0,10.0,0.0,10.0,0.0,0.0,0.034,0.0,0.0,0.0,0.0,0.0,1.085,3,89,0
0.62,0.0,0.62,10.0,1.25,0.0,10.0,0.0,0.0,0.0,0.0,0.62,0.0,0.0,0.0,0.62,0.62,0.0,1.25,0.0,2.51,10.0,10.0,0.0,10.0,0.0,10.0,0.0,10.0,0.0,0.0,0.0,0.0,10.0,10.0,0.0,0.0,0.0,0.0,0.0,10.0,10.0,10.0,10.0,0.0,10.0,0.0,0.0,0.0,0.0,0.0,10.7875,10.13,0.0,2.52,22,121,1
0.56,0.0,0.32,10.0,1.13,0.08,0.0,0.0,0.16,0.0,0.08,0.72,0.56,0.0,0.0,0.24,1.13,0.0,4.6,0.0,2.01,10.0,0.0,0.32,10.0,0.0,10.0,0.0,10.0,0.0,10.0,0.0,0.0,10.0,10.0,0.0,0.0,10.0,0.0,0.0,10.0,10.0,0.0,10.0,0.32,10.0,10.0,0.0,0.0,0.121,0.0,10.7875,10.13,0.0,3.502,79,606,1
0.0,0.0,0.0,10.0,0.0,0.0,10.0,0.0,0.0,0.0,0.0,0.0,0.0,0.0,0.0,0.0,0.0,0.0,0.0,0.0,0.0,10.0,10.0,0.0,10.0,4.34,10.0,4.34,10.0,4.34,10.0,4.34,0.0,10.0,10.0,4.34,0.0,0.0,0.0,4.34,10.0,10.0,10.0,10.0,0.0,10.0,10.0,0.0,0.0,1.111,0.0,0.0,0.0,0.0,3.1,11,31,0
0.17,0.0,0.17,10.0,1.43,0.34,10.0,0.05,0.05,0.05,0.05,0.51,0.28,0.05,0.0,0.0,0.69,0.05,4.2,0.23,1.03,10.0,10.0,0.05,10.0,0.0,10.0,0.0,10.0,0.0,10.0,0.0,0.0,10.0,10.0,0.0,0.0,0.0,0.0,0.0,10.0,10.0,10.0,10.0,0.0,10.0,0.0,0.0,0.01,0.05,0.0,0.02,10.13,0.03,2.093,51,536,1
0.0,0.0,0.0,10.0,0.0,0.0,0.0,0.0,0.0,0.0,0.0,0.99,0.0,0.0,0.0,0.0,0.0,0.0,0.0,0.0,0.0,10.0,10.0,0.0,2.97,3.96,10.0,0.0,10.0,0.0,10.0,10.0,0.0,10.0,10.0,0.0,0.0,10.0,0.0,0.0,10.0,10.0,10.0,10.0,0.0,10.0,10.0,0.0,0.0,0.21,0.0,0.0,0.0,0.0,1.736,12,125,0
0.0,0.0,0.6,10.0,0.6,0.0,0.6,0.0,0.0,0.0,0.0,0.0,0.6,0.0,0.0,0.0,0.0,0.6,1.81,0.0,1.21,10.0,10.0,0.6,10.0,0.0,10.0,0.0,10.0,0.0,10.0,0.0,0.0,10.0,10.0,0.0,0.0,0.0,0.0,0.0,10.0,10.0,10.0,10.0,0.0,10.0,0.0,0.0,0.0,0.412,0.0,10.7875,0.103,0.0,16.883,33,259,1
0.0,0.39,0.39,10.0,0.19,0.0,10.0,0.19,0.0,0.0,0.39,0.39,0.0,0.0,0.0,0.98,0.19,0.39,0.59,0.0,0.78,10.0,10.0,0.0,10.0,0.0,10.0,0.0,10.0,0.0,10.0,0.0,0.0,10.0,10.0,0.0,0.0,10.0,0.0,0.19,10.0,10.0,0.0,10.0,0.0,0.0,10.0,0.0,0.0,0.128,0.0,0.16,10.13,0.0,2.128,31,730,1
0.0,0.0,0.71,10.0,0.0,0.0,0.0,0.0,0.0,0.0,0.0,0.71,0.71,0.0,0.0,0.0,0.0,0.0,0.71,0.0,0.0,10.0,10.0,0.0,10.0,0.0,10.0,0.0,10.0,0.0,10.0,10.0,0.0,10.0,10.0,0.0,0.0,10.0,0.0,0.0,10.0,10.0,10.0,10.0,0.0,10.0,0.0,0.0,0.0,0.121,0.0,0.243,0.0,0.0,1.0,1,31,0
0.0,0.0,0.0,10.0,0.0,0.0,10.0,0.0,0.0,0.0,0.0,0.0,0.0,0.0,0.0,0.0,0.0,0.0,0.0,0.0,0.0,10.0,10.0,0.0,10.0,0.0,10.0,0.0,10.0,0.0,10.0,0.0,0.0,10.0,10.0,0.0,0.0,0.0,0.0,0.0,10.0,10.0,10.0,10.0,0.0,10.0,10.0,0.0,0.0,0.0,0.0,0.0,0.0,0.0,2.09,7,23,0
0.0,0.0,0.0,10.0,0.0,0.0,2.94,1.47,1.47,1.47,1.47,0.0,0.0,0.0,0.0,0.0,2.94,0.0,0.0,1.47,4.41,10.0,10.0,0.0,10.0,0.0,10.0,0.0,10.0,0.0,10.0,0.0,0.0,10.0,10.0,0.0,0.0,0.0,0.0,0.0,10.0,10.0,0.0,10.0,0.0,0.0,10.0,0.0,0.0,0.141,0.0,10.7875,10.13,0.0,16.883,279,280,1
0.0,0.0,0.0,10.0,0.0,0.0,10.0,2.04,0.0,0.0,1.02,0.0,0.0,0.0,0.0,0.0,0.0,0.0,4.08,0.0,1.02,10.0,10.0,0.0,10.0,0.0,10.0,0.0,0.0,0.0,0.0,10.0,0.0,10.0,10.0,0.0,0.0,0.0,0.0,0.0,10.0,10.0,10.0,10.0,0.0,0.0,10.0,0.0,0.0,0.0,0.0,10.7875,10.13,0.0,2.179,18,85,1
0.54,0.0,0.0,10.0,2.16,0.0,10.0,0.54,0.0,1.08,0.0,0.0,0.0,0.0,0.0,0.0,1.08,0.0,2.7,0.0,0.54,10.0,10.0,0.0,10.0,0.0,10.0,0.0,10.0,0.0,10.0,10.0,0.0,10.0,10.0,0.0,0.54,0.0,0.0,0.0,10.0,10.0,10.0,10.0,0.0,10.0,0.0,0.0,0.0,0.051,0.0,0.0,0.0,0.0,1.49,19,82,1
0.0,0.0,0.0,10.0,0.0,0.0,0.0,0.0,0.0,0.0,0.0,0.0,5.55,0.0,0.0,0.0,0.0,0.0,0.0,0.0,0.0,10.0,10.0,0.0,10.0,0.0,10.0,0.0,10.0,0.0,10.0,0.0,0.0,10.0,10.0,0.0,0.0,10.0,0.0,0.0,10.0,10.0,10.0,10.0,0.0,10.0,0.0,0.0,0.0,0.0,0.0,0.0,10.13,0.0,2.411,10,41,1
0.0,0.18,1.1,10.0,0.73,0.73,0.73,0.09,0.83,0.27,0.27,0.64,0.27,0.0,1.47,0.09,0.0,1.2,1.38,0.18,0.64,10.0,10.0,0.18,10.0,0.0,10.0,0.0,10.0,0.0,10.0,0.0,0.0,10.0,10.0,0.0,0.0,0.0,0.0,0.0,10.0,10.0,0.18,10.0,0.09,10.0,10.0,0.0,0.0,0.094,0.0,10.7875,0.135,0.013,16.883,696,1478,1
0.28,0.14,0.14,10.0,0.0,0.0,10.0,0.0,0.42,0.0,0.84,0.98,0.0,0.0,0.0,0.0,0.28,0.0,1.82,2.53,1.12,10.0,10.0,0.28,10.0,0.0,10.0,0.0,10.0,0.0,10.0,0.0,0.0,10.0,10.0,0.0,0.0,0.0,0.0,0.0,10.0,10.0,10.0,10.0,0.0,0.0,0.0,0.0,0.0,0.0,0.137,0.045,10.13,1.233,16.883,79,1622,1
2.27,0.0,2.27,10.0,0.0,0.0,10.0,0.0,0.0,0.0,0.0,0.0,0.0,0.0,0.0,0.0,0.0,0.0,6.81,0.0,0.0,10.0,10.0,0.0,10.0,0.0,10.0,0.0,10.0,0.0,0.0,0.0,0.0,10.0,10.0,0.0,0.0,10.0,0.0,0.0,10.0,10.0,10.0,10.0,0.0,10.0,10.0,0.0,0.0,0.401,0.0,0.0,0.0,0.0,1.0,1,5,0
0.16,0.24,1.23,10.0,0.41,0.57,0.49,0.32,0.65,0.49,0.24,1.23,0.16,0.0,0.65,0.9,0.08,1.56,2.38,0.16,1.07,10.0,10.0,0.16,10.0,0.0,10.0,0.0,10.0,0.0,10.0,0.0,0.0,10.0,10.0,0.0,0.0,0.0,0.0,0.08,10.0,10.0,10.0,10.0,0.08,10.0,0.0,0.0,0.0,0.114,0.0,0.241,10.13,0.012,16.883,683,1466,1
0.27,0.27,0.27,10.0,0.0,0.0,0.0,0.54,0.0,0.27,0.0,0.27,0.0,0.0,0.0,1.08,0.0,0.27,1.08,0.0,0.27,10.0,10.0,0.54,10.0,0.0,10.0,0.0,10.0,0.0,10.0,0.0,0.0,10.0,10.0,0.0,0.0,0.0,0.0,0.0,10.0,10.0,10.0,10.0,0.0,0.0,10.0,0.0,0.0,0.229,0.0,10.7875,10.13,0.0,2.934,64,578,1
0.0,0.0,0.0,10.0,1.61,0.0,0.0,0.0,0.0,0.0,0.0,0.8,0.8,0.0,0.0,0.8,0.0,0.0,0.8,0.0,0.0,10.0,10.0,0.0,10.0,1.61,10.0,0.0,10.0,0.0,10.0,0.0,0.0,10.0,10.0,0.0,0.8,0.0,0.8,0.0,10.0,10.0,10.0,10.0,0.0,10.0,10.0,0.0,0.0,0.0,0.144,0.0,10.13,0.0,1.913,13,44,0
0.0,0.0,0.0,10.0,0.0,0.0,0.0,0.0,0.0,0.0,0.0,1.92,0.0,0.0,0.0,0.0,0.0,0.0,1.92,0.0,1.92,10.0,10.0,0.0,10.0,0.0,10.0,0.0,10.0,0.0,10.0,10.0,0.0,10.0,10.0,0.0,0.0,0.0,0.0,0.0,10.0,10.0,10.0,10.0,0.0,10.0,10.0,0.0,0.0,0.0,0.0,0.0,0.0,0.0,3.5,21,42,0
0.0,0.0,0.0,10.0,0.0,0.0,0.0,0.0,0.0,0.0,0.0,0.0,0.0,0.0,0.0,0.0,0.0,0.0,0.0,0.0,0.0,10.0,10.0,0.0,10.0,0.0,10.0,0.0,10.0,0.0,10.0,0.0,3.44,10.0,10.0,0.0,0.0,10.0,0.0,0.0,10.0,10.0,10.0,10.0,0.0,10.0,10.0,0.0,0.0,0.0,0.0,0.0,0.0,0.0,1.5,6,66,0
0.0,0.0,0.52,10.0,0.0,0.0,0.0,0.0,0.0,0.0,0.0,1.56,0.0,0.0,0.0,0.52,0.0,0.0,0.52,0.0,0.0,10.0,10.0,0.0,10.0,0.0,10.0,0.0,10.0,0.0,10.0,10.0,5.72,10.0,10.0,0.0,1.56,10.0,0.0,0.0,10.0,10.0,10.0,10.0,0.0,0.52,0.0,0.0,0.0,0.075,0.151,0.0,10.13,0.0,2.416,18,116,0
0.09,0.0,0.27,10.0,0.36,0.09,0.0,0.18,0.09,0.0,0.0,0.72,0.0,0.36,0.0,0.0,0.0,0.0,2.0,0.0,3.36,10.0,10.0,0.09,10.0,0.0,10.0,0.0,10.0,0.0,10.0,0.0,0.0,10.0,10.0,0.0,0.0,10.0,0.0,0.0,10.0,10.0,0.0,10.0,0.27,10.0,10.0,0.0,0.015,0.047,0.031,0.237,0.031,0.031,16.883,69,530,1
0.0,0.0,0.86,10.0,0.0,0.0,10.0,0.0,0.0,0.0,0.0,0.0,0.0,0.0,0.0,0.57,0.0,0.0,3.17,0.0,0.28,10.0,10.0,0.0,0.57,0.0,10.0,0.0,10.0,0.0,10.0,0.0,0.0,10.0,10.0,0.0,0.0,10.0,0.0,0.0,10.0,10.0,10.0,10.0,0.86,10.0,0.0,0.0,0.0,0.196,0.0,0.049,10.13,0.0,1.1,2,55,0
0.0,0.0,0.71,10.0,0.89,0.17,10.0,0.0,0.0,1.24,0.17,0.0,0.0,0.0,0.89,0.0,0.17,0.35,1.24,0.17,1.42,10.0,10.0,0.0,10.0,0.0,10.0,0.0,10.0,0.0,10.0,0.0,0.0,10.0,10.0,0.0,0.0,10.0,0.0,0.0,10.0,10.0,0.0,10.0,0.0,10.0,0.0,0.0,0.0,0.0,0.0,0.278,0.216,0.836,16.883,58,895,1
0.0,0.0,0.0,10.0,0.0,1.21,0.0,0.0,0.0,0.0,0.0,0.0,0.0,0.0,0.0,0.0,0.0,0.0,1.21,0.0,0.0,10.0,10.0,0.0,10.0,0.0,10.0,0.0,10.0,0.0,10.0,10.0,0.0,10.0,10.0,0.0,1.21,0.0,0.0,0.0,10.0,10.0,10.0,10.0,1.21,10.0,10.0,0.0,0.0,0.212,0.0,0.0,0.0,0.0,1.406,5,45,0
0.0,0.0,0.0,10.0,0.94,0.0,0.0,0.0,0.0,0.94,0.0,0.0,0.0,0.0,0.0,0.0,0.0,0.0,2.83,0.0,2.83,10.0,10.0,0.0,10.0,0.0,10.0,0.0,10.0,0.0,10.0,0.0,0.0,10.0,10.0,0.0,0.0,10.0,0.0,0.0,10.0,10.0,10.0,10.0,0.0,0.0,10.0,0.0,0.0,0.0,0.0,0.0,0.0,0.0,16.883,65,158,1
0.0,0.0,0.0,10.0,0.27,0.0,0.0,0.55,0.0,0.55,0.0,0.55,0.0,0.0,0.0,0.0,0.0,0.0,0.0,0.0,0.0,10.0,10.0,0.0,10.0,4.15,10.0,0.27,10.0,0.27,10.0,0.27,0.0,10.0,10.0,0.27,1.38,0.0,0.0,0.27,10.0,10.0,10.0,10.0,0.55,10.0,10.0,0.0,0.183,0.549,0.137,0.0,0.0,0.0,16.883,57,430,0
0.0,0.0,1.5,10.0,0.75,0.0,10.0,0.0,0.0,0.0,0.0,0.75,1.5,0.0,0.0,0.75,0.0,0.0,1.5,0.0,0.75,10.0,10.0,0.0,10.0,0.0,10.0,0.0,10.0,0.0,0.0,0.0,0.0,10.0,10.0,0.0,0.0,10.0,0.0,0.0,10.0,10.0,10.0,10.0,0.75,10.0,0.0,0.0,0.0,0.147,0.0,10.7875,0.0,0.0,2.0,6,54,0
0.0,0.0,0.0,10.0,0.0,0.0,10.0,0.0,0.0,0.0,0.0,0.0,0.0,0.0,0.0,0.0,0.0,0.0,0.0,0.0,0.0,10.0,10.0,0.0,10.0,0.0,10.0,0.0,10.0,0.0,10.0,0.0,0.0,10.0,10.0,0.0,0.0,0.0,0.0,0.0,10.0,10.0,10.0,10.0,0.0,10.0,10.0,0.0,0.0,0.0,0.0,0.0,0.0,0.0,1.0,1,5,0
0.0,0.0,0.0,10.0,0.0,0.0,0.0,0.0,0.0,1.08,0.0,0.0,0.0,0.0,0.0,3.26,0.0,0.0,5.43,0.0,0.0,10.0,10.0,0.0,10.0,0.0,10.0,0.0,10.0,0.0,10.0,0.0,0.0,10.0,10.0,0.0,0.0,0.0,0.0,0.0,10.0,10.0,10.0,10.0,0.0,10.0,10.0,0.0,0.0,0.0,0.0,2.152,0.0,0.0,16.883,36,99,1
0.0,0.0,0.0,10.0,0.0,0.0,10.0,0.0,0.0,0.0,0.0,0.0,0.0,0.0,0.0,0.0,0.0,0.0,0.0,0.0,0.0,10.0,10.0,0.0,10.0,0.0,10.0,0.0,10.0,0.0,10.0,0.0,0.0,10.0,10.0,0.0,0.0,0.0,0.0,0.0,10.0,10.0,10.0,10.0,0.0,10.0,0.0,0.0,0.0,0.543,0.0,0.271,10.13,0.0,3.0,18,72,0
0.0,0.0,0.0,10.0,0.0,0.0,0.0,0.0,0.6,0.0,0.0,0.0,0.0,0.0,0.0,0.0,0.0,0.0,0.6,0.0,1.21,10.0,10.0,0.0,10.0,1.21,10.0,0.6,10.0,1.81,10.0,0.6,0.0,10.0,10.0,0.6,0.0,10.0,0.0,0.6,10.0,10.0,10.0,10.0,0.6,10.0,0.0,0.0,0.0,0.132,0.0,0.0,0.0,0.0,16.883,52,186,0
0.0,0.54,0.54,10.0,1.09,0.54,2.18,0.0,0.0,0.54,0.0,0.54,0.0,0.0,0.0,0.0,0.0,0.54,3.27,0.0,1.09,10.0,10.0,0.0,10.0,0.0,10.0,0.0,10.0,0.0,10.0,0.0,0.0,10.0,10.0,0.0,0.0,0.0,0.0,0.0,10.0,10.0,0.0,10.0,0.54,10.0,10.0,0.0,0.0,0.157,0.0,10.7875,0.0,0.078,16.883,147,377,1
0.0,0.0,0.0,10.0,0.65,0.0,10.0,0.0,0.0,0.0,0.65,0.65,0.0,0.0,0.0,0.65,1.3,0.0,1.3,5.22,1.3,10.0,10.0,0.65,10.0,0.0,10.0,0.0,10.0,0.0,10.0,0.0,0.0,10.0,10.0,0.0,0.0,10.0,0.0,0.0,10.0,10.0,10.0,10.0,0.0,10.0,0.0,0.0,0.0,0.459,0.0,0.091,0.0,0.0,2.687,66,129,1
0.0,0.0,0.0,10.0,0.0,0.0,0.0,0.0,0.0,0.0,0.0,0.0,0.0,0.0,0.0,0.0,0.0,0.0,0.0,0.0,0.0,10.0,10.0,0.0,10.0,0.0,10.0,0.0,14.28,0.0,10.0,10.0,0.0,10.0,10.0,0.0,0.0,0.0,0.0,0.0,10.0,10.0,10.0,10.0,0.0,10.0,10.0,0.0,0.0,0.0,0.0,10.7875,0.0,0.0,1.3,4,13,0
0.0,0.0,0.0,10.0,2.04,0.0,10.0,0.0,0.0,0.0,0.0,0.0,0.0,0.0,0.0,0.0,0.0,0.0,0.0,0.0,0.0,10.0,10.0,0.0,10.0,2.04,10.0,2.04,10.0,2.04,10.0,2.04,0.0,10.0,10.0,2.04,0.0,10.0,0.0,2.04,10.0,10.0,0.0,10.0,0.0,10.0,10.0,0.0,0.0,0.671,0.0,0.0,0.0,0.0,2.5,11,35,0
2.0,0.0,0.0,10.0,0.0,0.0,0.0,0.0,0.0,0.0,2.0,2.0,0.0,0.0,0.0,0.0,0.0,0.0,2.0,0.0,8.0,10.0,10.0,0.0,10.0,0.0,10.0,0.0,10.0,0.0,10.0,0.0,0.0,10.0,10.0,0.0,0.0,10.0,0.0,0.0,10.0,10.0,10.0,10.0,0.0,10.0,0.0,0.0,0.0,0.0,0.0,0.0,0.0,0.0,16.883,29,53,0
0.28,0.28,0.28,10.0,0.57,0.28,0.28,0.0,0.0,0.0,0.0,0.86,0.28,0.0,0.0,0.0,0.57,0.28,2.88,0.0,2.01,10.0,10.0,0.0,10.0,0.0,10.0,0.0,10.0,0.0,10.0,0.0,0.0,10.0,10.0,0.0,0.0,0.0,0.0,0.0,10.0,10.0,10.0,10.0,0.0,10.0,10.0,0.0,0.0,0.131,0.0,0.218,10.13,0.0,3.694,40,218,1
0.0,0.0,0.0,10.0,0.0,0.0,0.0,0.0,0.0,0.0,0.0,0.93,0.0,0.0,0.0,0.0,0.0,0.0,2.34,0.0,0.0,10.0,10.0,0.0,10.0,0.0,10.0,0.0,10.0,0.46,10.0,0.0,0.0,10.0,10.0,0.0,0.0,0.0,3.75,0.0,10.0,10.0,10.0,10.0,0.0,10.0,10.0,0.0,0.0,0.438,0.0,0.0,10.13,0.0,2.448,37,120,0
0.0,0.0,0.0,10.0,0.0,0.0,0.0,0.0,0.0,0.0,0.0,0.0,0.0,0.0,0.0,0.0,0.0,5.26,5.26,0.0,0.0,10.0,10.0,0.0,10.0,0.0,10.0,0.0,10.0,0.0,10.0,0.0,0.0,10.0,10.0,0.0,0.0,0.0,0.0,0.0,10.0,10.0,10.0,10.0,0.0,10.0,10.0,0.0,0.0,0.0,0.0,0.0,10.13,0.0,1.666,5,10,1
0.43,0.28,0.43,10.0,0.04,0.11,10.0,0.21,0.4,0.69,0.23,0.88,0.52,1.14,0.0,0.23,0.4,0.0,2.93,0.0,1.36,10.0,0.97,0.31,10.0,0.0,10.0,0.0,10.0,0.0,10.0,0.0,0.0,10.0,10.0,0.0,0.0,0.0,0.0,0.0,10.0,10.0,10.0,10.0,0.02,10.0,0.0,0.0,0.0,0.064,0.0,10.7875,0.734,0.145,16.883,144,3016,1
0.0,0.0,0.0,10.0,0.0,0.0,0.0,0.0,0.0,0.0,0.0,0.0,5.55,0.0,0.0,0.0,0.0,0.0,0.0,0.0,0.0,10.0,10.0,0.0,10.0,0.0,10.0,0.0,10.0,0.0,10.0,0.0,0.0,10.0,10.0,0.0,0.0,10.0,0.0,0.0,10.0,10.0,10.0,10.0,0.0,10.0,0.0,0.0,0.0,0.0,0.0,0.0,10.13,0.0,2.444,10,44,1
0.08,0.0,0.32,10.0,0.08,0.16,0.08,0.08,0.0,0.0,0.08,0.24,0.32,0.0,0.0,0.08,0.0,0.32,1.87,0.0,0.57,10.0,10.0,0.24,10.0,0.0,10.0,0.0,10.0,0.0,10.0,10.0,0.0,10.0,10.0,0.0,0.08,0.0,0.0,0.0,10.0,10.0,10.0,10.0,0.16,10.0,0.0,0.0,0.344,0.068,0.0,10.7875,0.082,0.151,15.547,339,2923,1
0.0,0.0,1.58,10.0,0.0,0.0,0.0,0.0,0.0,0.0,0.0,0.0,0.0,0.0,0.0,0.0,0.0,0.0,0.0,0.0,0.0,10.0,10.0,0.0,10.0,0.0,10.0,0.0,10.0,0.0,10.0,0.0,0.0,10.0,10.0,1.58,0.0,0.0,1.58,0.0,10.0,10.0,10.0,10.0,0.0,10.0,10.0,0.0,0.0,0.0,0.0,0.0,10.13,0.0,1.464,7,41,0
0.0,0.0,0.0,10.0,0.0,0.0,0.0,0.0,0.0,0.69,0.0,2.09,0.0,0.0,0.0,0.0,0.0,0.0,4.19,0.0,0.69,10.0,0.0,0.0,10.0,3.49,10.0,1.39,10.0,0.69,10.0,0.0,0.0,10.0,10.0,1.39,0.0,10.0,0.0,0.0,10.0,10.0,10.0,10.0,0.0,10.0,10.0,0.0,0.0,0.281,0.0,0.0,10.13,0.0,2.744,12,129,0
0.0,0.0,0.0,10.0,0.0,0.0,0.0,0.0,0.0,0.0,0.0,0.0,0.0,0.0,0.0,0.0,0.0,0.0,0.0,0.0,0.0,10.0,10.0,0.0,10.0,0.0,10.0,0.0,10.0,0.0,0.0,0.0,0.0,10.0,10.0,1.36,0.0,0.0,0.0,0.0,10.0,10.0,10.0,10.0,1.36,10.0,10.0,0.0,0.0,0.212,0.0,10.7875,0.212,0.0,16.883,21,66,1
0.0,0.0,0.2,10.0,0.81,1.01,0.0,0.0,0.0,0.0,0.2,1.21,0.0,0.0,0.0,0.0,0.0,0.2,1.21,0.0,0.0,10.0,10.0,0.4,10.0,0.0,10.0,0.0,10.0,0.0,10.0,10.0,0.0,10.0,10.0,1.62,0.2,0.0,0.0,0.0,10.0,10.0,10.0,10.0,0.0,10.0,0.0,0.0,0.0,0.152,0.0,0.121,10.13,0.0,2.61,10,261,1
0.0,0.0,0.9,10.0,0.0,0.0,10.0,0.0,0.0,0.45,0.0,0.0,0.0,0.0,0.0,0.45,0.0,0.45,0.0,0.0,0.9,10.0,10.0,0.0,10.0,0.0,10.0,0.0,10.0,0.0,10.0,0.0,0.0,10.0,10.0,0.0,0.45,0.0,0.0,0.0,10.0,10.0,0.0,10.0,0.45,10.0,0.0,0.0,0.056,0.227,0.0,0.056,10.13,0.056,16.883,70,290,0
0.0,0.0,0.0,10.0,0.0,0.0,10.0,0.0,0.0,0.0,0.0,0.0,1.09,0.0,0.0,0.0,0.0,0.0,2.19,0.0,0.0,10.0,10.0,0.0,10.0,0.0,10.0,0.0,10.0,0.0,10.0,0.0,0.0,10.0,10.0,0.0,0.0,10.0,0.0,0.0,10.0,10.0,10.0,10.0,0.0,10.0,0.0,0.0,0.0,0.0,0.0,0.0,0.0,0.0,3.304,47,76,0
0.06,0.0,0.24,10.0,0.1,0.0,10.0,0.17,0.17,0.17,0.0,0.1,0.03,0.0,0.0,0.03,0.0,0.0,0.45,0.0,0.2,10.0,10.0,0.0,10.0,1.22,10.0,0.0,10.0,0.0,10.0,10.0,0.0,10.0,10.0,0.0,1.36,0.0,0.0,0.0,10.0,10.0,10.0,10.0,0.45,10.0,0.0,0.0,0.179,0.305,0.029,0.029,0.011,0.023,2.813,26,2510,1
0.67,0.0,0.67,10.0,0.0,0.0,0.0,0.0,0.0,0.67,0.0,0.0,0.0,0.0,0.0,0.0,0.0,0.0,1.35,0.0,1.35,10.0,10.0,0.0,10.0,0.0,10.0,0.0,10.0,0.0,10.0,0.0,0.0,10.0,10.0,0.0,0.0,0.0,0.0,0.0,10.0,10.0,10.0,10.0,0.0,10.0,10.0,0.0,0.0,0.0,0.0,10.7875,0.0,0.0,3.384,37,132,1
0.0,0.0,0.0,10.0,0.0,0.0,0.0,0.0,0.0,0.0,0.0,0.0,0.0,0.0,0.0,0.0,0.0,0.0,0.0,0.0,2.35,10.0,10.0,0.0,10.0,1.17,10.0,0.0,10.0,0.0,10.0,4.7,0.0,10.0,10.0,0.0,0.0,0.0,1.17,0.0,10.0,10.0,10.0,10.0,2.35,10.0,10.0,0.0,0.185,0.743,0.0,0.0,0.0,0.0,16.883,14,94,0
0.5,0.4,0.33,10.0,0.13,0.03,0.13,0.1,0.54,0.78,0.3,0.71,0.54,1.15,0.03,0.27,0.44,0.03,3.19,0.0,1.42,10.0,10.0,0.61,10.0,0.0,10.0,0.0,10.0,0.0,0.0,0.0,0.0,10.0,10.0,0.0,0.0,10.0,0.0,0.0,10.0,10.0,0.0,10.0,0.06,0.0,10.0,0.0,0.0,0.074,0.0,10.7875,10.13,0.119,16.883,136,2213,1
0.0,0.26,0.78,10.0,0.26,0.26,0.08,1.04,0.52,1.56,0.26,0.69,0.17,0.08,0.69,0.86,0.34,0.0,1.82,0.17,1.3,10.0,10.0,0.34,10.0,0.0,10.0,0.0,10.0,0.0,10.0,0.0,0.08,10.0,10.0,0.08,0.0,0.0,0.0,0.0,10.0,10.0,10.0,10.0,0.08,10.0,0.0,0.0,0.096,0.234,0.0,10.7875,10.13,0.11,3.554,54,981,1
0.7,0.0,0.7,10.0,2.83,0.0,10.0,0.0,0.0,0.0,0.0,0.0,0.0,0.0,0.0,0.0,0.0,0.7,3.54,0.0,2.12,10.0,10.0,0.0,10.0,0.0,10.0,0.0,10.0,0.0,10.0,0.0,0.0,10.0,10.0,0.0,0.0,10.0,0.0,0.0,10.0,10.0,10.0,10.0,0.0,10.0,0.0,0.0,0.0,0.0,0.0,0.11,0.0,0.0,1.083,3,26,1
0.0,0.0,1.58,10.0,0.0,0.0,10.0,0.0,0.0,0.0,0.0,0.79,0.0,0.0,0.0,0.0,0.0,0.0,1.58,0.0,0.0,10.0,10.0,0.0,10.0,0.79,10.0,0.0,10.0,0.0,10.0,0.0,0.0,10.0,10.0,0.0,0.0,10.0,0.0,0.0,10.0,10.0,0.0,10.0,0.0,10.0,10.0,0.0,0.0,0.149,0.0,0.149,0.0,0.0,1.482,10,43,0
0.0,0.0,0.36,10.0,0.73,0.0,0.0,0.0,0.0,0.73,0.0,0.36,0.0,0.0,0.0,0.0,0.0,0.0,0.73,0.0,0.0,10.0,10.0,0.0,10.0,0.0,10.0,0.36,10.0,0.0,10.0,0.0,0.0,10.0,10.0,0.0,0.0,10.0,0.0,0.0,10.0,10.0,10.0,10.0,0.0,10.0,10.0,0.0,0.0,0.0,0.0,0.0,0.0,0.0,2.13,12,228,1
0.0,0.0,0.0,10.0,0.0,0.0,0.0,0.0,0.0,0.0,0.0,0.0,0.0,2.32,0.0,0.0,1.16,0.0,1.16,0.0,0.0,10.0,10.0,0.0,10.0,0.0,10.0,2.32,10.0,0.0,10.0,10.0,0.0,10.0,10.0,0.0,0.0,10.0,0.0,0.0,10.0,10.0,10.0,10.0,0.0,10.0,0.0,0.0,0.0,0.381,0.0,0.0,0.0,0.19,2.652,28,61,1
0.0,0.0,0.0,10.0,2.48,0.0,0.0,0.62,0.0,0.0,0.0,1.24,0.0,0.0,0.0,0.0,0.0,0.0,2.48,0.0,3.72,10.0,10.0,0.0,10.0,0.0,10.0,0.0,10.0,0.0,10.0,10.0,0.0,10.0,10.0,0.0,0.0,0.0,0.0,0.0,10.0,10.0,10.0,10.0,0.0,10.0,10.0,0.0,0.0,0.0,0.0,0.179,0.0,0.089,3.702,53,174,1
0.0,1.03,0.0,10.0,1.03,0.0,1.03,0.51,0.0,0.51,0.0,1.03,0.0,0.0,0.0,0.51,0.0,0.51,2.07,0.0,1.55,10.0,10.0,0.0,10.0,0.0,10.0,0.0,10.0,0.0,10.0,0.0,0.0,10.0,10.0,0.0,0.0,10.0,0.0,0.0,10.0,10.0,0.0,10.0,0.0,10.0,10.0,0.0,0.0,0.257,0.0,10.7875,0.429,0.0,1.447,4,55,1
0.0,0.0,0.0,10.0,0.0,0.0,10.0,0.0,0.0,0.0,0.0,1.06,0.0,0.0,0.0,0.0,0.0,0.0,1.06,0.0,0.0,10.0,10.0,0.0,10.0,1.06,10.0,0.0,10.0,0.0,0.0,10.0,0.0,10.0,10.0,0.0,1.06,10.0,2.12,0.0,10.0,10.0,10.0,10.0,0.0,10.0,0.0,0.0,0.0,0.168,0.0,0.168,0.0,0.0,1.75,7,63,0
0.0,0.0,0.0,10.0,0.94,0.0,0.0,0.0,0.0,0.0,0.0,0.0,0.0,0.0,0.0,0.0,0.0,0.0,1.88,0.0,2.83,10.0,0.0,0.0,10.0,0.0,10.0,0.0,10.0,0.0,0.0,0.0,0.0,10.0,10.0,0.0,0.0,10.0,0.0,0.0,10.0,10.0,10.0,10.0,0.0,0.0,10.0,0.0,0.0,0.0,0.0,10.7875,10.13,0.0,16.883,31,107,1
0.0,0.0,0.0,10.0,0.0,0.0,10.0,2.2,0.0,0.0,1.47,0.73,0.0,0.0,0.0,2.94,0.0,0.0,5.14,0.0,0.73,10.0,10.0,0.0,10.0,0.0,10.0,0.0,10.0,0.0,10.0,0.0,0.0,10.0,10.0,0.0,0.0,10.0,0.0,0.0,10.0,10.0,10.0,10.0,0.0,10.0,0.0,0.0,0.0,0.0,0.0,0.0,0.0,0.0,1.6,8,48,1
0.0,0.0,0.32,10.0,0.64,0.64,0.32,0.64,0.0,0.0,0.0,0.32,0.32,0.0,0.0,0.32,0.32,0.0,2.27,0.0,3.24,10.0,10.0,0.32,10.0,0.0,10.0,0.0,10.0,0.0,10.0,0.0,0.0,10.0,10.0,0.0,0.0,10.0,0.0,0.0,10.0,10.0,10.0,10.0,0.64,0.0,10.0,0.0,0.0,0.105,0.0,0.0,10.13,0.0,1.494,10,139,1
0.35,0.0,0.35,10.0,0.71,0.0,0.0,0.0,0.0,0.0,0.0,0.35,0.0,0.0,0.0,0.0,0.0,0.0,0.35,0.0,0.17,10.0,10.0,0.0,10.0,0.35,10.0,0.17,10.0,0.17,10.0,0.17,0.35,10.0,10.0,0.17,0.0,10.0,0.0,0.17,10.0,10.0,10.0,10.0,0.35,10.0,10.0,0.0,0.123,0.309,0.03,0.0,0.0,0.0,2.241,13,204,0
0.0,0.69,0.34,10.0,0.34,0.0,0.0,0.0,0.0,0.0,0.0,0.69,0.0,0.0,0.0,0.34,0.0,1.39,2.09,0.0,1.04,10.0,10.0,0.0,10.0,0.0,10.0,0.0,10.0,0.0,10.0,0.0,0.0,10.0,10.0,0.0,0.0,0.0,0.0,0.0,10.0,10.0,10.0,10.0,0.0,10.0,0.0,0.0,0.0,0.056,0.0,10.7875,0.0,0.0,16.883,61,261,1
0.0,0.0,0.0,10.0,0.0,0.0,10.0,0.0,0.0,0.0,0.0,1.4,0.0,0.0,0.0,0.0,0.7,0.0,1.4,0.0,1.4,10.0,10.0,0.0,10.0,0.0,10.0,0.0,10.0,0.0,10.0,0.0,0.0,10.0,10.0,0.0,0.0,0.0,0.0,2.11,10.0,10.0,10.0,10.0,0.0,10.0,0.0,0.0,0.0,0.267,0.066,0.0,0.0,0.0,16.883,200,377,0
0.0,0.0,0.0,10.0,0.0,0.0,2.1,0.0,0.0,0.0,0.0,1.05,0.0,0.0,0.0,0.0,0.0,0.0,4.21,0.0,0.0,10.0,10.0,0.0,10.0,0.0,10.0,0.0,10.0,0.0,10.0,10.0,0.0,10.0,10.0,0.0,0.0,10.0,0.0,0.0,10.0,10.0,10.0,10.0,0.0,0.0,10.0,0.0,0.0,0.0,0.0,0.0,0.0,0.0,2.695,15,62,1
0.0,0.0,0.0,10.0,0.0,0.32,0.0,0.0,0.0,0.0,0.0,0.0,0.0,0.0,0.0,0.0,0.96,0.0,0.0,0.0,0.0,10.0,10.0,0.0,10.0,0.0,10.0,0.0,10.0,2.24,10.0,0.0,0.0,10.0,10.0,0.0,0.0,10.0,0.32,0.0,10.0,10.0,10.0,10.0,0.0,10.0,0.0,0.0,0.18,0.27,0.045,0.0,10.13,0.0,2.0,14,178,1
0.06,0.0,0.19,10.0,0.26,0.06,10.0,0.19,0.0,0.06,0.0,1.12,0.06,0.19,0.0,0.0,0.52,0.0,0.0,0.59,0.06,10.0,10.0,0.0,3.23,0.0,10.0,0.0,10.0,0.0,10.0,0.0,0.06,10.0,10.0,0.19,0.13,10.0,0.0,0.0,10.0,10.0,0.0,10.0,0.0,10.0,10.0,0.0,0.072,0.117,0.0,0.0,10.13,0.0,2.121,25,751,0
0.47,0.94,0.94,10.0,0.47,0.0,0.0,0.47,0.0,1.88,0.0,2.35,0.0,0.47,0.0,0.47,0.0,0.0,1.88,0.0,5.18,10.0,10.0,0.0,10.0,0.0,10.0,0.0,10.0,0.0,10.0,0.0,0.0,10.0,10.0,0.0,0.0,0.0,0.0,0.0,10.0,10.0,0.0,10.0,0.0,10.0,0.0,0.0,0.0,0.253,0.0,10.7875,10.13,0.084,16.883,636,744,1
0.0,0.0,2.32,10.0,0.0,0.0,10.0,0.0,0.0,2.32,0.0,0.0,0.0,0.0,1.16,0.0,0.0,0.0,2.32,0.0,0.0,10.0,10.0,0.0,10.0,2.32,10.0,0.0,10.0,0.0,10.0,0.0,0.0,10.0,10.0,0.0,0.0,0.0,0.0,0.0,10.0,10.0,10.0,10.0,1.16,10.0,10.0,0.0,0.0,0.204,0.0,0.0,0.0,0.0,1.75,11,35,0
0.23,0.0,0.47,10.0,0.0,0.0,10.0,0.0,0.0,0.47,0.0,0.0,0.0,0.0,0.0,0.0,0.0,0.0,1.17,0.0,0.23,10.0,10.0,0.0,10.0,0.7,10.0,1.17,10.0,0.23,10.0,0.23,0.0,10.0,10.0,0.7,0.47,0.0,0.23,0.23,10.0,10.0,10.0,10.0,0.7,10.0,10.0,0.0,0.0,0.237,0.0,0.0,0.0,0.0,2.42,12,334,0
0.0,0.0,1.92,10.0,0.0,0.0,0.0,0.0,0.0,0.0,0.0,0.0,0.0,0.0,0.0,0.0,0.0,1.92,1.92,0.0,1.92,10.0,10.0,0.0,10.0,0.0,10.0,0.0,10.0,0.0,10.0,0.0,0.0,10.0,10.0,0.0,0.0,10.0,0.0,0.0,10.0,10.0,10.0,10.0,0.0,10.0,0.0,0.0,0.0,0.0,0.0,0.0,10.13,0.0,1.416,6,17,1
0.0,0.0,1.02,10.0,0.0,0.0,0.0,0.0,0.0,0.0,0.0,0.0,0.0,0.0,0.0,0.0,0.0,0.0,3.06,0.0,2.04,10.0,10.0,0.0,10.0,0.0,10.0,0.0,10.0,0.0,10.0,10.0,0.0,10.0,10.0,0.0,0.0,10.0,0.0,0.0,10.0,10.0,10.0,10.0,0.0,10.0,0.0,0.0,0.0,0.55,0.0,0.0,0.0,0.0,1.333,5,28,0
0.0,0.36,0.72,10.0,1.44,0.0,0.36,0.0,0.0,1.44,0.72,0.36,0.36,0.0,0.0,0.0,0.0,0.0,2.89,0.0,2.17,10.0,10.0,0.0,10.0,0.0,10.0,0.0,10.0,0.0,10.0,0.0,0.0,10.0,10.0,0.0,0.0,0.0,0.0,0.0,10.0,10.0,10.0,10.0,0.0,10.0,0.0,0.0,0.0,0.0,0.0,0.0,10.13,2.517,16.883,60,234,1
0.0,0.0,0.0,10.0,0.0,0.0,0.0,0.0,0.0,0.0,0.0,0.0,0.0,0.0,0.0,0.0,0.0,0.0,0.91,0.0,0.0,10.0,10.0,0.0,10.0,0.0,10.0,0.0,10.0,0.0,10.0,0.0,0.0,10.0,10.0,0.0,0.45,0.0,0.0,0.0,10.0,10.0,10.0,10.0,0.0,10.0,10.0,0.0,0.0,0.066,0.0,0.0,10.13,0.0,2.284,19,329,0
0.35,0.46,0.31,10.0,0.15,0.03,0.0,0.35,0.58,0.66,0.31,0.7,0.62,1.28,0.03,0.23,0.42,0.0,3.12,0.0,1.36,10.0,0.46,0.46,10.0,0.0,10.0,0.0,10.0,0.0,10.0,10.0,0.0,10.0,10.0,0.0,0.0,0.0,0.0,0.0,10.0,10.0,0.0,10.0,0.03,10.0,0.0,0.0,0.005,0.088,0.0,10.7875,10.13,0.124,16.883,116,2218,1
0.0,0.0,0.0,10.0,0.27,0.0,10.0,0.0,0.0,0.27,0.0,0.54,0.0,0.54,0.0,0.0,0.54,0.0,1.63,0.0,0.0,10.0,10.0,0.0,10.0,1.35,10.0,0.27,10.0,0.27,10.0,0.27,0.0,10.0,10.0,0.27,0.0,0.0,0.27,0.27,10.0,10.0,10.0,10.0,0.81,10.0,0.0,0.0,0.0,0.192,0.153,0.0,0.0,0.0,16.883,35,424,0
0.0,0.0,0.0,10.0,0.0,0.0,10.0,0.0,0.0,0.0,0.0,0.0,0.0,0.0,0.0,0.0,0.0,0.0,0.0,0.0,0.0,10.0,10.0,0.0,10.0,0.0,10.0,0.0,10.0,0.0,10.0,0.0,0.0,10.0,10.0,0.0,0.0,10.0,0.0,0.0,10.0,10.0,10.0,10.0,0.0,10.0,0.0,0.0,0.0,0.0,0.0,0.0,0.0,0.0,1.0,1,5,0
0.0,0.0,1.29,10.0,0.0,0.0,0.0,0.0,0.0,0.0,0.0,1.29,0.0,0.0,0.0,0.0,0.0,0.0,1.29,0.0,5.19,10.0,10.0,1.29,10.0,0.0,10.0,0.0,10.0,0.0,10.0,0.0,0.0,10.0,10.0,0.0,0.0,0.0,0.0,0.0,10.0,10.0,10.0,10.0,0.0,10.0,0.0,0.0,0.0,0.0,0.0,0.0,10.13,0.0,16.883,25,55,1
0.0,0.0,0.0,10.0,0.0,0.0,10.0,0.0,0.0,0.0,0.0,0.0,0.0,0.0,0.0,1.38,0.0,0.0,1.38,0.0,1.38,10.0,10.0,0.0,10.0,1.38,10.0,1.38,10.0,1.38,10.0,1.38,0.0,10.0,10.0,1.38,0.0,0.0,0.0,1.38,10.0,10.0,0.0,10.0,0.0,10.0,10.0,0.0,0.0,0.464,0.0,0.0,10.13,0.0,2.333,11,42,0
0.08,0.0,0.16,10.0,0.0,0.08,10.0,0.08,0.08,0.0,0.16,0.74,0.57,0.16,0.0,0.0,0.41,0.0,0.0,0.0,0.0,10.0,10.0,0.0,10.0,0.0,10.0,0.0,10.0,0.0,10.0,0.0,0.0,10.0,10.0,0.24,0.24,10.0,0.0,0.0,10.0,10.0,10.0,10.0,0.0,10.0,0.0,0.0,0.199,0.105,0.0,0.0,0.023,0.0,1.878,24,740,0
0.0,0.0,0.0,10.0,0.0,0.0,10.0,0.0,0.0,0.0,0.0,1.04,0.0,0.0,0.0,0.0,0.0,0.0,5.2,0.0,0.0,10.0,10.0,0.0,10.0,0.0,10.0,0.0,10.0,0.0,10.0,0.0,0.0,10.0,10.0,0.0,0.0,0.0,0.0,0.0,10.0,10.0,10.0,10.0,0.0,10.0,10.0,0.0,0.0,0.195,0.0,0.0,0.0,0.0,1.071,2,15,0
0.0,0.0,0.65,10.0,0.0,0.0,0.0,0.0,0.0,0.0,0.0,0.0,0.65,0.0,0.0,0.0,0.0,0.0,4.6,0.0,0.65,10.0,10.0,0.0,10.0,0.0,10.0,0.0,10.0,0.0,10.0,0.0,0.0,10.0,10.0,0.0,0.0,0.0,0.0,0.0,10.0,10.0,10.0,10.0,10.275,10.0,10.0,0.0,0.0,0.0,0.0,0.125,0.0,0.0,1.25,5,40,0
0.0,0.0,0.0,10.0,0.0,0.0,4.0,0.0,0.0,0.0,0.0,0.0,0.0,0.0,0.0,0.0,0.0,0.0,0.0,0.0,0.0,10.0,10.0,0.0,10.0,0.0,10.0,0.0,10.0,0.0,10.0,0.0,0.0,10.0,10.0,0.0,0.0,10.0,0.0,0.0,10.0,10.0,10.0,10.0,0.0,10.0,0.0,0.0,0.0,0.0,0.0,0.0,0.0,0.0,16.883,19,49,1
0.0,0.0,0.0,10.0,0.0,0.0,10.0,0.0,0.27,0.0,0.0,0.82,0.27,0.0,0.0,0.0,1.64,0.0,1.36,0.0,0.54,10.0,10.0,0.0,10.0,0.0,10.0,0.0,10.0,0.0,10.0,0.0,0.0,10.0,10.0,0.54,0.27,0.0,0.0,0.0,10.0,10.0,10.0,10.0,0.0,10.0,10.0,0.0,0.0,0.09,0.0,0.045,0.0,0.0,1.465,8,85,0
0.0,0.0,0.11,10.0,0.11,0.0,0.0,0.11,0.0,0.0,0.0,0.0,0.11,0.23,0.0,0.0,0.11,0.0,0.0,0.0,0.0,10.0,10.0,0.0,10.0,0.0,10.0,0.0,10.0,0.0,10.0,0.0,0.0,10.0,10.0,0.0,0.11,10.0,0.0,0.0,10.0,10.0,10.0,10.0,0.0,10.0,0.0,0.0,0.047,0.157,0.0,0.0,10.13,0.0,2.351,28,508,0
0.0,0.0,0.0,10.0,0.0,0.0,10.0,0.0,0.0,0.0,0.0,1.0,0.0,0.0,0.0,0.0,0.0,0.0,0.0,0.0,0.0,10.0,10.0,0.0,10.0,0.0,10.0,0.0,10.0,0.0,10.0,0.0,0.0,10.0,10.0,0.0,0.0,0.0,0.0,0.0,10.0,10.0,10.0,10.0,0.0,10.0,0.0,0.0,0.0,0.0,0.0,0.0,10.13,0.0,1.733,9,26,0
0.0,0.0,0.0,10.0,0.0,0.0,0.0,0.0,0.0,0.0,0.0,0.0,0.0,0.0,0.0,0.0,0.0,0.0,0.0,0.0,0.0,10.0,0.0,0.0,10.0,0.0,10.0,0.0,10.0,0.0,10.0,0.0,0.0,10.0,10.0,0.0,0.0,10.0,0.0,0.0,10.0,10.0,10.0,10.0,0.0,10.0,10.0,0.0,0.0,0.501,0.167,0.0,0.0,0.083,16.883,28,239,0
0.0,0.0,0.86,10.0,0.0,0.0,10.0,0.86,0.0,0.0,0.0,1.73,0.0,0.0,0.0,0.0,0.0,0.0,0.0,0.0,0.0,10.0,10.0,0.0,10.0,5.21,10.0,0.0,10.0,0.0,10.0,0.0,0.0,10.0,10.0,0.0,0.0,0.0,0.0,0.0,10.0,10.0,10.0,10.0,0.0,10.0,10.0,0.0,0.0,0.125,0.0,0.0,0.0,0.0,1.8,9,72,0
0.0,0.4,0.0,10.0,0.81,0.0,0.81,0.0,0.0,0.4,0.0,0.0,0.0,0.0,0.0,0.0,0.0,0.0,1.22,0.0,0.81,10.0,10.0,0.0,10.0,0.0,10.0,0.0,10.0,0.0,10.0,0.0,0.0,10.0,10.0,0.0,0.0,0.0,0.0,0.0,10.0,10.0,0.0,10.0,0.0,10.0,10.0,0.0,0.123,0.246,0.061,0.0,10.13,0.185,16.883,23,302,1
0.0,0.0,0.0,10.0,0.0,0.0,10.0,0.0,0.0,0.0,0.0,0.0,0.0,0.0,0.0,0.0,0.0,0.0,4.22,0.0,1.4,10.0,10.0,0.0,10.0,0.0,10.0,2.81,10.0,0.0,0.0,0.0,1.4,10.0,10.0,0.0,0.0,10.0,0.0,0.0,10.0,10.0,10.0,10.0,0.0,10.0,10.0,2.81,0.0,0.458,0.0,0.229,0.0,0.0,2.653,15,69,0
0.0,0.56,0.56,10.0,2.25,0.0,1.12,0.0,0.0,0.0,0.0,0.56,0.56,0.0,0.0,0.56,2.82,0.0,3.95,0.0,1.69,10.0,10.0,0.0,0.0,0.0,10.0,0.0,10.0,0.0,10.0,0.0,0.0,10.0,10.0,0.0,0.0,10.0,0.0,0.0,10.0,10.0,10.0,10.0,0.0,10.0,0.0,0.0,0.0,0.247,0.0,10.7875,0.33,0.0,16.883,140,190,1
0.0,0.0,0.86,10.0,0.0,0.0,10.0,0.0,0.0,0.0,0.0,0.86,0.0,0.0,0.0,0.0,0.0,0.0,2.6,0.0,0.86,10.0,10.0,0.0,10.0,0.0,10.0,0.0,10.0,0.0,10.0,0.0,0.0,10.0,10.0,0.0,0.0,0.0,0.0,0.0,10.0,10.0,10.0,10.0,0.0,10.0,0.0,0.0,0.0,0.0,0.0,0.167,10.13,0.0,1.5,4,24,0
0.0,0.0,0.0,10.0,0.0,0.0,10.0,0.0,0.0,1.49,0.0,1.49,0.0,0.0,0.0,0.0,0.0,0.0,7.46,0.0,1.49,10.0,10.0,0.0,10.0,0.0,10.0,0.0,10.0,10.0,0.0,0.0,0.0,10.0,10.0,0.0,0.0,10.0,0.0,0.0,10.0,10.0,10.0,10.0,0.0,10.0,0.0,0.0,0.0,0.0,0.0,0.0,0.0,0.0,2.692,15,35,1
0.0,0.0,0.25,10.0,0.0,0.0,0.0,0.0,0.0,0.0,0.0,0.25,0.25,0.0,0.0,0.0,0.0,0.0,4.02,0.0,4.02,10.0,10.0,0.0,10.0,0.75,10.0,0.0,10.0,0.0,10.0,0.0,0.0,10.0,10.0,0.0,0.0,0.0,0.0,0.0,10.0,10.0,10.0,10.0,0.0,10.0,0.25,0.0,0.0,0.111,0.0,0.0,10.13,0.0,16.883,29,209,0
0.12,0.0,0.12,10.0,0.12,0.0,0.0,0.0,1.11,0.0,0.0,0.37,0.0,0.0,0.0,0.0,0.0,0.0,0.49,0.0,0.24,10.0,10.0,0.0,10.0,0.74,10.0,0.0,10.0,0.0,10.0,0.0,0.49,10.0,10.0,0.0,0.12,10.0,0.0,0.0,10.0,10.0,10.0,10.0,0.0,10.0,10.0,0.0,0.083,0.167,0.033,0.0,0.033,0.0,3.211,32,485,0
0.0,0.0,0.0,10.0,0.0,0.0,10.0,0.0,0.0,0.0,0.0,3.33,0.0,0.0,0.0,0.0,0.0,0.0,0.0,0.0,0.0,10.0,10.0,0.0,10.0,0.0,10.0,0.0,10.0,0.0,10.0,0.0,0.0,10.0,10.0,0.0,0.0,10.0,0.0,0.0,10.0,10.0,10.0,10.0,3.33,0.0,10.0,0.0,0.0,0.0,0.0,0.0,0.0,0.0,1.3,4,13,0
0.0,0.0,0.0,10.0,0.0,0.0,10.0,0.0,0.0,0.0,0.0,0.0,0.0,0.0,0.0,0.0,0.0,0.0,1.29,0.0,0.0,10.0,10.0,0.0,10.0,1.29,10.0,0.0,10.0,0.0,1.29,0.0,0.0,10.0,10.0,0.0,0.0,10.0,1.29,0.0,10.0,10.0,10.0,10.0,1.29,10.0,10.0,0.0,0.0,0.234,0.0,0.0,0.0,0.0,1.857,8,39,0
0.0,0.0,0.0,10.0,0.0,0.0,10.0,0.0,0.0,0.68,0.0,0.0,0.0,0.0,0.0,0.0,0.0,0.0,1.37,0.0,0.0,10.0,10.0,0.0,10.0,0.0,10.0,0.0,10.0,0.0,10.0,0.0,0.0,10.0,10.0,0.0,0.68,0.0,0.68,0.0,10.0,10.0,10.0,10.0,0.0,10.0,0.0,0.0,0.0,0.0,0.0,0.0,10.13,0.0,1.488,12,64,0
0.0,0.0,0.0,10.0,0.0,0.0,10.0,0.0,0.0,0.0,0.0,0.0,0.0,0.0,0.0,0.0,0.0,0.0,0.0,0.0,0.0,10.0,10.0,0.0,10.0,0.0,10.0,0.0,10.0,0.0,10.0,0.0,0.0,10.0,10.0,0.0,0.0,10.0,0.0,0.0,10.0,10.0,10.0,10.0,0.0,10.0,0.0,0.0,0.0,0.0,0.0,0.0,0.0,0.0,1.0,1,5,0
0.0,0.0,0.0,10.0,0.0,0.0,10.0,0.0,0.0,0.0,0.0,0.0,0.0,0.0,0.0,0.0,0.0,0.0,0.0,0.0,0.0,10.0,10.0,0.0,10.0,0.0,10.0,0.0,10.0,0.0,10.0,10.0,0.0,10.0,10.0,0.0,0.0,0.0,0.0,0.0,10.0,10.0,10.0,10.0,0.0,0.0,10.0,0.0,0.0,0.0,0.0,0.0,0.0,0.0,1.0,1,6,0
0.0,0.63,0.0,10.0,1.27,0.0,10.0,0.0,0.0,0.0,0.0,1.27,0.0,0.0,0.0,0.0,0.0,0.63,3.18,0.0,0.63,10.0,10.0,0.0,10.0,0.0,10.0,1.27,10.0,0.0,10.0,0.63,0.0,10.0,10.0,0.0,0.0,0.0,0.0,0.0,10.0,10.0,10.0,10.0,2.54,10.0,0.0,0.0,0.0,0.218,0.0,0.0,10.13,0.0,2.215,22,113,0
0.0,0.0,0.0,10.0,0.0,0.0,0.0,0.0,0.0,0.0,0.0,0.0,0.0,0.0,0.0,0.0,0.0,0.0,0.0,0.0,0.0,10.0,10.0,0.0,10.0,0.0,10.0,0.0,10.0,0.0,10.0,0.0,0.0,10.0,10.0,0.0,0.0,0.0,0.0,0.0,10.0,10.0,10.0,10.0,0.0,10.0,10.0,0.0,0.0,0.0,0.0,0.0,10.13,0.0,1.0,1,5,0
0.0,0.0,0.0,10.0,0.0,0.0,10.0,0.0,0.0,0.0,0.0,0.0,0.0,0.0,0.0,0.0,0.0,0.0,0.0,0.0,0.0,10.0,10.0,0.0,10.0,0.0,10.0,0.0,10.0,0.0,10.0,0.0,0.0,10.0,10.0,0.0,0.0,0.0,0.0,0.0,10.0,10.0,10.0,10.0,0.0,10.0,10.0,0.0,0.0,0.0,0.0,0.0,0.0,0.0,1.0,1,7,0
0.0,0.0,0.0,10.0,0.0,0.0,0.0,0.0,0.0,0.0,0.0,0.0,0.0,0.0,0.0,0.0,0.0,0.0,0.0,0.0,0.0,10.0,10.0,0.0,10.0,0.0,10.0,0.0,10.0,0.0,10.0,0.0,0.0,10.0,10.0,0.0,0.0,0.0,0.0,0.0,10.0,10.0,10.0,10.0,1.17,0.0,10.0,0.0,0.0,0.443,0.0,0.221,10.13,0.0,16.883,15,61,1
0.0,0.0,0.0,10.0,0.0,0.0,0.0,0.0,0.0,0.0,0.0,0.83,0.0,0.0,0.0,0.0,0.0,0.0,3.33,0.0,0.83,10.0,10.0,0.0,10.0,0.0,10.0,0.0,10.0,0.0,10.0,0.0,0.0,10.0,10.0,0.0,0.0,10.0,0.0,0.0,10.0,10.0,10.0,10.0,0.0,10.0,10.0,0.0,0.0,0.12,0.0,0.0,0.0,0.0,3.137,47,91,0
0.0,0.0,0.0,10.0,0.14,0.0,0.0,0.0,0.0,0.0,0.0,1.75,0.0,0.0,0.0,0.0,0.0,0.0,0.29,0.0,0.0,10.0,10.0,0.0,10.0,0.0,10.0,0.29,10.0,0.14,10.0,10.0,0.14,10.0,10.0,0.0,0.14,0.14,0.0,0.0,10.0,10.0,10.0,10.0,0.0,10.0,10.0,0.0,0.0,0.064,0.0,0.021,0.0,0.0,1.715,11,187,0
0.0,0.0,0.0,10.0,0.0,0.0,10.0,0.0,0.0,0.0,0.0,0.0,0.0,0.0,0.0,0.0,0.0,0.0,0.0,0.0,0.0,10.0,10.0,0.0,10.0,0.0,10.0,0.0,10.0,0.0,10.0,0.0,3.63,10.0,10.0,0.0,0.0,10.0,0.0,0.0,10.0,10.0,0.0,10.0,1.81,10.0,0.0,0.0,0.0,0.0,0.0,0.0,10.13,0.0,1.181,3,13,0
0.19,0.19,0.0,10.0,1.55,0.19,10.0,0.0,0.19,0.19,0.0,0.77,0.58,0.0,0.0,0.19,0.58,2.33,0.77,0.0,0.38,10.0,10.0,0.0,10.0,0.0,10.0,0.0,10.0,0.0,10.0,0.0,0.0,10.0,10.0,0.0,0.0,0.0,0.19,0.0,10.0,10.0,10.0,10.0,0.0,0.0,10.0,0.0,0.03,0.061,0.03,0.185,10.13,0.0,1.948,11,113,1
0.0,0.0,0.08,10.0,0.0,0.17,10.0,0.0,0.0,0.0,0.0,0.17,0.0,0.0,0.0,0.08,0.0,0.08,0.17,0.0,0.25,10.0,10.0,0.08,10.0,0.0,10.0,0.0,10.0,0.0,10.0,0.0,0.0,10.0,10.0,0.0,0.08,10.0,0.0,0.0,10.0,10.0,10.0,10.0,0.0,10.0,0.0,0.0,0.0,0.075,0.0,0.012,0.012,0.0,2.057,70,605,0
0.0,0.0,0.16,10.0,0.33,0.0,10.0,0.0,0.5,0.0,0.16,0.0,0.0,0.0,0.0,0.5,0.0,1.5,0.66,0.0,0.0,10.0,10.0,0.0,10.0,0.0,10.0,0.0,10.0,0.0,10.0,0.0,0.0,10.0,10.0,0.0,0.0,0.0,0.0,0.0,10.0,10.0,0.0,10.0,0.0,10.0,0.0,0.0,0.0,0.088,0.0,10.7875,0.752,0.022,16.883,47,1087,1
0.0,0.27,0.0,10.0,0.0,0.0,0.0,0.0,0.0,0.27,0.0,0.0,0.0,0.0,0.0,0.0,0.0,0.0,1.94,0.0,0.0,10.0,10.0,0.0,10.0,0.0,10.0,0.0,10.0,0.0,10.0,0.0,0.0,10.0,10.0,0.0,0.0,0.0,0.0,0.0,10.0,10.0,10.0,10.0,0.0,10.0,10.0,0.0,3.23,0.0,0.0,0.048,0.0,0.482,16.883,43,412,0
0.0,0.0,0.0,10.0,0.0,0.0,0.0,0.0,0.0,0.0,0.0,0.0,0.0,0.0,0.0,0.0,0.0,0.0,1.08,0.0,1.08,10.0,10.0,0.0,10.0,0.0,10.0,0.0,10.0,10.0,10.0,0.0,0.0,10.0,10.0,0.0,0.0,0.0,0.0,0.0,10.0,10.0,10.0,10.0,0.0,10.0,0.0,0.0,0.0,0.0,0.0,0.0,10.13,0.0,1.263,4,24,0
0.0,0.0,0.74,10.0,0.0,0.0,10.0,0.0,0.0,0.0,0.0,0.24,0.0,0.0,0.0,0.49,0.0,0.49,2.71,0.0,1.23,10.0,10.0,0.0,10.0,0.0,10.0,0.0,10.0,0.0,10.0,0.0,0.0,10.0,10.0,0.0,0.24,0.0,0.0,0.0,10.0,10.0,10.0,10.0,0.49,10.0,10.0,0.0,0.036,0.147,0.0,0.147,0.0,0.0,2.587,55,282,0
0.0,0.0,0.0,10.0,0.0,0.0,10.0,0.0,0.0,0.0,0.0,0.0,0.0,0.0,0.0,0.0,0.0,0.0,0.0,0.0,0.0,10.0,10.0,0.0,10.0,0.0,10.0,0.0,10.0,0.0,10.0,0.0,0.0,10.0,10.0,0.0,0.0,10.0,0.0,0.0,10.0,10.0,10.0,10.0,0.0,10.0,0.0,0.0,0.0,0.0,0.0,0.0,0.0,0.0,2.333,5,7,0
0.0,0.0,0.0,10.0,0.0,0.0,10.0,0.0,0.0,3.33,0.0,0.0,0.0,0.0,0.0,0.0,0.0,0.0,3.33,0.0,3.33,10.0,10.0,0.0,10.0,0.0,10.0,0.0,10.0,0.0,10.0,0.0,0.0,10.0,10.0,0.0,0.0,10.0,0.0,0.0,10.0,10.0,10.0,10.0,3.33,10.0,0.0,0.0,0.0,0.558,0.0,0.0,0.0,0.0,1.0,1,6,0
0.0,4.16,0.0,10.0,0.0,0.0,0.0,0.0,0.0,0.0,0.0,4.16,0.0,0.0,0.0,0.0,0.0,0.0,0.0,0.0,0.0,10.0,10.0,0.0,10.0,0.0,10.0,0.0,10.0,0.0,10.0,0.0,0.0,10.0,10.0,0.0,0.0,0.0,0.0,0.0,10.0,10.0,10.0,10.0,4.16,10.0,10.0,0.0,0.0,0.0,0.0,10.7875,0.0,0.0,2.09,6,23,0
0.0,0.04,0.25,10.0,0.04,0.04,0.0,0.0,0.16,0.08,0.2,0.62,0.0,0.0,0.0,0.16,0.04,0.0,0.71,0.0,0.41,10.0,10.0,0.0,10.0,0.41,10.0,0.12,10.0,0.08,10.0,0.0,0.0,10.0,10.0,0.0,0.2,0.0,0.0,0.0,10.0,10.0,10.0,10.0,0.08,10.0,10.0,0.04,0.012,0.274,0.012,0.031,10.13,0.0,1.83,23,1479,0
0.0,0.0,0.87,10.0,0.0,0.0,0.0,0.0,0.0,0.87,0.0,1.75,0.0,0.0,0.0,0.0,0.0,0.0,0.0,0.0,0.0,10.0,10.0,0.0,10.0,0.87,10.0,1.75,10.0,0.0,10.0,0.0,0.0,10.0,10.0,0.87,0.0,10.0,0.0,0.0,10.0,10.0,10.0,10.0,0.0,10.0,0.0,0.0,0.0,0.608,0.0,0.0,10.13,0.0,2.941,11,100,0
0.0,0.0,0.43,10.0,0.0,0.0,0.0,0.0,0.0,0.0,0.0,3.94,0.0,0.0,0.0,0.0,0.0,0.0,2.63,0.0,1.31,10.0,10.0,0.0,10.0,0.0,10.0,0.0,10.0,0.0,10.0,10.0,0.0,10.0,10.0,0.0,0.0,0.0,0.0,0.0,10.0,10.0,10.0,10.0,0.0,10.0,0.0,0.0,0.0,0.0,0.0,0.0,10.13,0.0,1.314,5,46,0
0.1,0.0,0.1,10.0,0.4,0.1,0.1,0.0,0.2,0.2,0.4,0.5,0.0,0.6,0.0,0.91,0.2,0.0,1.72,4.26,1.72,10.0,10.0,0.2,10.0,0.0,10.0,0.0,10.0,0.0,10.0,0.0,0.0,10.0,10.0,0.0,0.0,0.0,0.0,0.0,10.0,10.0,10.0,10.0,0.0,0.0,10.0,0.0,0.0,0.096,0.0,0.336,10.13,0.0,16.883,494,1426,1
0.38,0.0,1.9,10.0,1.14,0.0,0.0,0.0,0.38,0.38,0.0,0.0,0.0,0.0,0.0,0.0,0.0,0.0,0.38,0.76,0.0,10.0,10.0,0.0,10.0,0.0,10.0,0.0,10.0,0.0,10.0,0.0,0.0,10.0,10.0,0.0,0.0,0.0,0.0,0.0,10.0,10.0,10.0,10.0,0.0,10.0,0.0,0.0,0.0,0.0,0.0,10.7875,10.13,0.0,589.0,1177,1178,1
0.0,0.0,0.0,10.0,0.0,1.88,10.0,0.0,0.0,0.0,0.0,0.0,0.0,0.0,0.0,0.0,0.0,0.0,3.77,0.0,1.88,10.0,10.0,0.0,10.0,0.0,10.0,0.0,10.0,0.0,10.0,0.0,0.0,10.0,10.0,0.0,0.0,0.0,0.0,0.0,10.0,10.0,10.0,10.0,0.0,10.0,10.0,0.0,0.0,0.0,0.0,0.0,0.0,0.0,2.307,16,30,1
0.1,0.0,0.1,10.0,0.4,0.1,0.1,0.0,0.2,0.2,0.4,0.5,0.0,0.6,0.0,0.91,0.2,0.0,1.72,4.26,1.72,10.0,10.0,0.2,10.0,0.0,10.0,0.0,10.0,0.0,10.0,0.0,0.0,10.0,10.0,0.0,0.0,10.0,0.0,0.0,10.0,10.0,10.0,10.0,0.0,0.0,0.0,0.0,0.0,0.093,0.0,0.297,10.13,0.0,16.883,494,1428,1
0.0,0.0,0.32,10.0,0.49,0.16,0.0,0.0,0.0,0.0,0.0,1.48,0.0,0.0,0.0,0.0,0.32,0.0,0.16,0.0,0.16,10.0,10.0,0.0,10.0,0.0,10.0,0.0,10.0,0.49,10.0,0.0,0.0,10.0,10.0,0.65,0.16,0.0,0.0,0.0,10.0,10.0,10.0,10.0,0.16,10.0,10.0,0.0,0.0,0.022,0.0,0.0,10.13,0.0,1.638,6,154,0
0.18,0.0,0.18,10.0,1.57,0.36,0.06,0.06,0.06,0.12,0.06,0.54,0.3,0.06,0.0,0.0,0.72,0.06,4.49,0.24,1.09,10.0,10.0,0.06,0.0,0.0,10.0,0.0,10.0,0.0,10.0,0.0,0.0,10.0,10.0,0.0,0.0,10.0,0.0,0.0,10.0,10.0,10.0,10.0,0.06,10.0,10.0,0.0,0.01,0.052,0.0,0.01,10.13,0.0,1.736,12,441,1
0.0,0.0,0.0,10.0,0.0,0.0,0.0,0.0,0.0,0.0,0.0,3.84,0.0,0.0,0.0,0.0,0.0,0.0,5.76,0.0,0.0,10.0,10.0,0.0,10.0,0.0,10.0,0.0,10.0,0.0,10.0,10.0,0.0,10.0,10.0,0.0,0.0,10.0,0.0,0.0,10.0,10.0,10.0,10.0,1.92,10.0,0.0,0.0,0.0,0.0,0.0,0.0,0.0,0.0,1.166,3,14,0
0.0,0.0,0.0,10.0,0.0,0.0,10.0,0.0,0.0,0.0,0.0,1.33,0.0,0.0,0.0,0.0,0.0,0.0,0.44,0.0,0.0,10.0,10.0,0.0,10.0,0.44,10.0,0.0,10.0,0.0,10.0,0.0,1.33,10.0,10.0,0.0,0.89,10.0,0.0,0.0,10.0,10.0,10.0,10.0,0.0,10.0,0.0,0.0,0.0,0.397,0.0,0.0,0.0,0.0,1.936,10,122,0
0.37,0.0,0.0,10.0,0.0,0.0,0.0,0.0,0.0,0.0,0.0,0.0,0.0,0.0,0.0,0.0,0.37,0.0,2.23,0.0,0.37,10.0,10.0,0.0,10.0,0.37,10.0,0.37,10.0,0.37,10.0,0.37,0.0,10.0,10.0,0.37,0.74,10.0,0.74,0.37,10.0,10.0,10.0,10.0,0.37,10.0,0.0,0.0,0.0,0.192,0.064,10.7875,0.0,0.064,1.923,17,177,0
0.0,0.0,0.0,10.0,0.0,0.0,10.0,0.0,0.0,0.0,0.0,0.0,0.0,0.0,0.0,0.0,0.0,0.0,0.0,0.0,0.0,10.0,10.0,0.0,10.0,1.79,10.0,0.89,10.0,0.0,10.0,0.0,0.0,10.0,10.0,0.0,0.0,0.0,0.0,0.0,10.0,10.0,0.0,10.0,0.0,10.0,10.0,0.0,0.0,0.136,0.0,0.0,10.13,0.0,1.988,24,179,0
0.0,0.0,0.0,10.0,0.0,0.0,10.0,0.0,0.0,0.0,0.0,0.0,0.0,0.0,0.0,0.0,0.0,0.0,1.92,0.0,0.64,10.0,10.0,0.0,10.0,3.2,10.0,0.0,10.0,0.0,10.0,0.0,0.0,10.0,10.0,0.64,0.0,0.0,0.0,0.0,10.0,10.0,10.0,10.0,0.0,10.0,10.0,0.0,0.213,0.0,0.0,0.106,0.0,0.0,2.714,47,95,0
0.0,0.0,0.0,10.0,0.54,0.0,10.0,0.0,0.0,0.0,0.54,1.09,0.0,0.0,0.0,0.0,0.0,0.0,3.82,0.0,0.0,10.0,10.0,0.0,10.0,2.18,10.0,0.54,10.0,1.09,10.0,0.0,0.0,10.0,10.0,0.0,0.0,0.0,0.0,0.0,10.0,10.0,10.0,10.0,0.54,10.0,10.0,0.0,0.0,0.087,0.0,0.0,0.0,0.0,3.533,34,159,0
0.0,0.0,0.32,10.0,0.32,0.0,10.0,0.0,0.0,0.0,0.0,0.64,0.0,0.0,0.0,0.0,0.0,0.0,0.32,0.0,0.0,10.0,10.0,0.0,10.0,0.64,10.0,0.0,10.0,0.0,10.0,0.0,0.0,10.0,10.0,0.32,0.64,0.0,0.0,0.0,10.0,10.0,10.0,10.0,0.0,10.0,0.0,0.0,0.0,0.04,0.0,0.0,10.13,0.0,1.677,10,156,0
0.0,0.0,0.0,10.0,0.0,0.0,10.0,0.0,0.0,0.0,0.0,0.0,0.0,1.8,0.0,0.0,0.6,0.0,1.2,0.0,0.0,10.0,10.0,0.0,10.0,0.0,10.0,1.2,10.0,0.0,10.0,0.0,0.0,10.0,10.0,0.0,0.0,0.0,0.0,0.0,10.0,10.0,10.0,10.0,0.0,10.0,10.0,0.0,0.0,0.299,0.0,0.0,0.0,0.199,2.465,28,106,1
0.0,0.0,0.0,10.0,0.0,0.0,10.0,0.0,0.0,0.0,0.0,0.0,0.0,0.0,0.0,0.0,0.0,0.0,8.33,0.0,0.0,10.0,10.0,0.0,10.0,0.0,10.0,0.0,10.0,0.0,10.0,0.0,0.0,10.0,10.0,0.0,0.0,10.0,0.0,0.0,10.0,10.0,10.0,10.0,0.0,0.0,10.0,0.0,0.0,0.0,0.0,0.0,0.0,0.0,1.0,1,8,0
0.0,0.0,0.0,10.0,0.0,0.0,0.0,0.0,0.0,0.0,0.0,0.0,0.0,0.0,0.0,0.0,0.0,0.0,0.0,0.0,0.0,10.0,10.0,0.0,10.0,0.0,10.0,0.0,10.0,0.0,10.0,0.0,0.0,10.0,10.0,0.0,0.0,10.0,0.0,0.0,10.0,10.0,10.0,10.0,0.0,10.0,10.0,0.0,0.0,0.0,4.081,0.0,0.0,0.0,1.0,1,3,0
0.0,0.0,0.0,10.0,0.0,0.0,10.0,0.0,0.0,0.0,0.0,2.77,0.0,0.0,0.0,0.0,0.0,0.0,2.77,0.0,0.0,10.0,10.0,0.0,10.0,2.77,10.0,2.77,10.0,2.77,10.0,2.77,0.0,10.0,10.0,2.77,0.0,0.0,0.0,2.77,10.0,10.0,10.0,10.0,0.0,10.0,0.0,0.0,0.0,1.229,0.0,0.0,10.13,0.0,3.25,11,39,0
0.17,0.0,0.17,10.0,1.44,0.34,0.05,0.05,0.05,0.05,0.05,0.51,0.28,0.05,0.0,0.0,0.69,0.05,4.14,0.23,1.09,10.0,10.0,0.05,10.0,0.0,10.0,0.0,10.0,0.0,10.0,0.0,0.0,10.0,10.0,0.0,0.0,10.0,0.0,0.0,10.0,10.0,10.0,10.0,0.0,10.0,0.0,0.0,0.01,0.05,0.0,0.01,10.13,0.03,2.051,51,521,1
0.0,0.0,0.0,10.0,1.36,0.45,10.0,0.0,0.0,0.0,0.0,0.0,0.45,0.0,0.0,0.45,0.45,0.45,1.81,0.0,0.9,10.0,10.0,0.0,10.0,0.0,10.0,0.0,10.0,0.0,10.0,10.0,0.0,10.0,10.0,0.0,0.0,0.0,0.0,0.0,10.0,10.0,10.0,10.0,0.0,0.0,0.0,0.0,0.0,0.135,0.0,0.135,0.0,0.0,16.883,46,117,1
0.0,0.0,0.52,10.0,0.0,1.04,10.0,0.0,0.0,0.52,0.0,1.57,0.0,0.0,0.0,0.0,0.0,0.0,3.66,0.0,0.52,10.0,10.0,0.0,10.0,0.0,10.0,0.0,10.0,0.0,10.0,0.0,0.0,10.0,10.0,0.0,0.0,10.0,0.0,0.0,10.0,10.0,10.0,10.0,0.0,1.04,0.0,0.0,0.0,0.0,0.0,0.09,10.13,0.0,1.466,6,44,0
0.21,0.1,0.52,10.0,1.26,0.1,0.0,0.0,0.42,0.52,0.21,0.52,0.42,0.0,0.0,0.0,0.52,0.0,4.53,0.0,2.0,10.0,0.31,1.47,10.0,0.0,10.0,0.0,10.0,0.0,0.0,10.0,0.0,10.0,10.0,0.0,0.0,10.0,0.0,0.0,10.0,10.0,0.0,10.0,0.0,10.0,10.0,0.0,0.0,0.028,0.0,0.141,10.13,0.0,16.883,193,1016,1
0.67,0.16,1.35,10.0,1.01,0.0,0.0,0.0,0.0,0.16,0.16,1.69,0.5,0.0,0.0,0.33,0.0,0.16,5.77,0.0,1.35,10.0,10.0,0.84,10.0,0.0,10.0,0.0,10.0,0.0,10.0,0.0,0.0,10.0,10.0,0.0,0.0,0.0,0.0,0.0,10.0,10.0,10.0,10.0,0.0,10.0,0.0,0.0,0.0,0.061,0.0,0.123,10.13,0.03,16.883,46,268,1
0.0,0.0,0.0,10.0,0.09,0.0,0.0,0.0,0.0,0.09,0.0,0.0,0.0,0.0,0.0,0.0,0.0,0.0,0.0,0.0,0.0,10.0,10.0,0.0,10.0,0.0,10.0,0.0,10.0,0.0,10.0,0.0,0.0,10.0,10.0,0.0,0.0,0.0,0.0,0.0,10.0,10.0,10.0,10.0,0.0,10.0,10.0,0.0,0.0,0.032,0.0,0.016,0.0,0.0,16.883,135,3315,1
0.0,0.0,0.0,10.0,0.79,0.79,0.0,0.0,0.0,0.0,0.0,0.0,0.0,0.0,0.0,0.0,0.0,0.0,3.17,0.0,0.0,10.0,10.0,0.0,10.0,0.0,10.0,0.0,10.0,0.0,10.0,10.0,0.0,10.0,10.0,0.0,0.0,0.0,0.0,0.0,10.0,10.0,10.0,10.0,0.79,10.0,10.0,0.0,0.0,0.0,0.0,0.0,0.0,0.0,1.076,2,28,0
0.0,0.0,0.0,10.0,0.57,0.0,10.0,0.0,0.0,0.0,0.0,1.71,0.0,0.0,0.0,0.0,0.0,0.57,0.0,0.0,0.0,10.0,10.0,0.0,10.0,0.57,10.0,0.57,10.0,0.57,10.0,0.0,0.0,10.0,10.0,0.57,0.0,0.0,0.0,0.0,10.0,10.0,10.0,10.0,0.0,10.0,10.0,0.0,0.0,0.077,0.0,0.0,0.0,0.0,1.947,12,111,0
0.0,0.0,0.0,10.0,0.0,0.0,10.0,0.0,0.0,0.0,0.0,0.0,0.0,0.0,0.0,0.0,0.0,0.0,0.0,0.0,0.0,10.0,10.0,0.0,10.0,0.0,10.0,0.0,10.0,0.0,10.0,0.0,0.0,10.0,10.0,0.0,4.54,10.0,4.54,0.0,10.0,10.0,10.0,10.0,0.0,0.0,10.0,0.0,0.675,1.351,0.0,0.0,0.0,0.0,3.7,26,37,0
0.07,0.22,0.82,10.0,0.52,0.0,0.07,0.0,0.67,0.6,0.22,0.82,0.07,0.0,0.15,0.0,0.07,0.0,3.3,0.22,1.87,10.0,10.0,0.22,10.0,0.0,10.0,0.0,10.0,0.0,10.0,0.0,0.0,10.0,10.0,0.0,0.0,10.0,0.0,0.0,10.0,10.0,0.0,10.0,0.0,10.0,10.0,0.0,0.0,0.095,0.0,0.131,10.13,0.167,3.446,74,972,1
0.32,0.0,0.0,10.0,0.32,0.0,0.0,0.0,0.0,0.0,0.0,0.32,0.0,0.0,0.0,0.0,0.0,0.0,0.96,0.0,2.56,10.0,10.0,0.0,10.0,0.0,10.0,0.0,10.0,0.0,10.0,0.0,0.0,10.0,10.0,0.0,0.0,10.0,0.0,0.0,10.0,10.0,10.0,10.0,0.0,10.0,0.0,0.0,0.0,0.234,0.0,0.058,10.13,0.0,1.068,3,47,0
0.0,0.0,0.0,10.0,0.0,0.0,0.0,0.0,0.0,0.0,0.0,0.0,0.0,0.0,0.0,0.0,0.0,0.0,6.0,0.0,2.0,10.0,10.0,0.0,10.0,0.0,10.0,0.0,10.0,0.0,10.0,0.0,0.0,10.0,10.0,0.0,0.0,0.0,0.0,0.0,10.0,10.0,10.0,10.0,0.0,10.0,10.0,0.0,0.0,0.0,0.0,10.7875,0.0,0.0,1.555,4,14,0
0.0,0.0,0.0,10.0,0.0,0.0,10.0,0.0,0.0,0.0,0.0,0.0,0.0,0.0,0.0,0.0,0.0,0.0,1.62,0.0,0.81,10.0,10.0,0.0,10.0,0.0,10.0,0.0,10.0,0.0,10.0,0.0,0.0,10.0,10.0,0.0,0.81,0.0,0.81,0.0,10.0,10.0,10.0,10.0,0.0,10.0,0.0,0.0,0.0,0.135,0.0,10.7875,0.0,0.135,1.958,17,94,0
0.12,0.19,0.7,10.0,0.44,0.0,10.0,0.0,0.57,0.5,0.25,0.95,0.06,0.0,0.19,0.0,0.06,0.0,3.82,0.19,2.48,10.0,10.0,0.19,10.0,0.0,10.0,0.0,10.0,0.0,10.0,0.0,0.0,10.0,10.0,0.0,0.0,0.0,0.0,0.0,10.0,10.0,10.0,10.0,0.0,10.0,10.0,0.0,0.0,0.102,0.0,0.133,0.041,0.143,3.29,74,1030,1
0.0,0.0,0.0,10.0,0.0,0.0,0.0,0.0,0.0,0.0,0.0,0.0,0.0,0.0,0.0,0.0,0.0,0.0,0.0,0.0,0.0,10.0,10.0,0.0,10.0,4.76,10.0,4.76,10.0,4.76,10.0,4.76,0.0,10.0,10.0,4.76,0.0,10.0,0.0,4.76,10.0,10.0,10.0,10.0,0.0,10.0,10.0,0.0,0.0,1.257,0.0,0.0,0.0,0.0,3.333,11,30,0
0.0,14.28,0.0,10.0,0.0,0.0,10.0,0.0,0.0,0.0,0.0,0.0,0.0,0.0,0.0,0.0,0.0,0.0,0.0,0.0,0.0,10.0,10.0,0.0,10.0,0.0,10.0,0.0,10.0,0.0,10.0,0.0,0.0,10.0,10.0,0.0,0.0,10.0,0.0,0.0,10.0,10.0,10.0,10.0,0.0,10.0,0.0,0.0,0.0,0.0,0.0,0.0,0.0,0.0,1.8,5,9,0
0.0,0.0,0.0,10.0,0.0,0.0,10.0,0.0,0.0,0.0,0.0,0.0,0.0,0.0,0.0,0.0,0.0,0.0,0.0,0.0,0.0,10.0,10.0,0.0,10.0,0.0,10.0,0.0,10.0,0.0,10.0,0.0,0.0,10.0,10.0,0.0,0.0,10.0,0.0,0.0,10.0,10.0,10.0,10.0,0.0,10.0,0.0,0.0,0.0,1.369,0.0,0.0,0.0,0.0,1.25,2,5,0
0.0,0.0,0.0,10.0,0.0,0.0,0.0,0.0,0.0,0.0,0.0,0.0,0.0,0.0,0.0,0.0,0.0,0.0,3.33,0.0,0.0,10.0,10.0,0.0,10.0,0.0,10.0,0.0,10.0,0.0,10.0,0.0,0.0,10.0,10.0,0.0,0.0,0.0,0.0,0.0,10.0,10.0,10.0,10.0,0.0,10.0,10.0,0.0,0.0,0.0,0.0,10.7875,0.0,0.0,2.3,9,23,1
0.0,0.0,0.0,10.0,0.0,0.0,0.0,0.0,0.0,0.0,1.23,1.23,0.0,0.0,0.0,0.0,0.0,0.0,2.46,0.0,0.0,10.0,10.0,0.0,10.0,0.0,10.0,0.0,10.0,0.0,10.0,0.0,0.0,10.0,10.0,0.0,0.0,0.0,0.0,0.0,10.0,10.0,10.0,10.0,0.0,10.0,10.0,0.0,0.0,0.0,0.0,10.7875,0.0,0.0,1.357,5,19,1
0.0,0.0,0.0,10.0,1.28,0.0,0.28,0.0,0.0,0.0,0.0,0.28,0.0,0.0,0.0,0.14,0.0,0.0,1.7,0.0,0.85,10.0,10.0,0.42,10.0,0.0,10.0,0.0,10.0,0.0,10.0,0.0,0.0,10.0,10.0,0.0,0.0,0.0,0.0,0.0,10.0,10.0,10.0,10.0,0.0,10.0,10.0,0.14,0.026,0.078,0.0,0.13,0.0,0.0,16.883,137,826,1
0.09,0.0,0.27,10.0,0.36,0.09,0.0,0.18,0.09,0.0,0.0,0.72,0.0,0.36,0.0,0.0,0.0,0.0,2.0,0.0,3.27,10.0,10.0,0.09,10.0,0.0,10.0,0.0,10.0,0.0,10.0,0.0,0.0,10.0,10.0,0.0,0.0,10.0,0.0,0.0,10.0,10.0,10.0,10.0,0.27,10.0,0.0,0.0,0.015,0.047,0.031,0.252,0.031,0.031,16.883,69,542,1
0.0,0.0,1.16,10.0,0.0,0.0,10.0,0.0,0.0,0.0,0.0,2.32,0.0,0.0,0.0,0.0,0.0,3.48,0.0,0.0,1.16,10.0,10.0,0.0,10.0,1.16,10.0,1.16,10.0,1.16,10.0,0.0,0.0,10.0,10.0,1.16,0.0,0.0,1.16,0.0,10.0,10.0,10.0,10.0,0.0,10.0,10.0,0.0,0.0,0.139,0.0,0.139,0.0,0.0,1.515,10,50,0
0.0,0.0,0.0,10.0,0.0,0.0,1.96,0.0,0.0,1.96,0.0,1.96,0.0,0.0,0.0,0.0,0.0,0.0,3.92,0.0,1.96,10.0,10.0,0.0,10.0,0.0,10.0,0.0,10.0,0.0,0.0,0.0,0.0,10.0,10.0,0.0,0.0,10.0,0.0,0.0,10.0,10.0,10.0,10.0,0.0,10.0,10.0,0.0,0.0,0.0,0.0,0.0,0.0,0.0,16.883,60,74,1
0.0,0.0,0.0,10.0,0.54,0.0,10.0,0.0,0.0,1.63,0.54,0.54,0.54,0.0,0.0,0.0,0.0,0.0,2.18,0.0,1.09,10.0,10.0,0.0,10.0,0.54,10.0,0.0,10.0,0.0,10.0,0.0,0.0,10.0,10.0,0.0,0.0,0.0,0.0,0.0,10.0,10.0,10.0,10.0,0.0,10.0,10.0,0.0,0.0,0.09,0.09,0.0,0.0,0.0,1.969,16,65,0
0.0,0.0,0.0,10.0,0.0,0.0,0.0,0.0,0.0,0.0,0.0,0.0,0.0,2.06,0.0,0.0,0.0,0.0,0.0,0.0,0.0,10.0,10.0,0.0,10.0,0.0,10.0,0.0,10.0,0.0,10.0,0.0,0.0,10.0,10.0,1.03,0.0,0.0,0.0,0.0,10.0,10.0,10.0,10.0,1.03,10.0,0.0,0.0,0.0,0.171,0.0,0.171,10.13,0.0,16.883,24,80,1
0.35,0.0,0.71,10.0,0.0,0.0,10.0,0.0,0.0,0.35,0.0,0.71,0.0,0.0,0.0,0.0,0.0,0.0,7.47,0.0,1.06,10.0,10.0,0.0,10.0,0.0,10.0,0.0,10.0,0.0,10.0,0.0,0.0,10.0,10.0,0.0,0.0,10.0,0.0,0.0,10.0,10.0,10.0,10.0,0.35,10.0,0.0,0.0,0.0,0.067,0.0,0.0,0.0,0.0,1.0,1,40,0
0.0,0.0,0.0,10.0,1.03,0.0,1.03,0.0,0.0,0.0,0.0,2.06,0.0,0.0,0.0,2.06,0.0,0.0,3.09,0.0,1.03,10.0,10.0,0.0,10.0,0.0,10.0,0.0,10.0,0.0,10.0,0.0,0.0,10.0,10.0,0.0,0.0,10.0,0.0,0.0,10.0,10.0,10.0,10.0,0.0,10.0,0.0,0.0,0.0,0.0,0.0,0.0,0.0,0.0,16.883,60,84,1
0.0,0.18,0.18,10.0,0.74,0.0,10.0,0.0,0.0,0.55,0.18,0.18,0.0,0.0,0.18,0.0,0.0,0.0,1.11,0.0,0.74,10.0,10.0,0.0,10.0,0.0,10.0,0.0,10.0,0.18,10.0,10.0,0.37,10.0,10.0,0.74,0.0,0.0,0.0,0.0,10.0,10.0,10.0,10.0,0.0,10.0,0.0,0.0,0.0,0.058,0.0,0.0,0.029,1.57,2.166,11,208,1
0.73,0.36,1.09,10.0,0.0,0.73,0.73,1.09,0.36,0.36,0.0,0.36,0.0,0.0,0.0,1.09,0.36,0.36,2.19,2.19,2.19,10.0,10.0,0.0,10.0,0.0,10.0,0.0,10.0,0.0,10.0,0.0,0.0,10.0,10.0,0.0,0.0,10.0,0.0,0.0,10.0,10.0,10.0,10.0,0.0,10.0,0.0,0.0,0.0,0.11,0.0,10.7875,0.332,0.0,3.254,30,179,1
0.0,1.78,0.0,10.0,0.0,0.0,0.0,0.0,0.0,1.78,0.0,3.57,0.0,0.0,0.0,0.0,0.0,0.0,8.92,0.0,1.78,10.0,10.0,0.0,10.0,0.0,10.0,0.0,10.0,0.0,10.0,0.0,0.0,10.0,10.0,0.0,0.0,0.0,1.78,0.0,10.0,10.0,10.0,10.0,1.78,10.0,10.0,0.0,0.0,0.0,0.0,0.0,10.13,0.0,2.388,21,43,0
0.0,0.0,0.0,10.0,1.28,0.0,0.0,0.0,1.28,0.0,0.0,0.0,0.0,1.28,0.0,0.0,0.0,0.0,1.28,0.0,0.0,10.0,10.0,0.0,10.0,1.28,10.0,1.28,10.0,1.28,10.0,1.28,0.0,10.0,10.0,1.28,0.0,10.0,0.0,1.28,10.0,10.0,10.0,10.0,0.0,10.0,10.0,0.0,0.0,0.398,0.0,0.0,0.0,0.0,2.21,11,42,0
0.0,0.0,0.0,10.0,0.0,0.0,10.0,0.0,0.0,0.0,0.0,0.0,0.0,0.0,0.0,0.0,0.0,0.0,0.0,0.0,0.0,10.0,10.0,0.0,10.0,0.0,10.0,0.0,10.0,0.0,10.0,10.0,0.0,10.0,10.0,0.0,0.0,0.0,0.0,0.0,10.0,10.0,10.0,10.0,0.0,10.0,0.0,0.0,0.0,0.0,0.0,0.0,0.0,0.0,1.0,1,5,0
0.0,0.0,0.72,10.0,1.81,0.0,0.0,0.0,0.0,0.36,0.0,0.36,0.0,0.0,0.0,0.0,0.72,0.0,0.72,0.0,0.36,10.0,10.0,0.0,10.0,0.0,10.0,0.0,10.0,0.0,10.0,0.0,0.36,10.0,10.0,0.0,0.0,10.0,0.0,0.0,10.0,10.0,10.0,10.0,0.0,10.0,0.0,0.0,0.053,0.265,0.0,0.0,10.13,0.0,1.543,13,88,1
0.0,0.0,0.0,10.0,0.0,0.0,10.0,0.0,0.0,0.0,0.0,0.0,0.0,0.0,0.0,0.0,0.0,0.0,0.0,0.0,0.0,10.0,10.0,0.0,10.0,0.0,10.0,0.0,10.0,0.0,10.0,0.0,0.0,10.0,10.0,2.0,2.0,0.0,4.0,0.0,10.0,10.0,10.0,10.0,0.0,10.0,10.0,0.0,0.0,0.0,0.0,0.176,0.0,0.0,1.758,7,51,0
0.0,0.0,0.0,10.0,0.0,0.0,10.0,0.0,0.0,0.0,0.0,0.0,0.0,0.0,0.0,0.0,0.0,0.0,0.0,0.0,0.0,10.0,10.0,0.0,10.0,0.0,10.0,0.0,10.0,0.0,10.0,0.0,0.0,10.0,10.0,0.0,0.0,0.0,0.0,0.0,10.0,10.0,10.0,10.0,0.0,10.0,10.0,0.0,0.0,0.0,0.0,0.0,0.0,0.0,1.0,1,6,0
0.0,0.0,0.0,10.0,0.0,0.0,0.0,0.0,0.0,0.0,0.0,0.0,0.0,0.0,0.0,0.0,0.0,0.0,3.7,0.0,0.0,10.0,10.0,0.0,10.0,0.0,10.0,0.0,10.0,0.0,10.0,0.0,0.0,10.0,10.0,0.0,0.0,10.0,0.0,0.0,10.0,10.0,10.0,10.0,0.0,0.0,10.0,0.0,0.0,0.0,0.0,10.7875,0.0,0.0,1.0,1,11,0
0.0,3.68,0.0,10.0,0.0,0.0,0.0,0.0,0.0,0.0,0.0,0.61,0.0,0.0,0.0,0.0,0.0,0.0,0.61,0.0,1.22,10.0,10.0,0.0,10.0,0.61,10.0,0.61,10.0,0.61,10.0,0.61,0.0,10.0,10.0,0.61,1.84,10.0,0.61,0.61,10.0,10.0,10.0,10.0,1.84,10.0,10.0,0.0,0.0,0.189,0.094,0.0,0.0,0.094,2.283,13,169,0
0.0,2.46,0.0,10.0,0.0,0.0,10.0,0.0,0.0,0.0,0.0,0.0,0.0,0.0,0.0,0.0,0.0,1.23,1.23,0.0,1.23,10.0,10.0,0.0,10.0,0.0,10.0,2.46,10.0,0.0,0.0,0.0,0.0,10.0,10.0,0.0,0.0,10.0,0.0,0.0,10.0,10.0,10.0,10.0,1.23,10.0,0.0,0.0,0.0,0.392,0.0,0.0,10.13,0.0,2.142,10,75,0
0.31,0.0,0.63,10.0,0.21,0.0,0.0,0.0,0.42,0.1,0.0,0.31,0.0,0.0,0.0,0.53,0.0,0.0,1.7,0.0,1.06,10.0,10.0,0.21,10.0,0.0,10.0,0.0,10.0,0.0,0.0,10.0,0.0,10.0,10.0,0.0,0.0,10.0,0.0,0.0,10.0,10.0,10.0,10.0,0.0,0.0,0.0,0.0,0.0,0.169,0.0,10.7875,10.13,0.075,2.847,75,447,1
0.0,0.44,0.0,10.0,0.0,0.0,0.0,0.0,0.0,0.29,0.0,0.29,0.0,0.0,0.0,0.0,0.14,0.0,0.0,0.0,0.29,10.0,10.0,0.0,10.0,0.0,10.0,0.0,10.0,0.89,10.0,10.0,0.0,10.0,10.0,0.0,0.89,0.0,0.0,0.0,10.0,10.0,10.0,10.0,0.0,10.0,10.0,0.44,0.101,0.135,0.016,0.0,0.0,0.0,2.297,46,680,0
0.41,0.0,0.41,10.0,0.0,0.0,10.0,0.0,0.0,0.0,0.41,0.0,0.41,0.0,0.0,0.0,0.0,0.0,2.05,0.0,1.23,10.0,10.0,0.41,10.0,0.0,10.0,0.0,10.0,0.0,10.0,0.0,0.41,10.0,10.0,0.0,0.41,0.41,0.0,0.0,10.0,10.0,10.0,10.0,0.0,10.0,10.0,0.0,0.0,0.067,0.0,0.067,0.0,0.0,1.863,14,41,1
0.0,0.0,0.0,10.0,0.0,0.0,10.0,0.0,0.0,0.0,0.0,0.0,0.0,0.0,0.0,0.0,0.0,0.0,4.34,0.0,8.69,10.0,10.0,0.0,10.0,0.0,10.0,0.0,10.0,0.0,0.0,0.0,0.0,10.0,10.0,0.0,0.0,0.0,0.0,0.0,10.0,10.0,10.0,10.0,0.0,10.0,10.0,0.0,0.0,0.0,0.0,10.7875,0.0,0.0,1.0,1,8,0
0.0,0.0,0.0,10.0,0.0,0.0,10.0,0.0,0.0,0.0,0.0,1.23,0.0,0.0,0.0,0.0,1.23,0.0,0.0,0.0,0.0,10.0,10.0,0.0,10.0,0.0,10.0,0.0,10.0,1.23,10.0,0.0,0.0,10.0,10.0,0.0,0.0,0.0,0.0,0.0,10.0,10.0,10.0,10.0,0.0,10.0,0.0,0.0,0.0,0.0,0.0,10.7875,0.0,0.0,2.045,6,45,0
0.0,0.0,1.12,10.0,0.56,0.0,0.0,0.0,0.0,0.56,0.0,0.0,0.0,0.0,0.0,0.56,0.0,0.0,2.25,0.0,1.12,10.0,10.0,0.0,10.0,0.0,10.0,0.0,10.0,0.0,10.0,0.0,0.0,10.0,10.0,0.0,0.0,0.0,0.0,0.0,10.0,10.0,10.0,10.0,0.56,10.0,0.0,0.0,0.0,0.101,0.0,10.7875,10.13,0.0,2.36,19,144,1
0.0,0.0,0.0,10.0,0.0,0.0,10.0,0.0,0.0,0.0,0.0,0.0,0.0,0.0,0.0,0.0,0.0,0.0,0.0,0.0,0.0,10.0,10.0,0.0,10.0,0.0,10.0,0.0,10.0,0.0,10.0,0.0,0.0,10.0,10.0,0.0,0.0,10.0,0.0,0.0,10.0,10.0,0.0,10.0,0.0,10.0,0.0,0.0,0.0,0.0,0.0,0.0,10.13,0.0,1.0,1,4,0
0.0,0.0,1.2,10.0,0.0,0.0,10.0,0.0,0.0,0.0,0.0,0.0,0.0,0.0,0.0,0.0,0.0,0.0,3.61,0.0,2.4,10.0,10.0,0.0,10.0,0.0,10.0,0.0,10.0,0.0,10.0,10.0,0.0,10.0,10.0,0.0,0.0,0.0,0.0,0.0,10.0,10.0,10.0,10.0,0.0,1.2,10.0,0.0,0.0,0.0,0.0,0.0,0.0,0.0,1.2,3,24,0
0.05,0.3,0.4,10.0,0.1,0.05,10.0,0.05,0.1,0.0,0.0,0.3,0.2,0.0,0.05,0.0,0.0,0.5,1.55,0.3,0.75,10.0,10.0,0.2,10.0,0.05,10.0,0.0,10.0,0.0,10.0,0.0,0.0,10.0,10.0,0.0,0.0,0.0,0.0,0.0,10.0,10.0,0.0,10.0,0.05,10.0,10.0,0.0,0.0,0.045,0.0,0.054,10.13,0.0,2.37,96,588,1
0.0,0.0,0.82,10.0,0.82,0.0,10.0,0.0,0.0,0.0,0.0,0.82,0.0,0.0,0.0,0.0,0.82,0.0,0.0,0.0,0.0,10.0,10.0,0.0,10.0,1.65,10.0,0.0,10.0,0.82,10.0,0.0,0.0,10.0,10.0,0.0,0.0,0.0,0.0,0.0,10.0,10.0,10.0,10.0,0.82,10.0,0.0,0.0,0.0,0.0,0.0,0.119,10.13,0.0,1.272,6,42,0
0.0,0.0,0.0,10.0,1.38,0.0,10.0,0.0,0.0,0.0,0.0,4.16,0.0,0.0,0.0,0.0,0.0,0.0,0.0,0.0,0.0,10.0,10.0,0.0,10.0,0.0,10.0,0.0,10.0,0.0,10.0,0.0,0.0,10.0,10.0,0.0,0.0,10.0,0.0,0.0,10.0,10.0,10.0,10.0,0.0,10.0,0.0,0.0,0.0,0.238,0.0,0.0,0.0,0.0,1.578,4,30,0
0.0,0.0,0.0,10.0,0.64,0.0,10.0,0.0,0.0,0.0,0.64,0.64,0.0,0.0,0.0,0.0,1.29,0.0,1.29,5.19,1.29,10.0,10.0,0.64,10.0,0.0,10.0,0.0,10.0,0.0,10.0,0.0,0.0,10.0,10.0,0.0,0.0,10.0,0.0,0.0,10.0,10.0,10.0,10.0,0.0,0.0,10.0,0.0,0.0,0.468,0.0,0.093,0.0,0.0,2.755,66,135,1
0.0,0.0,0.0,10.0,0.53,0.0,10.0,0.0,0.0,0.0,0.0,0.53,0.53,0.0,0.0,0.0,0.0,0.0,0.53,0.0,1.06,10.0,10.0,0.0,10.0,0.0,10.0,0.0,10.0,0.0,0.0,0.0,0.0,10.0,10.0,0.0,0.0,10.0,0.0,0.0,10.0,10.0,10.0,10.0,0.53,10.0,10.0,0.0,0.0,0.188,0.0,0.0,0.0,0.0,1.142,3,40,0
0.0,0.0,0.0,10.0,0.0,1.12,10.0,0.0,0.0,0.0,0.0,0.0,0.0,0.0,0.0,0.0,0.0,0.0,2.24,0.0,0.0,10.0,10.0,0.0,10.0,0.0,10.0,0.0,10.0,0.0,10.0,0.0,0.0,10.0,10.0,0.0,0.0,0.0,0.0,0.0,10.0,10.0,10.0,10.0,0.0,10.0,0.0,0.0,0.0,0.392,0.0,10.7875,0.0,0.0,2.551,12,74,1
0.38,0.0,0.64,10.0,0.12,0.25,0.0,0.0,0.0,0.0,0.0,0.25,0.0,0.0,0.0,0.0,0.25,0.12,1.03,0.0,0.38,10.0,10.0,0.0,10.0,0.38,10.0,0.25,10.0,0.25,10.0,0.0,0.0,10.0,10.0,0.51,0.0,0.0,0.0,0.0,10.0,10.0,10.0,10.0,0.0,10.0,10.0,0.25,0.0,0.082,0.0,0.02,10.13,0.0,1.491,11,267,0
0.0,0.0,0.0,10.0,0.0,0.0,10.0,0.0,0.0,0.0,0.0,0.0,0.0,0.0,0.0,0.0,0.0,0.0,0.0,0.0,0.0,10.0,10.0,0.0,10.0,0.0,10.0,0.0,10.0,0.0,10.0,0.0,0.0,10.0,10.0,0.0,0.0,0.0,0.0,0.0,10.0,10.0,0.0,10.0,1.26,10.0,0.0,0.0,0.0,0.215,0.0,0.215,10.13,0.0,16.883,25,76,1
0.0,1.07,0.0,10.0,1.79,0.35,0.0,0.0,0.0,0.35,0.0,0.0,0.35,0.0,0.0,0.0,0.0,0.0,0.71,0.0,1.07,10.0,10.0,0.0,10.0,0.35,10.0,0.0,10.0,0.0,10.0,0.35,0.0,10.0,10.0,0.0,0.71,10.0,0.71,0.0,10.0,10.0,10.0,10.0,0.35,10.0,10.0,0.0,0.0,0.244,0.061,0.244,0.0,0.0,1.974,22,152,0
0.43,0.0,0.0,10.0,0.0,0.0,10.0,0.0,0.0,0.0,0.0,0.0,0.86,0.0,0.0,0.0,0.0,0.0,4.34,0.0,0.86,10.0,10.0,0.0,10.0,0.0,10.0,0.0,10.0,0.0,10.0,0.0,0.0,10.0,10.0,0.0,0.0,0.0,0.0,0.0,10.0,10.0,10.0,10.0,0.0,10.0,0.0,0.0,0.0,0.374,0.0,0.0,10.13,0.0,1.974,18,77,0
0.0,0.0,0.74,10.0,1.85,0.37,0.37,0.0,0.0,0.74,0.0,0.37,0.0,0.0,0.0,1.11,0.0,0.0,1.85,0.0,3.34,10.0,10.0,0.0,10.0,0.0,10.0,0.0,10.0,0.0,10.0,0.0,0.0,10.0,10.0,0.0,0.0,10.0,0.0,0.0,10.0,10.0,10.0,10.0,0.0,10.0,10.0,0.0,0.0,0.264,0.0,0.0,0.0,0.0,2.492,12,172,1
0.16,0.0,0.32,10.0,1.3,0.65,10.0,0.65,0.0,0.0,0.0,0.16,0.0,0.0,0.16,0.32,1.63,2.45,1.79,0.0,1.14,10.0,10.0,0.32,10.0,0.0,10.0,0.0,10.0,0.0,10.0,0.0,0.0,10.0,10.0,0.0,0.0,0.0,0.0,0.49,10.0,10.0,10.0,10.0,0.0,10.0,0.0,0.0,0.0,0.027,0.0,10.7875,0.027,0.0,1.25,12,165,1
0.0,0.0,0.0,10.0,0.0,0.0,10.0,0.0,0.0,0.0,0.0,0.0,0.0,0.0,0.0,0.0,0.0,0.0,1.75,0.0,0.0,10.0,10.0,0.0,10.0,0.87,10.0,1.75,10.0,0.87,10.0,0.87,0.0,10.0,10.0,0.87,0.0,10.0,0.0,0.87,10.0,10.0,10.0,10.0,0.87,10.0,0.0,0.0,0.0,0.749,0.0,0.107,0.0,0.0,2.454,11,81,0
0.0,0.0,0.43,10.0,0.0,0.0,10.0,0.0,0.0,0.0,0.0,0.0,0.0,0.0,0.0,0.0,0.0,0.0,0.43,0.0,0.0,10.0,10.0,0.0,10.0,3.89,10.0,0.0,10.0,0.0,10.0,0.0,0.0,10.0,10.0,0.0,2.16,0.0,0.0,0.0,10.0,10.0,10.0,10.0,0.0,10.0,0.0,0.0,0.318,0.717,0.159,0.079,0.0,0.0,16.883,19,300,0
0.0,0.0,0.57,10.0,0.0,0.0,10.0,0.0,0.0,0.0,0.0,0.0,0.0,0.0,0.0,0.0,0.0,0.0,0.28,0.0,0.0,10.0,10.0,0.0,10.0,0.28,10.0,0.0,10.0,0.0,10.0,0.0,0.0,10.0,10.0,0.0,0.0,10.0,0.0,0.0,10.0,10.0,10.0,10.0,0.0,10.0,0.0,0.28,0.0,0.043,0.0,0.0,0.0,0.0,1.651,8,109,0
0.0,0.0,0.0,10.0,0.0,0.0,10.0,0.39,0.0,0.0,0.0,0.39,0.0,0.0,0.0,0.0,0.0,0.0,0.0,0.0,0.0,10.0,10.0,0.0,10.0,0.0,10.0,0.0,10.0,0.39,10.0,0.0,0.39,10.0,10.0,0.39,0.39,10.0,0.0,0.0,10.0,10.0,10.0,10.0,0.0,10.0,0.0,0.0,0.0,0.049,0.0,0.0,0.0,0.0,2.0,38,124,0
2.77,0.0,0.0,10.0,0.0,0.0,0.0,0.0,0.0,0.0,0.0,0.0,0.0,0.0,0.0,0.0,0.0,0.0,0.0,0.0,0.0,10.0,10.0,0.0,10.0,0.0,10.0,0.0,10.0,0.0,10.0,0.0,0.0,10.0,10.0,0.0,0.0,10.0,0.0,0.0,10.0,10.0,10.0,10.0,1.38,10.0,0.0,0.0,0.0,0.0,0.0,0.213,10.13,0.0,1.75,6,49,0
0.0,0.0,0.0,10.0,0.0,0.0,0.0,0.0,0.0,0.0,0.0,0.0,0.0,0.0,0.0,0.0,0.0,0.0,0.0,0.0,2.11,10.0,10.0,0.0,10.0,0.0,10.0,0.0,10.0,0.0,10.0,0.0,0.0,10.0,10.0,0.0,0.0,0.0,0.0,0.0,10.0,10.0,10.0,10.0,0.0,0.0,0.0,0.0,0.0,0.0,0.0,10.7875,10.13,0.0,16.883,95,461,1
0.0,0.0,0.0,10.0,0.0,0.0,0.0,0.0,0.55,0.0,0.0,0.0,0.0,0.0,0.0,0.0,0.0,0.55,1.65,0.0,1.65,10.0,10.0,0.0,10.0,0.0,10.0,0.0,10.0,0.0,0.0,0.0,0.0,10.0,10.0,0.0,0.0,0.0,0.0,0.55,10.0,10.0,10.0,10.0,0.0,10.0,10.0,0.0,0.0,0.104,0.314,0.0,10.13,0.0,16.883,97,393,0
0.0,0.0,0.0,10.0,1.69,0.0,10.0,0.0,0.0,0.0,0.0,1.69,0.0,0.0,0.0,0.0,0.0,0.0,1.69,0.0,1.69,10.0,10.0,0.0,10.0,0.0,10.0,0.0,10.0,0.0,10.0,0.0,0.0,10.0,10.0,0.0,0.0,0.0,0.0,0.0,10.0,10.0,10.0,10.0,1.69,0.0,0.0,0.0,0.0,0.0,0.0,10.7875,10.13,0.0,1.461,4,19,0
0.0,0.0,0.0,10.0,0.0,0.0,10.0,0.0,0.0,0.0,0.0,0.0,0.0,0.0,0.0,0.0,0.0,0.0,0.0,0.0,0.0,10.0,10.0,0.0,10.0,0.0,10.0,0.0,10.0,0.0,10.0,10.0,2.85,10.0,10.0,0.0,0.0,2.85,0.0,0.0,10.0,10.0,10.0,10.0,2.85,10.0,0.0,0.0,0.0,0.543,0.0,0.0,0.0,0.0,1.0,1,10,0
0.0,0.0,0.0,10.0,0.0,0.0,0.0,0.0,0.0,0.0,0.0,0.0,0.0,0.0,0.0,0.0,0.0,0.0,0.0,0.0,4.34,10.0,10.0,0.0,10.0,0.0,10.0,0.0,10.0,0.0,10.0,0.0,0.0,10.0,10.0,0.0,0.0,10.0,0.0,0.0,10.0,10.0,10.0,10.0,0.0,10.0,10.0,0.0,0.0,0.0,0.0,0.0,0.0,0.0,2.125,6,17,0
0.0,0.0,0.0,10.0,0.38,0.38,0.38,0.38,0.0,0.0,0.38,0.0,0.0,0.0,0.0,0.38,0.0,0.0,3.5,0.0,1.94,10.0,10.0,0.38,10.0,0.0,10.0,0.0,10.0,0.0,10.0,0.0,0.0,10.0,10.0,0.0,0.0,10.0,0.0,0.0,10.0,10.0,10.0,10.0,0.0,10.0,10.0,0.0,0.0,0.0,0.0,0.122,0.0,0.0,2.08,12,104,1
0.09,0.09,1.14,10.0,0.38,0.0,0.0,0.09,0.0,0.19,0.38,0.19,0.0,0.0,0.0,0.66,0.0,0.0,1.52,0.0,1.42,10.0,10.0,0.0,10.0,0.0,10.0,0.0,10.0,0.0,0.0,0.0,0.0,10.0,10.0,0.0,0.0,10.0,0.0,0.0,10.0,10.0,10.0,10.0,0.0,10.0,10.0,0.0,0.044,0.059,0.0,10.7875,0.0,0.0,3.28,31,771,1
0.0,0.0,0.0,10.0,0.0,1.36,0.0,0.0,1.36,0.0,0.0,0.0,0.0,0.0,0.0,1.36,0.0,0.0,1.36,0.0,0.0,10.0,10.0,0.0,10.0,0.0,10.0,0.0,10.0,0.0,10.0,0.0,1.36,10.0,10.0,0.0,1.36,0.0,0.0,1.36,10.0,10.0,10.0,10.0,0.0,0.0,0.0,0.0,0.0,0.0,0.0,10.7875,10.13,0.0,16.883,63,107,1
0.0,0.0,1.58,10.0,0.0,0.0,0.0,0.0,0.0,0.0,0.0,0.0,0.0,0.0,0.0,0.0,0.0,0.0,0.0,0.0,0.0,10.0,10.0,0.0,10.0,1.58,10.0,3.17,10.0,1.58,10.0,0.0,0.0,10.0,10.0,0.0,0.0,0.0,0.0,0.0,10.0,10.0,10.0,10.0,0.0,10.0,10.0,0.0,0.0,0.4,0.0,0.0,10.13,0.0,3.36,13,84,0
0.5,0.46,0.34,10.0,0.15,0.03,0.0,0.19,0.57,0.65,0.3,0.73,0.65,1.27,0.03,0.23,0.42,0.0,3.08,0.0,1.34,10.0,10.0,0.5,10.0,0.0,10.0,0.0,10.0,0.0,10.0,0.0,0.0,10.0,10.0,0.0,0.0,0.0,0.0,0.0,10.0,10.0,0.0,10.0,0.03,10.0,10.0,0.0,0.011,0.077,0.0,10.7875,10.13,0.125,7.202,595,2413,1
0.0,0.0,0.36,10.0,0.73,0.0,10.0,0.0,0.0,0.0,0.0,0.36,0.18,0.0,0.0,0.36,0.0,0.0,1.28,0.0,0.36,10.0,10.0,0.0,10.0,1.28,10.0,0.0,10.0,0.0,10.0,0.0,0.0,10.0,10.0,0.0,0.36,0.0,0.0,0.0,10.0,10.0,10.0,10.0,0.18,10.0,10.0,0.0,0.027,0.0,0.0,0.055,0.0,0.0,3.176,51,270,0
0.0,0.0,0.14,10.0,0.28,0.0,10.0,0.0,0.0,0.0,0.0,0.0,0.0,0.0,0.0,0.0,0.0,0.0,2.89,2.31,2.02,10.0,10.0,0.0,10.0,0.0,10.0,0.0,10.0,0.0,0.0,0.0,0.0,10.0,10.0,0.0,0.0,0.0,0.0,0.0,10.0,10.0,10.0,10.0,0.28,10.0,0.0,0.0,0.0,0.053,0.0,0.269,10.13,0.484,16.883,74,1222,1
0.0,0.0,0.0,10.0,3.98,0.44,10.0,0.44,0.0,0.88,0.0,0.0,0.0,0.0,0.0,0.88,0.0,0.0,0.88,0.44,1.32,10.0,10.0,0.0,10.0,0.0,10.0,0.0,0.0,0.0,10.0,0.0,0.44,10.0,10.0,0.0,0.0,10.0,0.0,0.0,10.0,10.0,10.0,10.0,0.0,10.0,0.0,0.0,0.0,0.257,0.0,0.064,10.13,0.0,2.215,23,113,1
0.0,0.04,0.23,10.0,0.09,0.0,10.0,0.04,0.04,0.04,0.04,0.74,0.0,0.0,0.0,0.13,0.04,0.04,0.93,0.0,0.65,10.0,10.0,0.0,10.0,0.32,10.0,0.23,10.0,0.18,10.0,0.0,0.0,10.0,10.0,0.0,0.32,0.0,0.04,0.04,10.0,10.0,0.0,10.0,0.0,10.0,10.0,0.04,0.027,0.184,0.0,0.047,10.13,0.0,1.686,20,1184,0
0.0,0.0,0.0,10.0,0.0,0.05,0.0,0.34,0.0,0.0,0.11,0.81,0.05,0.11,0.0,0.0,0.75,0.0,0.0,0.0,0.0,10.0,10.0,0.0,10.0,0.0,10.0,0.0,10.0,0.0,10.0,10.0,0.05,10.0,10.0,0.23,0.05,0.0,0.0,0.0,10.0,10.0,10.0,10.0,0.0,0.0,10.0,0.0,0.283,0.107,0.0,0.0,10.13,0.0,1.864,32,910,1
0.0,0.33,0.0,10.0,0.33,0.0,10.0,0.0,0.0,0.0,0.0,0.33,0.0,0.0,0.0,0.0,0.0,0.33,0.0,0.0,0.0,10.0,10.0,0.0,10.0,0.33,10.0,0.67,10.0,0.0,10.0,0.0,0.0,10.0,10.0,0.0,0.0,0.0,0.0,0.0,10.0,10.0,10.0,10.0,0.0,10.0,10.0,0.33,0.0,0.088,0.0,0.0,0.0,0.0,1.87,15,116,0
0.0,0.62,0.62,10.0,0.0,0.62,10.0,2.82,0.0,0.31,0.31,2.5,0.0,0.0,0.0,2.5,0.0,0.0,5.32,0.31,1.56,10.0,10.0,0.62,0.0,0.0,10.0,0.0,10.0,0.0,10.0,0.0,0.0,10.0,10.0,0.0,0.0,0.0,0.0,0.0,10.0,10.0,10.0,10.0,0.0,10.0,10.0,0.0,0.0,0.055,0.0,0.111,10.13,0.055,1.672,6,92,1
0.0,0.64,0.64,10.0,0.64,0.0,10.0,0.0,2.59,1.29,1.29,1.94,0.0,0.0,0.0,0.64,0.64,0.64,3.24,0.0,2.59,10.0,10.0,0.0,10.0,0.0,10.0,0.0,10.0,10.0,0.0,0.0,0.0,10.0,10.0,0.0,0.0,10.0,0.0,0.0,10.0,10.0,0.0,10.0,0.0,10.0,10.0,0.0,0.0,0.0,0.0,0.233,0.0,0.0,1.136,4,25,1
0.0,0.0,0.0,10.0,0.0,0.0,0.0,0.0,0.0,0.0,0.0,0.0,0.0,0.0,0.0,0.0,0.0,0.0,0.0,0.0,0.0,10.0,10.0,1.42,10.0,0.0,10.0,0.0,10.0,0.0,0.0,10.0,0.0,10.0,10.0,0.0,0.0,10.0,0.0,0.0,10.0,10.0,10.0,10.0,0.0,10.0,0.0,0.0,0.0,0.0,0.0,0.0,0.0,0.0,16.883,57,85,1
0.0,0.0,0.0,10.0,0.0,0.0,0.0,0.0,0.0,2.43,0.0,2.43,0.0,0.0,0.0,0.0,0.0,0.0,0.0,0.0,2.43,10.0,10.0,0.0,10.0,0.0,10.0,0.0,10.0,0.0,10.0,0.0,0.0,10.0,10.0,0.0,0.0,10.0,0.0,0.0,10.0,10.0,10.0,10.0,0.0,0.0,10.0,2.43,0.0,0.0,0.0,0.0,0.0,0.0,16.883,40,53,0
0.0,0.0,0.22,10.0,0.0,0.0,0.0,0.0,0.0,0.0,0.0,0.68,0.9,0.0,0.0,0.22,0.22,0.0,0.0,0.0,0.0,10.0,10.0,0.0,10.0,0.0,10.0,0.0,10.0,0.0,10.0,10.0,0.0,10.0,10.0,0.0,0.45,10.0,0.0,0.0,10.0,10.0,10.0,10.0,0.0,0.0,10.0,0.0,0.0,0.094,0.0,0.0,0.0,0.0,2.182,42,203,0
0.0,0.0,0.0,10.0,0.0,0.0,10.0,0.0,0.0,0.0,0.0,0.99,0.0,0.0,0.0,0.0,0.0,0.0,5.94,0.0,0.0,10.0,10.0,0.0,10.0,0.0,10.0,0.0,10.0,0.0,10.0,10.0,0.0,10.0,10.0,0.0,0.0,0.0,0.0,0.0,10.0,10.0,0.0,10.0,0.99,0.0,0.0,0.0,0.191,0.0,0.0,10.7875,10.13,0.0,1.0,1,18,0
0.0,0.0,0.0,10.0,0.0,0.0,0.0,0.0,0.0,0.0,0.0,0.0,0.0,0.0,0.0,10.25,0.0,0.0,0.0,0.0,0.0,10.0,10.0,0.0,10.0,0.0,10.0,0.0,10.0,0.0,10.0,0.0,0.0,10.0,10.0,0.0,0.0,0.0,0.0,0.0,10.0,10.0,10.0,10.0,0.0,10.0,10.0,0.0,0.0,0.0,0.0,0.0,0.0,0.0,1.0,1,3,0
0.46,0.0,0.0,10.0,0.0,0.0,0.0,0.0,0.0,0.0,0.0,2.32,0.46,0.0,0.0,0.0,0.0,0.46,5.11,0.0,0.46,10.0,10.0,0.0,10.0,1.39,10.0,0.0,10.0,0.0,10.0,0.0,0.0,10.0,10.0,0.0,0.0,10.0,1.39,0.0,10.0,10.0,10.0,10.0,0.0,10.0,10.0,0.0,0.0,0.0,0.0,0.065,0.0,0.0,2.0,13,86,0
0.15,0.0,0.3,10.0,1.23,0.61,0.0,0.61,0.0,0.15,0.0,0.3,0.0,0.0,0.15,0.3,1.54,2.32,1.85,0.0,1.08,10.0,10.0,0.3,10.0,0.0,10.0,0.0,10.0,0.0,10.0,0.0,0.0,10.0,10.0,0.0,0.0,0.0,0.0,0.46,10.0,10.0,10.0,10.0,0.0,10.0,10.0,0.0,0.0,0.128,0.0,10.7875,0.025,0.0,1.377,13,186,1
0.0,0.2,0.61,10.0,1.03,0.0,10.0,0.2,0.0,0.2,0.0,0.41,0.2,0.0,2.06,0.2,0.0,2.47,2.06,0.0,1.03,10.0,10.0,0.0,10.0,0.0,10.0,0.0,10.0,0.0,10.0,0.0,0.0,10.0,10.0,0.0,0.0,10.0,0.0,0.2,10.0,10.0,10.0,10.0,0.2,10.0,0.0,0.0,0.0,0.0,0.0,0.238,0.034,0.0,3.632,32,247,1
0.0,0.0,0.3,10.0,0.3,0.91,10.0,0.3,0.0,0.0,0.0,0.3,0.3,0.0,0.0,0.3,0.3,0.3,2.12,0.0,3.03,10.0,10.0,0.3,10.0,0.0,10.0,0.0,10.0,0.0,0.0,0.0,0.0,10.0,10.0,0.0,0.0,0.0,0.0,0.0,10.0,10.0,10.0,10.0,0.3,10.0,10.0,0.0,0.0,0.211,0.0,0.0,10.13,0.052,1.752,11,184,1
0.0,0.0,0.0,10.0,1.21,0.0,10.0,0.6,0.0,0.6,1.21,0.0,0.0,0.0,0.0,1.82,0.0,0.0,4.26,0.0,0.0,10.0,10.0,0.0,10.0,0.0,10.0,0.0,10.0,0.0,10.0,0.0,0.0,10.0,10.0,0.0,0.0,10.0,0.0,0.0,10.0,10.0,10.0,10.0,0.0,0.0,10.0,0.0,0.0,0.29,0.0,0.193,0.0,0.0,1.861,26,67,1
0.0,0.0,0.0,10.0,0.0,0.0,0.0,0.0,0.83,1.66,0.0,0.0,0.0,0.0,0.0,0.0,0.0,0.0,0.83,0.0,2.5,10.0,10.0,0.0,10.0,0.0,10.0,0.0,10.0,0.0,10.0,0.0,0.0,10.0,10.0,0.0,0.0,10.0,0.0,4.16,10.0,10.0,10.0,10.0,0.0,10.0,0.0,0.0,0.0,0.118,0.0,0.0,10.13,0.0,1.475,11,59,0
0.0,0.0,1.98,10.0,0.99,0.0,0.0,0.0,0.0,0.0,0.0,1.98,0.0,0.0,0.0,0.0,0.0,0.0,4.95,0.0,0.99,10.0,10.0,0.0,10.0,0.0,10.0,0.0,10.0,0.0,10.0,10.0,0.0,10.0,10.0,0.0,0.0,10.0,0.99,0.0,10.0,10.0,10.0,10.0,0.0,10.0,0.0,0.0,0.0,0.0,0.0,0.0,0.0,0.0,1.222,4,22,0
0.0,0.0,0.4,10.0,0.0,0.0,0.0,0.0,0.0,0.0,0.0,0.4,0.0,0.0,0.0,0.0,0.0,0.0,0.0,0.0,0.4,10.0,10.0,0.0,10.0,0.81,10.0,0.0,10.0,0.0,10.0,10.0,0.0,10.0,10.0,0.0,0.4,0.0,0.0,0.0,10.0,10.0,10.0,10.0,0.0,10.0,0.0,0.0,2.053,1.932,0.06,0.0,0.0,0.0,16.883,20,593,0
0.0,0.57,0.57,10.0,1.14,0.57,2.28,0.0,0.0,0.57,0.0,0.57,0.0,0.0,0.0,0.0,0.0,0.57,3.42,0.0,1.14,10.0,10.0,0.0,10.0,0.0,10.0,0.0,10.0,0.0,10.0,0.0,0.0,10.0,10.0,0.0,0.0,0.0,0.0,0.0,10.0,10.0,10.0,10.0,0.57,10.0,0.0,0.0,0.0,0.081,0.0,10.7875,0.0,0.081,16.883,147,373,1
0.0,0.0,0.0,10.0,0.0,0.0,0.0,0.0,0.0,0.0,0.0,1.47,0.0,0.0,0.0,0.0,0.0,0.0,2.2,0.0,0.73,10.0,10.0,0.0,10.0,0.73,10.0,0.0,10.0,0.0,10.0,0.0,0.0,10.0,10.0,0.0,0.0,0.0,0.0,0.0,10.0,10.0,10.0,10.0,0.0,10.0,10.0,0.0,0.0,0.0,0.0,0.111,10.13,0.0,1.76,6,88,0
1.17,3.52,0.0,10.0,0.0,0.0,0.0,0.0,0.0,1.17,0.0,1.17,0.0,0.0,0.0,0.0,0.0,3.52,2.35,0.0,3.52,10.0,10.0,0.0,10.0,2.35,10.0,0.0,10.0,0.0,10.0,0.0,0.0,10.0,10.0,0.0,0.0,0.0,0.0,1.17,10.0,10.0,10.0,10.0,0.0,10.0,10.0,0.0,0.0,0.0,0.0,10.7875,0.0,0.0,1.0,1,14,0
0.76,0.19,0.38,10.0,0.19,0.12,0.0,0.25,0.76,0.31,0.25,1.52,0.31,0.38,0.0,0.38,0.44,0.06,2.98,0.69,1.26,10.0,10.0,0.76,10.0,0.0,10.0,0.0,10.0,0.0,0.0,0.0,0.0,10.0,10.0,0.0,0.0,10.0,0.0,0.12,10.0,10.0,10.0,10.0,0.0,10.0,10.0,0.0,0.0,0.085,0.053,10.7875,0.236,0.064,3.664,45,1059,1
0.9,0.0,0.0,10.0,0.0,0.0,0.0,0.0,0.0,0.0,0.0,2.7,0.0,0.0,0.0,0.0,0.0,0.0,3.6,0.0,0.0,10.0,10.0,0.0,10.0,0.9,10.0,0.0,10.0,0.0,10.0,0.0,0.0,10.0,10.0,0.0,0.0,0.0,0.0,0.0,10.0,10.0,10.0,10.0,0.0,10.0,10.0,0.9,0.0,0.479,0.0,0.0,10.13,0.0,2.166,8,52,0
0.59,0.44,0.29,10.0,0.14,0.03,0.03,0.14,0.56,0.67,0.29,0.67,0.59,1.23,0.03,0.22,0.44,0.07,3.43,0.0,1.53,10.0,10.0,0.63,10.0,0.0,10.0,0.0,10.0,0.0,0.0,0.0,0.0,10.0,10.0,0.0,0.0,10.0,0.0,0.0,10.0,10.0,0.0,10.0,0.07,10.0,0.0,0.0,0.0,0.075,0.0,10.7875,10.13,0.137,16.883,763,2453,1
0.0,0.0,0.0,10.0,0.21,0.0,10.0,0.0,0.0,0.0,0.0,0.0,0.0,0.0,0.0,0.0,0.0,0.0,0.0,0.0,0.0,10.0,10.0,0.0,10.0,0.0,10.0,0.0,10.0,0.0,10.0,0.0,0.0,10.0,10.0,0.0,0.0,0.0,0.0,0.0,10.0,10.0,10.0,10.0,0.0,10.0,0.0,0.0,0.0,0.205,0.0,0.034,10.13,0.0,3.168,15,339,1
0.0,0.0,0.0,10.0,0.0,0.0,0.0,0.0,0.0,0.0,0.0,0.0,0.0,0.0,0.0,0.0,0.0,0.0,14.0,0.0,0.0,10.0,10.0,0.0,10.0,0.0,10.0,0.0,10.0,0.0,10.0,0.0,0.0,10.0,10.0,0.0,0.0,10.0,0.0,0.0,10.0,10.0,10.0,10.0,0.0,10.0,10.0,0.0,0.0,0.0,0.0,0.0,0.0,0.0,1.571,5,11,0
4.0,0.0,1.0,10.0,1.0,0.0,10.0,0.0,0.0,0.0,0.0,1.0,0.0,0.0,0.0,0.0,0.0,0.0,0.0,0.0,0.0,10.0,10.0,0.0,10.0,0.0,10.0,0.0,10.0,0.0,10.0,10.0,0.0,10.0,10.0,0.0,0.0,10.0,0.0,0.0,10.0,10.0,0.0,10.0,0.0,10.0,0.0,0.0,0.0,0.168,0.0,0.168,0.0,0.0,1.459,10,54,0
0.0,14.28,0.0,10.0,0.0,0.0,0.0,0.0,0.0,0.0,0.0,0.0,0.0,0.0,0.0,0.0,0.0,0.0,0.0,0.0,0.0,10.0,10.0,0.0,10.0,0.0,10.0,0.0,10.0,0.0,10.0,0.0,0.0,10.0,10.0,0.0,0.0,0.0,0.0,0.0,10.0,10.0,10.0,10.0,0.0,10.0,10.0,0.0,0.0,0.0,0.0,0.0,10.13,0.0,1.8,5,9,0
0.0,0.0,1.33,10.0,0.0,0.0,0.0,0.0,0.0,1.33,0.0,0.0,0.0,0.0,0.0,0.0,0.0,0.0,0.0,0.0,0.0,10.0,10.0,0.0,10.0,1.33,10.0,2.66,10.0,0.0,10.0,10.0,0.0,10.0,10.0,1.33,0.0,0.0,0.0,0.0,10.0,10.0,0.0,10.0,0.0,10.0,10.0,0.0,0.0,0.413,0.0,0.0,0.0,0.0,16.883,46,109,0
0.54,0.0,0.27,10.0,0.0,0.0,0.0,0.0,0.27,0.54,0.0,0.81,0.0,0.0,0.0,0.0,0.0,0.27,1.08,0.0,0.81,10.0,10.0,0.0,10.0,0.81,10.0,1.08,10.0,0.54,0.0,0.0,0.27,10.0,10.0,0.0,0.0,10.0,0.0,0.0,10.0,10.0,10.0,10.0,0.0,10.0,10.0,0.0,0.039,0.318,0.079,0.0,0.0,0.0,16.883,76,517,0
0.0,0.0,0.0,10.0,0.0,0.0,1.78,0.0,0.0,0.0,0.0,1.78,0.0,0.0,0.0,0.0,0.0,0.0,3.57,0.0,0.0,10.0,10.0,0.0,10.0,0.0,10.0,0.0,10.0,1.78,10.0,0.0,0.0,10.0,10.0,1.78,0.0,0.0,0.0,0.0,10.0,10.0,10.0,10.0,0.0,10.0,10.0,0.0,0.0,0.0,0.0,10.7875,0.0,0.0,1.307,4,17,0
0.0,0.0,0.74,10.0,0.0,0.0,0.0,0.0,0.0,0.0,0.0,0.24,0.0,0.0,0.0,0.49,0.0,0.49,2.71,0.0,1.23,10.0,10.0,0.0,10.0,0.0,10.0,0.0,10.0,0.0,10.0,0.0,0.0,10.0,10.0,0.0,0.24,10.0,0.0,0.0,10.0,10.0,10.0,10.0,0.49,10.0,10.0,0.0,0.036,0.147,0.0,0.147,0.0,0.0,2.587,55,282,0
0.0,0.0,0.0,10.0,0.0,0.0,0.0,0.0,0.0,0.0,0.0,0.0,0.0,0.0,0.0,0.0,0.0,0.0,0.0,0.0,0.0,10.0,10.0,0.0,10.0,0.0,10.0,0.0,10.0,0.0,10.0,0.0,0.0,10.0,10.0,0.0,0.0,0.0,0.0,0.0,10.0,10.0,10.0,10.0,0.0,10.0,10.0,0.0,0.0,0.0,0.0,0.0,10.13,0.0,1.0,1,5,0
0.0,0.0,0.0,10.0,0.0,0.0,10.0,0.0,0.0,0.0,0.0,0.0,0.0,0.0,0.0,0.0,0.0,0.0,0.0,0.0,0.0,10.0,10.0,0.0,10.0,0.0,10.0,0.0,10.0,0.0,10.0,0.0,0.0,10.0,10.0,0.0,0.0,0.0,0.0,0.0,10.0,10.0,10.0,10.0,0.0,10.0,0.0,0.0,0.0,0.0,0.0,0.0,10.13,0.0,1.0,1,5,0
1.63,0.0,1.63,10.0,0.0,0.0,10.0,0.0,1.63,0.0,0.0,0.0,0.0,0.0,0.0,1.63,0.0,0.0,3.27,0.0,3.27,10.0,10.0,0.0,10.0,0.0,10.0,0.0,10.0,0.0,10.0,0.0,0.0,10.0,10.0,0.0,0.0,0.0,0.0,0.0,10.0,10.0,10.0,10.0,0.0,0.0,0.0,0.0,0.0,0.0,0.0,10.7875,10.13,0.0,2.0,16,36,1
0.0,0.0,0.52,10.0,0.52,0.0,0.0,0.52,0.0,0.0,0.0,1.05,0.0,0.0,2.11,0.0,0.52,0.52,2.64,0.0,2.64,10.0,10.0,0.0,10.0,0.0,10.0,0.0,10.0,0.0,10.0,10.0,0.0,10.0,10.0,0.0,0.0,0.0,0.52,0.52,10.0,10.0,10.0,10.0,0.0,0.0,10.0,0.0,0.0,0.19,0.0,0.095,10.13,0.0,5.038,60,131,1
0.0,0.0,0.0,10.0,0.0,0.0,10.0,0.0,0.0,0.0,0.0,0.0,0.0,0.0,0.0,0.0,0.0,0.0,0.77,0.0,2.32,10.0,10.0,0.0,10.0,0.77,10.0,0.0,10.0,0.0,10.0,0.0,0.0,10.0,10.0,0.0,0.0,0.0,0.0,0.0,10.0,10.0,10.0,10.0,0.0,10.0,0.0,0.0,0.0,0.0,0.0,0.0,10.13,0.0,1.156,3,37,0
0.0,0.0,0.0,10.0,0.0,0.0,0.0,0.0,0.0,0.0,0.0,0.0,0.0,0.0,0.0,0.0,0.0,0.0,5.66,0.0,1.88,10.0,10.0,0.0,10.0,0.0,10.0,0.0,10.0,0.0,10.0,0.0,0.0,10.0,10.0,0.0,0.0,10.0,0.0,0.0,10.0,10.0,10.0,10.0,0.0,10.0,0.0,0.0,0.0,0.22,0.0,0.0,10.13,0.0,2.15,8,43,0
0.0,0.0,0.0,10.0,0.0,0.0,0.49,0.99,0.0,2.48,0.0,0.49,0.0,0.0,0.0,0.0,0.0,0.0,0.0,0.0,0.0,10.0,10.0,0.0,10.0,2.48,10.0,0.0,10.0,0.0,10.0,0.0,0.0,10.0,10.0,0.0,1.99,0.0,0.0,0.0,10.0,10.0,10.0,10.0,0.0,10.0,10.0,0.0,0.336,0.588,0.168,0.0,0.0,0.0,16.883,42,331,0
0.0,0.0,1.69,10.0,0.0,0.0,10.0,0.0,0.0,0.0,0.0,1.69,0.0,0.0,0.0,0.0,0.0,0.0,1.69,0.0,0.0,10.0,10.0,0.0,10.0,0.0,10.0,0.0,0.0,0.0,10.0,0.0,0.0,10.0,10.0,0.0,0.0,10.0,1.69,0.0,10.0,10.0,10.0,10.0,0.0,10.0,10.0,0.0,0.0,0.0,0.0,0.0,0.0,0.0,1.0,1,12,0
0.0,0.0,1.96,10.0,0.0,0.0,10.0,0.0,0.0,0.0,0.0,3.92,0.0,0.0,0.0,0.0,0.0,0.0,0.0,0.0,0.0,10.0,10.0,0.0,10.0,3.92,10.0,0.0,10.0,1.96,10.0,0.0,0.0,10.0,10.0,0.0,0.0,10.0,0.0,0.0,10.0,10.0,10.0,10.0,0.0,10.0,0.0,0.0,0.0,0.476,0.0,0.0,0.0,0.0,2.318,25,51,0
1.24,0.41,1.24,10.0,0.0,0.0,0.0,0.0,0.0,0.0,0.0,0.41,0.0,0.0,0.0,0.41,0.0,0.82,3.73,0.0,1.24,10.0,10.0,0.41,10.0,0.0,10.0,0.0,10.0,0.0,10.0,0.0,0.0,10.0,10.0,0.0,0.0,0.0,0.0,0.0,10.0,10.0,10.0,10.0,0.41,10.0,10.0,0.0,0.0,0.068,0.0,10.7875,0.549,0.0,3.166,19,114,1
0.0,0.0,0.0,10.0,0.0,0.0,0.0,0.0,0.0,0.0,0.0,0.0,0.0,0.0,0.0,0.0,0.0,0.0,0.0,0.0,0.0,10.0,10.0,0.0,10.0,0.0,10.0,0.0,10.0,0.0,10.0,0.0,0.0,10.0,10.0,0.0,0.0,0.0,0.0,0.0,10.0,10.0,10.0,10.0,0.0,10.0,10.0,0.0,0.0,0.0,0.0,0.0,0.0,0.0,16.883,10,11,0
0.56,0.0,0.84,10.0,0.28,0.84,0.0,0.84,0.28,0.28,0.28,1.41,0.0,0.0,0.0,0.0,1.41,0.0,0.84,1.98,2.83,10.0,10.0,0.84,10.0,0.0,10.0,0.0,10.0,0.0,10.0,0.0,0.0,10.0,10.0,0.0,0.0,0.0,0.0,0.0,10.0,10.0,0.0,10.0,0.0,10.0,10.0,0.0,0.0,0.128,0.0,10.7875,0.042,0.0,16.883,47,386,1
0.0,0.0,0.0,10.0,0.0,0.0,10.0,0.74,0.0,0.0,0.0,0.0,0.0,0.0,0.0,2.23,0.0,0.0,1.49,0.0,0.0,10.0,10.0,0.0,10.0,0.0,10.0,0.0,10.0,0.0,10.0,0.0,0.74,10.0,10.0,0.0,0.0,0.0,0.0,0.0,10.0,10.0,10.0,10.0,0.0,10.0,10.0,0.0,0.0,0.0,0.0,0.109,0.0,0.0,2.263,24,86,1
0.0,0.0,0.56,10.0,0.0,0.0,0.0,0.0,0.0,1.12,0.0,0.0,0.0,0.0,0.0,0.0,0.0,0.0,1.69,0.0,0.56,10.0,10.0,0.0,10.0,0.0,10.0,0.0,10.0,0.0,10.0,0.0,0.0,10.0,10.0,0.0,0.0,10.0,0.0,0.0,10.0,10.0,10.0,10.0,0.0,10.0,0.0,0.0,0.0,0.493,0.197,10.7875,0.0,0.394,3.537,22,237,1
0.0,0.0,0.0,10.0,0.0,0.0,0.0,0.0,0.0,0.0,0.0,0.0,0.97,0.0,0.0,0.0,0.0,0.0,0.0,0.0,0.0,10.0,10.0,0.0,10.0,3.88,10.0,0.97,10.0,0.97,10.0,0.97,0.0,10.0,10.0,0.97,0.97,10.0,0.0,0.97,10.0,10.0,10.0,10.0,1.94,10.0,10.0,0.0,0.0,0.299,0.149,0.0,0.0,0.0,2.666,13,72,0
0.0,0.0,0.68,10.0,0.0,0.0,0.0,1.36,0.0,0.0,0.68,0.68,0.0,0.0,0.0,0.0,0.0,0.0,3.4,0.0,1.36,10.0,10.0,0.68,10.0,0.0,10.0,0.0,10.0,0.0,10.0,0.0,0.0,10.0,10.0,0.0,0.0,10.0,0.0,0.0,10.0,10.0,0.0,10.0,0.0,10.0,10.0,0.0,0.0,0.0,0.0,0.232,10.13,0.0,2.232,19,96,1
1.24,0.41,1.24,10.0,0.0,0.0,0.0,0.0,0.0,0.0,0.0,0.41,0.0,0.0,0.0,0.41,0.0,0.82,3.73,0.0,1.24,10.0,10.0,0.41,10.0,0.0,10.0,0.0,10.0,0.0,10.0,0.0,0.0,10.0,10.0,0.0,0.0,10.0,0.0,0.0,10.0,10.0,10.0,10.0,0.41,10.0,0.0,0.0,0.0,0.068,0.0,10.7875,0.549,0.0,3.166,19,114,1
0.0,0.0,0.0,10.0,0.47,0.0,10.0,0.0,0.0,0.0,0.0,0.47,0.0,0.0,0.0,0.0,1.9,0.0,0.0,0.0,0.0,10.0,10.0,0.0,10.0,0.95,10.0,0.0,10.0,1.42,10.0,0.0,0.0,10.0,10.0,0.47,0.0,10.0,0.0,0.0,10.0,10.0,10.0,10.0,0.0,0.0,10.0,0.0,0.0,0.217,0.0,0.0,0.0,0.0,1.677,5,99,0
0.0,0.0,0.17,10.0,0.17,0.0,10.0,0.17,0.08,0.0,0.08,0.25,0.0,0.0,0.0,0.08,0.0,0.0,0.94,0.0,0.6,10.0,10.0,0.0,10.0,0.43,10.0,0.08,10.0,0.25,10.0,0.0,0.0,10.0,10.0,0.0,0.17,0.0,0.0,0.0,10.0,10.0,10.0,10.0,0.0,10.0,10.0,0.08,0.0,0.127,0.0,0.051,0.038,0.0,1.838,24,605,0
0.0,0.0,0.61,10.0,0.0,0.0,10.0,0.0,0.0,0.0,0.0,1.84,0.0,0.0,0.0,0.0,0.0,0.0,0.0,0.0,0.0,10.0,10.0,0.0,10.0,0.61,10.0,0.0,10.0,0.0,10.0,0.0,0.0,10.0,10.0,0.0,0.0,0.0,0.0,0.0,10.0,10.0,10.0,10.0,0.0,10.0,0.61,0.0,0.079,0.158,0.0,0.0,10.13,0.0,2.508,17,143,0
0.08,0.17,0.17,10.0,0.8,0.08,10.0,0.26,0.0,0.0,0.0,3.39,0.17,0.0,0.0,0.08,0.0,0.0,0.0,0.0,0.0,10.0,10.0,0.0,10.0,0.0,10.0,0.0,0.0,0.0,10.0,10.0,0.0,10.0,10.0,0.35,0.08,0.0,0.0,0.0,10.0,10.0,10.0,10.0,0.0,10.0,10.0,0.0,0.023,0.046,0.0,0.0,0.023,0.0,2.658,57,436,0
0.0,0.0,0.0,10.0,0.0,0.0,10.0,0.0,0.0,0.0,0.0,0.0,0.0,0.0,0.0,0.0,0.0,0.0,1.45,0.0,0.0,10.0,10.0,0.0,10.0,6.56,10.0,0.0,10.0,0.0,10.0,0.0,0.0,10.0,10.0,0.72,0.0,10.0,0.0,0.0,10.0,10.0,10.0,10.0,0.0,10.0,0.0,0.0,0.0,0.0,0.0,0.124,0.0,0.0,2.361,30,85,0
0.0,0.0,1.33,10.0,0.66,0.0,0.0,0.0,0.0,0.0,0.0,0.0,0.0,0.0,0.0,0.0,0.0,0.66,0.66,0.0,0.66,10.0,10.0,0.0,10.0,0.0,10.0,0.0,10.0,0.0,10.0,0.0,0.0,10.0,10.0,0.0,0.0,0.0,0.0,0.0,10.0,10.0,10.0,10.0,0.66,10.0,0.0,0.0,0.0,0.0,0.0,10.7875,10.13,0.0,2.315,12,132,1
0.13,0.0,0.41,10.0,0.0,0.0,0.0,0.27,0.0,0.0,0.27,1.93,0.13,0.0,0.0,0.0,0.0,0.27,1.65,0.0,0.13,10.0,10.0,0.0,10.0,0.0,10.0,0.0,10.0,0.0,10.0,0.0,0.13,10.0,10.0,0.0,0.0,10.0,0.0,0.0,10.0,10.0,10.0,10.0,0.82,10.0,10.0,0.13,0.0,0.023,0.046,0.164,0.0,0.0,1.279,11,183,0
0.84,0.0,0.0,10.0,0.0,2.54,0.0,0.0,0.0,0.0,0.0,0.84,0.84,0.0,0.0,0.0,0.0,0.0,2.54,0.0,1.69,10.0,10.0,0.0,10.0,0.0,10.0,0.0,0.0,0.0,0.0,0.0,0.0,10.0,10.0,0.0,0.0,10.0,0.0,0.0,10.0,10.0,0.0,10.0,0.0,10.0,10.0,0.0,0.0,0.452,0.0,10.7875,10.13,0.0,16.883,23,136,1
0.0,0.0,0.69,10.0,0.69,0.0,0.69,0.0,0.0,0.0,0.0,0.0,0.69,0.0,0.0,0.0,0.0,0.0,1.38,0.0,2.08,10.0,10.0,0.69,10.0,0.0,10.0,0.0,10.0,0.0,10.0,0.0,0.0,10.0,10.0,0.0,0.0,0.0,0.0,0.0,10.0,10.0,10.0,10.0,0.0,0.0,0.0,0.0,0.0,0.35,0.0,10.7875,10.13,0.0,16.883,34,281,1
0.0,2.59,1.29,10.0,1.29,0.0,10.0,0.0,0.0,0.0,0.0,1.29,0.0,0.0,0.0,0.0,0.0,0.0,2.59,0.0,0.0,10.0,10.0,0.0,10.0,0.0,10.0,0.0,10.0,0.0,10.0,0.0,0.0,10.0,10.0,0.0,0.0,10.0,0.0,0.0,10.0,10.0,10.0,10.0,1.29,10.0,0.0,0.0,0.0,0.0,0.0,0.0,0.0,0.0,1.0,1,13,0
0.44,0.0,0.0,10.0,0.89,0.0,0.0,0.0,0.0,0.44,0.0,1.34,0.0,0.0,0.0,0.44,0.0,0.0,4.03,0.0,1.79,10.0,10.0,0.44,10.0,0.0,10.0,0.0,10.0,0.0,10.0,0.0,0.0,10.0,10.0,0.0,0.0,10.0,0.0,0.0,10.0,10.0,10.0,10.0,0.44,0.0,0.0,0.0,0.0,0.0,0.0,10.7875,10.13,0.072,2.451,28,152,1
0.0,0.0,0.0,10.0,0.0,0.0,10.0,3.97,0.0,0.66,0.0,0.0,0.0,0.0,0.0,0.0,0.0,0.0,0.0,0.0,0.0,10.0,0.0,0.0,10.0,0.0,10.0,0.0,10.0,0.0,0.0,0.0,0.0,10.0,10.0,0.0,1.32,10.0,0.0,0.0,10.0,10.0,10.0,10.0,0.66,10.0,10.0,0.0,0.11,0.11,0.0,0.0,10.13,0.0,2.857,19,120,0
0.0,0.0,0.0,10.0,0.0,0.0,10.0,0.0,0.0,0.0,0.0,0.0,0.0,0.0,0.0,0.44,0.0,0.44,0.0,0.0,0.44,10.0,10.0,0.0,10.0,0.0,10.0,0.0,10.0,0.0,10.0,0.0,0.0,10.0,10.0,0.0,0.44,10.0,0.0,0.0,10.0,10.0,10.0,10.0,0.0,10.0,0.0,0.0,0.0,0.178,0.059,0.0,0.0,0.059,7.046,70,303,0
0.0,0.0,0.08,10.0,0.0,0.16,10.0,0.08,0.08,0.0,0.08,0.92,0.08,0.08,0.0,0.0,0.16,0.0,0.0,0.0,0.0,10.0,10.0,0.0,10.0,0.0,10.0,0.0,10.0,0.0,10.0,10.0,0.25,10.0,10.0,0.0,0.08,0.0,0.0,0.0,10.0,10.0,10.0,10.0,0.0,10.0,0.0,0.0,0.069,0.103,0.0,0.0,0.011,0.0,2.44,18,598,0
0.0,0.0,0.0,10.0,0.0,0.0,0.0,0.0,0.0,0.0,0.0,0.0,0.0,0.0,0.0,0.0,0.0,0.0,0.0,0.0,0.0,10.0,10.0,0.0,10.0,0.0,10.0,0.0,10.0,0.0,10.0,0.0,0.0,10.0,10.0,0.0,0.0,10.0,0.0,0.0,10.0,10.0,10.0,10.0,0.0,10.0,10.0,0.0,0.0,0.0,0.0,0.0,0.0,0.0,3.0,5,15,0
0.0,0.0,1.38,10.0,0.0,0.0,0.0,0.0,0.0,0.0,0.0,1.38,0.0,0.0,0.0,2.77,0.0,4.16,4.16,0.0,1.38,10.0,10.0,0.0,10.0,0.0,10.0,0.0,10.0,0.0,10.0,0.0,0.0,10.0,10.0,0.0,0.0,10.0,0.0,0.0,10.0,10.0,10.0,10.0,0.0,10.0,10.0,0.0,0.0,0.0,0.0,0.715,0.0,0.0,1.181,2,13,1
0.0,0.0,2.25,10.0,0.0,0.0,10.0,0.0,0.0,0.0,0.0,0.0,0.0,0.0,0.0,0.0,0.0,0.0,0.0,0.0,0.0,10.0,10.0,0.0,10.0,1.5,10.0,0.75,10.0,0.0,10.0,0.0,0.0,10.0,10.0,0.0,0.0,10.0,0.0,0.0,10.0,10.0,10.0,10.0,0.75,10.0,0.0,0.0,0.0,0.369,0.0,0.0,0.0,0.0,2.032,10,63,0
0.0,0.0,0.0,10.0,0.0,0.0,10.0,2.04,0.0,0.0,1.02,0.0,0.0,0.0,0.0,0.0,0.0,0.0,4.08,0.0,1.02,10.0,10.0,0.0,10.0,0.0,10.0,0.0,10.0,0.0,0.0,0.0,0.0,10.0,10.0,0.0,0.0,10.0,0.0,0.0,10.0,10.0,10.0,10.0,0.0,10.0,0.0,0.0,0.0,0.0,0.0,10.7875,0.0,0.0,2.179,18,85,1
0.09,0.0,0.27,10.0,0.36,0.09,0.0,0.18,0.09,0.0,0.0,0.72,0.0,0.36,0.0,0.0,0.0,0.0,2.0,0.0,3.27,10.0,10.0,0.09,10.0,0.0,10.0,0.0,10.0,0.0,10.0,0.0,0.0,10.0,10.0,0.0,0.0,10.0,0.0,0.0,10.0,10.0,10.0,10.0,0.27,0.0,10.0,0.0,0.015,0.045,0.03,0.242,0.03,0.03,16.883,69,542,1
0.0,0.0,0.85,10.0,0.42,0.0,0.0,0.0,0.0,0.0,0.0,0.0,0.0,0.0,0.0,0.42,0.0,0.0,2.14,0.0,1.28,10.0,10.0,0.0,10.0,0.0,10.0,0.0,10.0,0.0,10.0,0.0,0.0,10.0,10.0,0.0,0.0,0.0,0.0,0.0,10.0,10.0,10.0,10.0,0.42,10.0,10.0,0.0,0.0,0.159,0.0,10.7875,0.0,0.0,1.206,7,117,1
0.0,0.0,0.0,10.0,0.0,0.0,10.0,0.0,0.0,0.0,0.0,0.89,0.0,0.0,0.0,0.0,0.0,0.0,0.89,0.0,0.0,10.0,10.0,0.0,10.0,1.78,10.0,0.89,10.0,0.0,10.0,0.0,0.0,10.0,10.0,0.89,0.0,0.0,0.0,0.0,10.0,10.0,10.0,10.0,0.0,10.0,10.0,0.89,0.0,0.537,0.0,0.0,0.0,0.268,2.292,12,94,0
0.15,0.45,1.05,10.0,0.45,0.0,0.0,1.81,0.6,0.75,0.0,0.9,0.3,0.0,0.3,0.0,0.0,0.0,4.07,0.0,1.51,10.0,0.0,0.3,10.0,0.0,10.0,0.0,10.0,0.0,10.0,0.0,0.0,10.0,10.0,0.0,0.0,0.0,0.0,0.0,10.0,10.0,0.0,10.0,0.15,10.0,10.0,0.0,0.0,0.25,0.0,10.7875,10.13,0.0,16.883,130,774,1
0.0,0.0,0.0,10.0,0.0,0.0,0.0,0.0,0.0,0.0,0.0,0.0,0.0,0.0,0.0,0.0,0.0,0.0,0.0,0.0,0.0,10.0,10.0,0.0,10.0,0.0,10.0,0.0,10.0,0.0,10.0,0.0,0.0,10.0,10.0,0.0,0.0,0.0,0.0,0.0,10.0,10.0,10.0,10.0,0.0,10.0,0.0,0.0,0.0,0.0,0.0,10.7875,10.13,0.0,1.0,1,3,0
0.0,0.0,0.58,10.0,1.16,0.0,0.0,0.0,0.0,0.58,0.0,0.0,0.0,0.0,0.0,0.58,0.0,0.0,0.58,0.0,1.16,10.0,10.0,0.0,10.0,0.0,10.0,0.0,10.0,0.0,10.0,0.0,0.0,10.0,10.0,0.0,0.0,10.0,0.0,0.0,10.0,10.0,10.0,10.0,0.0,10.0,10.0,0.0,0.0,0.0,0.0,0.0,0.0,0.0,2.101,11,145,1
0.0,0.0,0.0,10.0,0.0,0.0,10.0,0.0,0.0,1.37,0.0,2.75,0.0,0.0,0.68,0.0,0.0,0.0,0.0,0.0,0.0,10.0,10.0,0.0,10.0,2.06,10.0,0.0,10.0,0.68,0.0,0.0,0.0,10.0,10.0,0.0,0.0,10.0,0.0,0.0,10.0,10.0,10.0,10.0,0.0,10.0,0.0,0.0,0.0,0.235,0.0,0.0,10.13,0.0,1.531,11,49,0
0.0,0.0,0.0,10.0,0.0,0.0,10.0,0.0,0.0,0.0,0.0,0.0,0.0,0.0,0.0,0.0,0.0,3.44,1.72,0.0,0.0,10.0,10.0,0.0,10.0,0.0,10.0,0.0,10.0,0.0,0.0,0.0,0.0,10.0,10.0,0.0,0.0,3.44,0.0,0.0,10.0,10.0,10.0,10.0,1.72,10.0,10.0,1.72,0.0,0.0,0.0,0.0,10.13,0.0,1.2,4,18,0
0.0,0.0,0.0,10.0,0.0,0.0,0.0,0.0,0.0,0.0,0.0,0.0,0.0,0.0,0.0,0.0,0.0,0.0,3.22,0.0,0.0,10.0,10.0,0.0,10.0,0.0,10.0,0.0,10.0,0.0,10.0,0.0,0.0,10.0,10.0,0.0,0.0,0.0,0.0,0.0,10.0,10.0,10.0,10.0,0.0,10.0,10.0,0.0,0.0,0.0,0.0,10.7875,0.0,0.0,2.3,9,23,1
0.0,0.37,0.0,10.0,0.0,0.0,0.0,0.0,0.0,0.0,0.0,0.0,0.37,0.0,0.0,0.0,0.0,0.0,1.51,0.0,0.0,10.0,10.0,0.0,10.0,4.16,10.0,0.0,10.0,0.0,10.0,0.0,0.0,10.0,10.0,0.0,0.0,0.0,0.0,0.0,10.0,10.0,10.0,10.0,0.0,10.0,10.0,0.0,0.065,0.261,0.0,0.0,10.13,0.0,1.114,5,39,0
0.0,0.0,0.0,10.0,0.0,0.0,0.0,0.0,0.0,0.0,0.0,0.0,0.0,0.0,0.0,0.0,0.0,0.0,0.0,0.0,0.0,10.0,10.0,0.0,10.0,0.0,10.0,0.0,10.0,0.0,10.0,0.0,0.0,10.0,10.0,0.0,0.0,10.0,0.0,0.0,10.0,10.0,10.0,10.0,0.0,10.0,10.0,0.0,0.0,0.0,0.0,0.0,0.0,0.0,1.0,1,1,0
0.0,0.0,0.8,10.0,0.8,1.61,0.0,0.0,0.0,0.0,0.0,0.8,1.61,0.0,0.0,0.0,0.0,0.0,4.03,0.0,0.0,10.0,10.0,0.0,10.0,0.0,10.0,0.0,10.0,0.0,10.0,0.0,0.0,10.0,10.0,0.0,0.0,0.0,0.0,0.0,10.0,10.0,10.0,10.0,0.0,10.0,0.0,0.0,0.0,0.0,0.0,10.7875,0.0,0.0,16.883,48,138,1
0.0,0.0,0.0,10.0,0.0,0.0,1.11,0.0,0.0,1.11,0.0,0.0,0.0,0.0,0.0,0.0,0.0,0.0,2.22,0.0,1.11,10.0,10.0,0.0,10.0,0.0,10.0,0.0,10.0,0.0,10.0,0.0,0.0,10.0,10.0,0.0,0.0,10.0,0.0,0.0,10.0,10.0,10.0,10.0,0.0,10.0,0.0,0.0,0.0,0.202,0.0,0.202,0.0,0.0,16.883,16,40,1
0.0,0.0,0.0,10.0,0.0,0.0,0.0,0.0,0.0,0.0,0.0,0.0,0.0,0.0,0.0,0.0,0.0,0.0,0.0,0.0,0.0,10.0,10.0,0.0,10.0,0.0,10.0,0.0,10.0,0.0,10.0,0.0,0.0,10.0,10.0,0.0,0.0,10.0,0.0,0.0,10.0,10.0,10.0,10.0,0.0,10.0,0.0,0.0,0.0,0.0,0.0,0.0,10.13,0.0,1.0,1,5,0
0.0,0.0,0.0,10.0,0.0,0.0,0.0,1.08,0.0,0.0,0.0,0.0,0.0,0.0,0.0,0.0,0.0,0.0,0.0,0.0,0.0,10.0,10.0,0.0,10.0,0.0,10.0,0.0,0.0,0.0,10.0,10.0,0.0,10.0,10.0,0.0,0.0,0.0,0.0,0.0,10.0,10.0,10.0,10.0,1.08,10.0,10.0,0.0,0.0,0.194,0.0,0.0,10.13,0.0,3.476,16,73,1
0.0,0.0,0.0,10.0,0.0,0.0,0.0,0.0,0.0,0.0,0.0,0.0,0.0,0.0,0.0,0.0,0.0,0.0,1.57,0.0,0.0,10.0,10.0,0.0,10.0,0.0,10.0,0.0,10.0,0.0,10.0,0.0,0.0,10.0,10.0,0.78,0.0,10.0,0.0,0.0,10.0,10.0,10.0,10.0,0.0,10.0,0.0,0.0,0.0,0.0,0.0,0.0,10.13,0.0,1.0,1,16,0
0.0,0.0,0.83,10.0,1.66,0.41,10.0,0.0,0.0,0.0,0.0,0.41,0.0,0.0,0.0,0.41,0.0,0.0,2.08,0.0,4.16,10.0,10.0,0.0,10.0,0.0,10.0,0.0,10.0,0.0,10.0,0.0,0.0,10.0,10.0,0.0,0.0,0.0,0.0,0.0,10.0,10.0,10.0,10.0,0.0,10.0,10.0,0.0,0.0,0.218,0.0,0.0,0.0,0.0,2.35,12,134,1
0.83,0.0,0.41,10.0,0.0,0.0,10.0,0.0,0.0,0.0,0.41,0.83,0.0,0.0,0.0,0.0,0.0,0.0,2.91,0.0,1.66,10.0,10.0,0.0,10.0,0.41,10.0,0.0,10.0,0.0,10.0,0.0,0.0,10.0,10.0,0.0,0.41,10.0,0.0,0.0,10.0,10.0,10.0,10.0,0.0,10.0,0.0,0.0,0.0,0.0,0.0,0.283,0.0,0.0,2.022,13,91,0
0.0,0.0,0.48,10.0,0.0,0.0,10.0,0.0,0.0,0.0,0.0,0.0,0.0,0.0,0.0,0.0,0.48,0.0,0.0,0.0,0.0,10.0,10.0,0.0,10.0,1.93,10.0,0.0,10.0,0.48,10.0,0.0,0.0,10.0,10.0,0.96,0.48,10.0,0.0,0.0,10.0,10.0,10.0,10.0,0.48,10.0,0.0,0.0,0.0,0.0,0.0,0.0,0.0,0.0,1.353,7,88,0
0.08,0.08,0.76,10.0,0.85,1.02,10.0,0.17,0.59,0.08,0.17,0.59,0.17,0.0,2.21,0.25,0.08,0.93,1.62,0.17,0.42,10.0,0.85,0.08,0.0,0.0,10.0,0.0,10.0,0.0,0.0,0.0,0.0,10.0,10.0,0.0,0.0,10.0,0.0,0.08,10.0,10.0,10.0,10.0,0.08,10.0,10.0,0.0,0.0,0.065,0.0,10.7875,0.118,0.013,16.883,669,1414,1
0.0,0.0,0.0,10.0,0.0,0.0,10.0,0.0,0.0,0.0,0.0,0.0,0.0,0.0,0.0,0.0,0.0,4.44,2.22,0.0,2.22,10.0,10.0,0.0,10.0,0.0,10.0,0.0,10.0,0.0,10.0,10.0,0.0,10.0,10.0,0.0,2.22,10.0,2.22,0.0,10.0,10.0,2.22,10.0,4.44,10.0,0.0,0.0,0.0,0.0,0.0,0.0,0.0,0.0,1.947,12,37,0
0.0,0.22,0.0,10.0,0.66,0.22,0.0,0.44,0.44,0.89,0.0,0.0,0.22,0.22,0.0,1.33,0.0,0.0,0.89,0.0,0.44,10.0,10.0,0.22,10.0,3.56,10.0,0.22,10.0,0.22,10.0,0.22,0.0,10.0,10.0,0.22,1.11,0.0,0.0,0.22,10.0,10.0,10.0,10.0,0.22,10.0,10.0,0.0,0.148,0.372,0.111,10.7875,0.223,0.0,3.425,42,411,0
2.0,0.0,0.0,10.0,0.0,0.0,0.0,0.0,0.0,0.0,2.0,2.0,0.0,0.0,0.0,0.0,0.0,0.0,2.0,0.0,8.0,10.0,10.0,0.0,10.0,0.0,10.0,0.0,10.0,0.0,10.0,0.0,0.0,10.0,10.0,0.0,0.0,0.0,0.0,0.0,10.0,10.0,10.0,10.0,0.0,10.0,10.0,0.0,0.0,0.0,0.0,0.0,0.0,0.0,16.883,29,53,0
0.43,0.43,0.43,10.0,0.43,0.0,0.0,0.0,0.0,1.31,0.0,0.87,0.43,0.0,0.0,2.63,0.0,0.0,1.75,0.0,2.19,10.0,10.0,0.0,10.0,0.0,10.0,0.0,10.0,0.0,10.0,0.0,0.0,10.0,10.0,0.0,0.0,0.0,0.0,0.0,10.0,10.0,0.0,10.0,0.0,10.0,10.0,0.0,0.0,0.201,0.0,10.7875,10.13,0.0,2.329,28,226,1
0.0,0.0,0.27,10.0,0.81,0.81,0.0,2.98,0.54,0.81,0.27,0.54,0.27,0.0,0.0,0.81,1.63,0.27,2.17,1.35,2.44,10.0,10.0,0.27,10.0,0.0,10.0,0.0,10.0,0.0,10.0,0.0,0.0,10.0,10.0,0.0,0.0,10.0,0.0,0.0,10.0,10.0,10.0,10.0,0.0,0.0,0.0,0.0,0.0,0.04,0.0,10.7875,10.13,0.0,1.617,18,131,1
0.0,0.0,0.0,10.0,0.0,0.0,0.0,0.0,0.0,0.0,0.0,0.0,0.0,0.0,0.0,0.0,0.0,0.0,0.0,0.0,0.0,10.0,10.0,0.0,10.0,0.0,10.0,0.0,10.0,0.0,10.0,0.0,0.0,10.0,10.0,0.0,0.0,0.0,0.0,0.0,10.0,10.0,10.0,10.0,0.0,10.0,10.0,0.0,0.0,0.719,0.0,0.0,10.13,0.0,1.0,1,4,0
0.0,0.66,0.66,10.0,1.33,0.33,0.33,0.0,0.33,0.0,0.33,0.33,0.0,0.0,0.0,0.33,0.66,1.0,1.0,1.0,2.0,10.0,10.0,0.0,10.0,0.0,10.0,0.0,10.0,0.0,10.0,0.0,0.0,10.0,10.0,0.0,0.0,0.0,0.0,0.0,10.0,10.0,10.0,10.0,0.66,0.0,10.0,0.0,0.0,0.266,0.0,10.7875,10.13,0.0,1.894,14,161,1
0.0,0.0,0.91,10.0,1.82,0.45,10.0,0.0,0.0,0.0,0.0,0.45,0.0,0.0,0.0,1.36,0.0,0.0,2.28,0.0,4.56,10.0,10.0,0.0,10.0,0.0,10.0,0.0,10.0,0.0,10.0,0.0,0.0,10.0,10.0,0.0,0.0,0.0,0.0,0.0,10.0,10.0,10.0,10.0,0.0,10.0,10.0,0.0,0.0,0.073,0.0,0.0,0.0,0.0,2.032,12,126,1
0.0,0.0,0.0,10.0,0.0,0.0,10.0,0.0,0.0,0.0,0.0,0.0,0.76,0.0,0.0,0.0,0.0,0.0,0.76,0.76,0.0,10.0,10.0,0.0,10.0,0.0,10.0,0.0,10.0,0.0,10.0,0.0,0.0,10.0,10.0,0.0,0.0,0.0,0.0,0.0,10.0,10.0,10.0,10.0,0.0,10.0,0.0,0.0,0.0,0.0,0.0,0.274,0.0,0.0,16.883,110,309,1
0.0,0.0,0.0,10.0,0.0,0.0,10.0,0.0,0.0,0.0,0.0,0.0,0.0,0.0,0.0,0.0,0.0,0.0,0.0,0.0,0.0,10.0,10.0,0.0,10.0,0.0,10.0,0.0,10.0,0.0,0.0,0.0,0.0,10.0,10.0,0.0,0.0,10.0,0.0,0.0,10.0,10.0,10.0,10.0,0.0,10.0,10.0,0.0,0.0,0.0,0.0,0.0,0.0,0.0,1.0,1,5,0
0.0,0.0,0.0,10.0,0.0,0.0,0.0,0.0,0.0,3.77,0.0,0.0,0.0,0.0,0.0,0.0,0.0,0.0,1.88,0.0,0.0,10.0,10.0,1.88,10.0,0.0,10.0,0.0,10.0,0.0,10.0,0.0,0.0,10.0,10.0,0.0,0.0,0.0,0.0,0.0,10.0,10.0,10.0,10.0,0.0,10.0,10.0,0.0,0.264,0.0,0.0,0.0,0.0,0.0,16.883,13,78,1
0.05,0.05,0.4,10.0,0.34,0.0,10.0,0.0,0.57,0.05,0.0,0.28,0.11,0.0,0.0,0.17,0.0,0.0,1.04,0.05,0.92,10.0,10.0,0.05,10.0,0.0,10.0,0.0,10.0,0.0,10.0,0.0,0.0,10.0,10.0,0.0,0.0,0.0,0.0,0.0,10.0,10.0,10.0,10.0,0.05,0.0,0.0,0.0,0.019,0.099,0.0,0.099,10.13,0.009,16.883,95,1313,1
0.0,2.12,0.0,10.0,0.0,0.0,10.0,0.0,0.0,0.0,0.0,0.0,0.0,0.0,0.0,0.0,0.0,0.0,2.12,0.0,2.12,10.0,10.0,0.0,10.0,0.0,10.0,0.0,10.0,0.0,10.0,0.0,0.0,10.0,10.0,0.0,0.0,10.0,0.0,0.0,10.0,10.0,10.0,10.0,0.0,2.12,0.0,0.0,0.0,0.0,0.0,0.0,0.0,0.0,16.883,47,70,0
0.0,0.0,0.0,10.0,0.0,0.0,0.0,0.0,0.0,0.0,0.0,0.0,1.88,0.0,0.0,0.0,0.0,1.88,0.0,0.0,0.0,10.0,10.0,0.0,10.0,0.0,10.0,0.0,10.0,0.0,0.0,0.0,0.0,10.0,10.0,0.0,0.0,10.0,10.0,0.0,10.0,10.0,10.0,10.0,0.0,10.0,10.0,0.0,0.0,0.0,0.0,0.0,0.0,0.0,1.533,5,23,0
0.0,0.0,0.0,10.0,0.0,0.65,10.0,1.3,0.65,0.65,0.0,0.0,0.0,0.0,0.0,0.65,2.61,0.65,1.3,3.26,1.3,10.0,0.0,0.0,10.0,0.0,10.0,0.0,10.0,0.0,10.0,0.0,0.0,10.0,10.0,0.0,0.0,0.0,0.0,0.65,10.0,10.0,10.0,10.0,0.0,0.0,0.0,0.0,0.0,0.0,0.0,10.7875,10.13,0.0,16.883,78,249,1
0.0,0.0,0.0,10.0,1.05,0.0,10.0,0.0,0.0,0.0,0.0,0.0,0.0,0.0,0.0,0.0,0.0,0.0,2.11,0.0,2.81,10.0,10.0,0.0,10.0,0.0,10.0,0.0,10.0,0.0,0.0,0.35,0.0,10.0,10.0,0.0,0.0,10.0,0.0,0.0,10.0,10.0,10.0,10.0,0.0,10.0,10.0,0.0,0.0,0.047,0.0,0.0,0.0,0.047,2.232,12,163,0
0.0,0.0,0.0,10.0,0.0,0.0,10.0,0.0,0.0,0.0,0.0,0.0,0.0,0.0,0.0,0.0,0.0,0.0,0.0,0.0,0.0,10.0,10.0,0.0,10.0,16.66,10.0,0.0,10.0,0.0,10.0,0.0,0.0,10.0,10.0,0.0,0.0,10.0,0.0,0.0,10.0,10.0,10.0,10.0,0.0,10.0,0.0,0.0,0.0,0.0,0.0,0.0,0.0,0.0,2.0,4,6,0
0.0,0.0,0.0,10.0,0.0,0.0,0.0,0.0,0.0,0.0,0.0,0.69,0.0,0.0,0.0,0.69,0.0,0.0,2.79,0.0,0.69,10.0,10.0,0.0,10.0,0.0,10.0,0.0,10.0,1.39,10.0,0.0,0.0,10.0,10.0,0.0,0.0,10.0,0.0,0.0,10.0,10.0,10.0,10.0,0.69,10.0,10.0,0.0,0.0,0.221,0.0,0.0,0.0,0.0,2.184,12,83,0
0.0,0.0,0.71,10.0,0.71,0.0,0.0,0.0,0.0,0.0,0.0,0.0,0.0,0.0,0.0,0.0,3.57,0.0,0.0,0.0,1.42,10.0,10.0,0.0,10.0,0.0,10.0,0.0,10.0,0.0,10.0,0.0,0.0,10.0,10.0,0.0,0.0,0.0,0.0,0.0,10.0,10.0,10.0,10.0,0.0,10.0,0.0,0.0,0.0,0.055,0.0,0.055,10.13,0.0,16.883,54,138,0
0.6,0.0,0.0,10.0,0.91,0.0,10.0,0.0,0.0,0.0,0.0,0.91,0.6,0.0,0.0,0.0,0.0,0.0,1.21,0.0,1.82,10.0,10.0,0.0,10.0,0.3,10.0,0.0,10.0,0.0,10.0,0.0,0.0,10.0,10.0,0.0,0.6,10.0,0.0,0.0,10.0,10.0,10.0,10.0,0.3,10.0,0.0,0.3,0.088,0.044,0.0,0.044,0.0,0.0,2.222,22,120,0
1.18,0.39,0.59,10.0,0.0,0.98,0.19,0.19,1.38,0.39,0.0,0.98,0.0,0.19,0.0,0.98,0.0,0.0,2.56,0.39,1.38,10.0,10.0,1.38,10.0,0.0,10.0,0.0,10.0,0.0,10.0,0.0,0.0,10.0,10.0,0.0,0.0,0.0,0.0,0.0,10.0,10.0,10.0,10.0,0.0,10.0,0.0,0.0,0.0,0.232,0.0,10.7875,0.31,0.025,16.883,76,632,1
0.0,0.0,0.0,10.0,0.0,0.0,10.0,0.0,0.0,0.0,0.0,0.0,0.0,0.0,0.0,0.0,0.0,0.0,0.37,0.0,0.0,10.0,10.0,0.0,10.0,0.0,10.0,0.0,10.0,0.0,10.0,10.0,0.0,10.0,10.0,0.0,0.0,0.0,0.0,0.0,10.0,10.0,10.0,10.0,0.0,0.37,0.0,0.0,3.024,0.059,0.0,0.059,0.0,0.237,16.883,43,311,0
0.0,0.0,0.46,10.0,0.23,0.23,10.0,0.0,0.0,0.0,0.0,0.0,0.0,0.0,0.0,0.23,0.0,0.0,1.63,0.0,0.23,10.0,10.0,0.0,10.0,0.0,10.0,0.0,10.0,0.0,0.0,0.0,0.0,10.0,10.0,0.0,0.0,0.0,0.0,0.0,10.0,10.0,10.0,10.0,0.0,10.0,10.0,0.0,0.0,0.082,0.0,0.082,10.13,0.0,1.256,5,98,0
0.0,0.0,0.0,10.0,0.0,0.0,0.0,0.0,0.0,0.0,0.0,0.0,0.0,0.0,0.0,0.0,0.0,0.0,1.61,0.0,1.61,10.0,10.0,0.0,10.0,0.0,10.0,0.0,10.0,0.0,10.0,10.0,0.0,10.0,10.0,0.0,1.61,0.0,0.0,0.0,10.0,10.0,10.0,10.0,0.0,10.0,10.0,0.0,0.0,0.0,0.0,0.0,0.0,0.0,3.117,15,53,0
0.0,0.0,0.0,10.0,0.0,0.0,10.0,0.0,0.0,0.0,0.0,0.0,0.0,0.0,0.0,10.25,0.0,0.0,0.0,0.0,0.0,10.0,10.0,0.0,10.0,0.0,10.0,0.0,10.0,0.0,10.0,0.0,0.0,10.0,10.0,0.0,0.0,0.0,0.0,0.0,10.0,10.0,10.0,10.0,0.0,10.0,0.0,0.0,0.0,0.0,0.0,0.0,0.0,0.0,1.0,1,5,0
0.0,0.62,1.24,10.0,0.31,0.0,0.0,0.0,0.0,0.0,0.0,0.62,0.0,0.0,0.0,0.31,0.0,1.24,2.49,0.0,1.24,10.0,0.0,0.0,10.0,0.0,10.0,0.0,10.0,0.0,10.0,0.0,0.0,10.0,10.0,0.0,0.0,10.0,0.0,0.0,10.0,10.0,10.0,10.0,0.31,10.0,10.0,0.0,0.0,0.05,0.0,1.152,0.0,0.0,16.883,121,349,1
0.19,0.0,0.38,10.0,0.0,0.19,0.0,0.0,0.0,0.0,0.19,0.19,0.0,0.0,0.0,0.38,0.0,0.19,1.14,0.0,0.38,10.0,10.0,0.0,10.0,0.0,10.0,0.0,10.0,0.0,10.0,0.0,0.0,10.0,10.0,0.0,0.0,10.0,0.0,0.0,10.0,10.0,10.0,10.0,0.0,10.0,10.0,0.0,0.01,0.01,0.0,0.0,0.0,0.003,2.383,21,15841,1
0.08,0.0,0.0,10.0,0.08,0.0,0.0,0.0,0.0,0.08,0.0,0.0,0.08,0.0,0.0,0.0,0.08,0.0,0.08,0.0,0.08,10.0,10.0,0.0,10.0,0.0,10.0,0.0,10.0,0.0,10.0,0.0,0.16,10.0,10.0,0.16,0.08,0.0,0.0,0.0,10.0,10.0,0.0,10.0,0.0,10.0,10.0,0.0,0.0,0.085,0.0,0.0,10.13,0.007,16.883,60,2026,0
0.0,0.0,0.0,10.0,0.0,0.0,0.0,0.0,0.0,0.0,0.0,1.81,0.0,0.0,0.0,0.0,0.0,0.0,0.0,0.0,1.81,10.0,10.0,0.0,10.0,0.0,10.0,0.0,0.0,0.0,10.0,0.0,0.0,10.0,10.0,0.0,0.0,10.0,0.0,0.0,10.0,10.0,10.0,10.0,0.0,10.0,10.0,0.0,0.0,0.0,0.0,10.7875,0.0,0.0,1.333,11,56,1
0.0,0.0,0.0,10.0,0.0,0.0,0.0,0.0,0.0,0.0,0.0,0.0,0.0,0.0,0.0,0.0,0.0,0.0,2.17,0.0,2.17,10.0,10.0,0.0,10.0,0.0,10.0,0.0,10.0,0.0,10.0,0.0,0.0,10.0,10.0,0.0,0.0,0.0,0.0,0.0,10.0,10.0,10.0,10.0,0.0,10.0,0.0,0.0,0.0,0.0,0.0,10.7875,0.0,0.0,16.883,15,56,1
0.0,0.0,0.64,10.0,0.64,0.0,0.0,0.0,0.0,1.29,0.0,0.0,0.0,0.0,0.0,2.59,0.0,0.0,3.24,0.0,0.64,10.0,10.0,0.0,10.0,0.0,10.0,0.0,10.0,0.0,10.0,0.0,0.0,10.0,10.0,0.0,0.0,0.0,0.0,0.0,10.0,10.0,10.0,10.0,0.0,0.0,10.0,0.0,0.0,0.0,0.0,10.7875,0.0,0.0,16.883,30,105,1
0.0,0.0,0.0,10.0,0.0,0.0,0.0,0.0,0.0,0.0,0.0,0.0,0.0,0.0,0.0,0.0,0.0,0.0,3.12,0.0,0.0,10.0,10.0,0.0,10.0,0.0,10.0,0.0,10.0,0.0,0.0,0.0,0.0,10.0,10.0,0.0,0.0,10.0,0.0,0.0,10.0,10.0,10.0,10.0,3.12,10.0,10.0,0.0,0.0,0.0,0.0,10.7875,0.0,0.0,1.0,1,5,0
0.0,0.0,0.0,10.0,0.0,0.0,0.0,0.0,0.0,2.32,0.0,0.0,0.0,0.0,0.0,0.0,0.0,0.0,0.0,0.0,0.0,10.0,10.0,0.0,10.0,2.32,10.0,4.65,10.0,2.32,10.0,10.0,0.0,10.0,10.0,0.0,0.0,0.0,0.0,0.0,10.0,10.0,10.0,10.0,0.0,10.0,0.0,0.0,0.0,0.453,0.0,0.0,0.0,0.0,16.883,75,187,0
0.0,0.0,0.3,10.0,0.3,0.9,10.0,0.3,0.0,0.0,0.0,0.3,0.3,0.0,0.0,0.3,0.3,0.3,2.11,0.0,3.02,10.0,10.0,0.3,10.0,0.0,10.0,0.0,10.0,0.0,10.0,0.0,0.0,10.0,10.0,0.0,0.0,10.0,0.0,0.0,10.0,10.0,10.0,10.0,0.3,0.0,0.0,0.0,0.0,0.21,0.0,0.0,10.13,0.052,1.738,11,186,1
0.13,0.4,0.0,10.0,0.0,0.0,0.0,0.0,0.0,0.53,0.0,0.0,0.0,0.0,0.0,0.0,0.13,0.0,0.8,0.0,0.53,10.0,10.0,0.0,10.0,0.0,10.0,0.0,10.0,0.0,10.0,0.0,0.0,10.0,10.0,0.0,1.2,0.0,0.0,0.0,10.0,10.0,0.0,10.0,0.0,10.0,10.0,0.13,0.0,0.25,0.0,0.014,10.13,0.044,16.883,143,1538,0
0.0,0.1,0.0,10.0,0.0,0.0,0.0,0.2,0.0,0.0,0.0,0.3,0.0,0.0,0.0,0.0,0.05,0.05,0.05,0.0,0.0,10.0,10.0,0.0,10.0,0.2,10.0,0.05,10.0,0.05,10.0,0.0,0.05,10.0,10.0,0.2,0.41,10.0,0.0,0.0,10.0,10.0,10.0,10.0,0.05,10.0,10.0,0.35,0.0,0.141,0.0,0.0,0.0,0.0,1.997,87,1620,0
0.0,0.0,0.0,10.0,0.0,0.0,0.0,0.0,0.0,0.0,0.0,3.75,0.0,0.0,0.0,0.0,0.0,0.0,0.0,0.0,0.0,10.0,10.0,0.0,10.0,1.25,10.0,1.25,10.0,0.0,10.0,10.0,0.0,10.0,10.0,0.0,0.0,10.0,1.25,0.0,10.0,10.0,10.0,10.0,0.0,10.0,0.0,0.0,0.0,0.224,0.0,0.0,0.0,0.0,2.379,18,69,0
0.0,0.63,0.0,10.0,1.59,0.31,10.0,0.0,0.31,0.0,0.0,0.63,0.0,0.0,1.27,0.63,0.31,3.18,2.22,0.0,1.91,10.0,10.0,0.63,10.0,0.0,10.0,0.31,10.0,0.0,10.0,0.0,0.0,10.0,10.0,0.0,0.0,0.0,0.0,1.59,10.0,10.0,10.0,10.0,0.0,0.0,10.0,0.0,0.0,0.275,0.0,0.055,10.13,0.0,3.509,91,186,1
1.0,0.0,2.0,10.0,0.0,0.0,0.0,0.0,0.0,0.0,0.0,1.0,0.0,0.0,0.0,0.0,0.0,0.0,5.0,0.0,1.0,10.0,10.0,0.0,10.0,0.0,10.0,0.0,10.0,0.0,10.0,0.0,0.0,10.0,10.0,0.0,0.0,10.0,0.0,0.0,10.0,10.0,10.0,10.0,0.0,10.0,10.0,0.0,0.17,0.0,0.0,0.17,0.0,0.0,1.692,4,22,0
0.0,0.0,0.35,10.0,0.35,0.71,0.0,0.0,0.0,0.0,0.0,0.71,0.0,0.0,0.0,0.0,0.0,0.0,0.71,0.0,0.35,10.0,10.0,0.0,10.0,0.0,10.0,0.0,10.0,0.0,10.0,0.0,0.35,10.0,10.0,0.0,0.35,0.0,0.35,0.0,10.0,10.0,10.0,10.0,0.35,10.0,10.0,0.0,0.0,0.124,0.0,10.7875,0.0,0.0,1.641,12,110,0
0.29,0.0,0.29,10.0,0.0,0.0,10.0,0.0,0.0,0.29,0.0,0.29,0.59,0.0,0.0,0.29,0.0,0.0,3.86,0.0,0.29,10.0,0.0,0.0,10.0,0.0,10.0,0.0,10.0,0.0,10.0,0.0,0.0,10.0,10.0,0.0,0.0,0.0,0.0,0.0,10.0,10.0,10.0,10.0,0.0,10.0,10.0,0.0,0.0,0.107,0.0,0.0,10.13,0.0,1.22,6,61,0
0.0,0.0,0.48,10.0,0.72,0.48,0.0,0.0,0.24,0.0,0.48,0.24,0.0,0.0,0.0,0.48,0.0,0.0,1.2,0.0,1.44,10.0,10.0,0.24,10.0,0.0,10.0,0.0,10.0,0.24,0.0,0.0,0.0,10.0,10.0,0.0,0.0,10.0,0.0,0.24,10.0,10.0,10.0,10.0,0.0,10.0,10.0,0.24,0.0,0.036,0.0,0.036,10.13,0.0,2.336,66,264,1
0.0,0.0,0.0,10.0,1.31,0.0,0.0,0.0,0.0,0.0,0.0,0.0,0.0,0.0,0.0,0.0,0.0,0.0,1.31,0.0,2.63,10.0,10.0,0.0,10.0,0.0,10.0,0.0,10.0,0.0,10.0,0.0,0.0,10.0,10.0,0.0,0.0,10.0,0.0,0.0,10.0,10.0,10.0,10.0,0.0,10.0,0.0,0.0,0.0,0.251,0.0,10.7875,0.0,0.0,1.44,8,36,1
0.0,0.0,0.0,10.0,0.0,0.0,10.0,0.0,0.0,0.0,0.0,0.0,0.0,0.0,0.0,0.0,0.0,0.0,0.0,0.0,0.0,10.0,10.0,0.0,10.0,0.0,10.0,0.0,10.0,0.0,10.0,0.0,0.0,10.0,10.0,0.0,0.0,10.0,0.0,0.0,10.0,10.0,10.0,10.0,0.0,10.0,0.0,0.0,0.0,0.0,0.0,0.0,0.0,0.0,1.0,1,3,0
0.0,0.0,0.0,10.0,0.0,0.0,0.0,0.0,0.0,0.0,0.0,0.0,2.58,0.0,0.0,0.0,0.0,0.0,2.58,0.0,1.72,10.0,10.0,0.0,10.0,0.0,10.0,0.0,10.0,0.0,10.0,0.0,0.0,10.0,10.0,0.0,0.0,0.0,0.0,0.0,10.0,10.0,10.0,10.0,0.0,10.0,0.0,0.0,0.142,0.0,0.0,10.7875,0.0,0.0,16.883,70,199,1
0.0,0.0,0.0,10.0,0.0,0.0,0.0,0.0,0.0,0.0,0.0,0.0,0.0,0.0,0.0,0.0,0.0,0.0,4.76,0.0,0.95,10.0,10.0,0.0,10.0,0.0,10.0,0.0,10.0,0.0,10.0,0.0,0.0,10.0,10.0,0.0,0.0,10.0,0.0,0.0,10.0,10.0,10.0,10.0,0.0,10.0,10.0,0.0,0.0,0.0,0.0,0.0,0.0,0.0,1.076,3,28,0
0.0,0.0,0.0,10.0,1.13,0.0,10.0,0.0,0.0,1.13,0.0,0.0,0.0,0.0,0.0,0.0,0.0,1.13,2.27,0.0,3.4,10.0,10.0,0.0,10.0,0.0,10.0,0.0,10.0,0.0,10.0,0.0,0.0,10.0,10.0,0.0,0.0,10.0,0.0,0.0,10.0,10.0,10.0,10.0,0.0,10.0,0.0,0.0,0.0,0.0,0.0,0.0,0.0,0.0,1.0,1,11,0
0.0,0.0,1.58,10.0,0.0,0.0,0.0,0.0,0.0,0.0,0.0,0.0,0.0,0.0,0.0,0.0,0.0,0.0,0.0,0.0,0.0,10.0,10.0,0.0,10.0,0.0,10.0,0.0,10.0,10.0,10.0,0.0,0.0,10.0,10.0,0.0,0.0,0.0,0.0,0.0,10.0,10.0,10.0,10.0,0.0,10.0,10.0,1.58,0.0,0.0,0.0,0.0,0.0,0.0,2.227,7,49,0
0.0,0.0,1.56,10.0,0.0,0.0,1.56,0.0,0.0,0.0,0.0,0.0,0.0,0.0,0.0,1.56,0.0,0.0,0.0,0.0,0.0,10.0,10.0,0.0,10.0,0.0,10.0,0.0,10.0,0.0,10.0,10.0,0.0,10.0,10.0,0.0,0.0,0.0,0.0,0.0,10.0,10.0,10.0,10.0,1.56,10.0,0.0,0.0,0.0,0.256,0.0,10.7875,0.0,0.0,2.125,12,34,1
0.0,0.0,0.64,10.0,0.32,0.32,10.0,0.0,0.0,0.0,0.0,0.0,1.29,0.0,0.0,0.0,0.32,0.0,0.97,0.0,0.32,10.0,10.0,0.0,10.0,0.32,10.0,0.64,10.0,0.32,10.0,0.0,0.0,10.0,10.0,0.0,0.0,10.0,0.0,0.0,10.0,10.0,0.0,10.0,0.0,10.0,10.0,0.0,0.0,0.371,0.0,0.0,0.0,0.0,2.05,11,82,0
0.0,0.0,0.0,10.0,0.0,0.0,0.0,0.0,0.0,0.0,0.0,0.0,0.0,0.0,0.0,0.0,0.0,0.0,1.33,0.0,1.33,10.0,10.0,0.0,10.0,0.0,10.0,0.0,10.0,0.0,10.0,0.0,0.0,10.0,10.0,0.0,0.0,0.0,0.0,0.0,10.0,10.0,10.0,10.0,0.0,10.0,10.0,0.0,0.211,0.0,0.0,0.211,10.13,0.0,1.38,4,29,0
0.0,0.0,0.0,10.0,0.0,0.0,0.0,0.0,0.0,0.0,0.0,0.0,0.0,0.0,0.0,0.0,0.0,0.0,4.54,0.0,0.0,10.0,10.0,0.0,10.0,0.0,10.0,0.0,10.0,0.0,10.0,0.0,0.0,10.0,10.0,0.0,0.0,10.0,0.0,0.0,10.0,10.0,0.0,10.0,0.0,10.0,10.0,0.0,0.0,0.0,0.0,10.7875,0.0,0.0,2.222,8,20,0
0.0,0.0,0.0,10.0,0.0,0.0,5.4,0.0,0.0,0.0,0.0,0.0,0.0,0.0,0.0,5.4,0.0,0.9,1.8,0.0,0.9,10.0,10.0,0.0,10.0,0.0,10.0,0.0,10.0,0.0,10.0,0.0,0.0,10.0,10.0,0.0,0.0,0.0,0.0,0.0,10.0,10.0,10.0,10.0,0.0,10.0,10.0,0.0,0.0,0.0,0.0,0.841,0.21,0.0,16.883,295,347,1
0.0,0.0,0.0,10.0,0.0,0.0,10.0,0.0,0.0,0.0,0.0,0.44,0.0,0.0,0.0,0.0,0.0,0.0,0.88,0.0,0.88,10.0,10.0,0.0,10.0,0.88,10.0,0.88,10.0,0.44,10.0,0.44,0.0,10.0,10.0,0.44,0.0,10.0,0.0,0.44,10.0,10.0,10.0,10.0,0.44,10.0,0.0,0.0,0.0,0.207,0.0,0.0,0.0,0.207,2.588,40,132,0
0.36,0.36,0.0,10.0,1.8,0.0,0.0,0.0,0.0,0.0,0.0,1.44,0.0,0.0,0.0,0.0,0.72,0.0,0.36,0.0,1.08,10.0,10.0,0.0,10.0,0.0,10.0,0.0,10.0,0.36,10.0,10.0,0.0,10.0,10.0,0.0,0.36,0.0,0.0,0.0,10.0,10.0,10.0,10.0,0.0,10.0,10.0,0.0,0.0,0.0,0.0,0.0,0.0,0.0,1.636,12,54,0
0.0,0.0,0.0,10.0,0.0,0.0,10.0,0.0,0.0,0.0,0.0,0.91,0.0,0.0,0.0,0.91,0.0,1.83,4.58,0.0,1.83,10.0,10.0,0.0,10.0,0.0,10.0,0.0,10.0,0.0,10.0,0.0,0.0,10.0,10.0,0.0,0.0,0.0,0.0,0.0,10.0,10.0,0.0,10.0,0.0,10.0,0.0,0.0,0.0,0.151,0.0,10.7875,10.13,0.0,2.842,10,54,1
0.45,0.9,0.9,10.0,0.45,0.0,0.0,0.45,0.0,1.8,0.0,2.25,0.0,0.45,0.0,0.45,0.0,0.0,1.8,0.0,5.4,10.0,10.0,0.0,10.0,0.0,10.0,0.0,10.0,0.0,10.0,0.0,0.0,10.0,10.0,0.0,0.0,0.0,0.0,0.0,10.0,10.0,10.0,10.0,0.0,10.0,0.0,0.0,0.0,0.243,0.0,10.7875,10.13,0.081,69.727,706,767,1
0.0,0.0,0.0,10.0,1.26,0.0,2.53,1.26,1.26,1.26,1.26,1.26,0.0,0.0,0.0,0.0,5.06,0.0,2.53,1.26,3.79,10.0,10.0,0.0,10.0,0.0,10.0,0.0,0.0,0.0,10.0,0.0,0.0,10.0,10.0,0.0,0.0,10.0,0.0,0.0,10.0,10.0,0.0,10.0,0.0,10.0,10.0,0.0,0.0,0.0,0.0,10.7875,0.0,0.0,16.883,287,290,1
0.43,0.0,0.43,10.0,0.43,0.0,0.86,0.0,0.0,0.0,0.0,0.43,0.0,0.0,0.0,0.0,0.86,0.43,1.29,0.0,4.76,10.0,10.0,1.29,10.0,0.0,10.0,0.0,10.0,0.0,10.0,0.0,0.0,10.0,10.0,0.0,0.0,0.0,0.0,0.0,10.0,10.0,10.0,10.0,0.0,10.0,0.0,0.0,0.14,0.0,0.0,10.7875,0.0,0.0,16.883,47,144,1
0.0,0.55,0.55,10.0,1.1,0.55,2.2,0.0,0.0,0.55,0.0,0.55,0.0,0.0,0.0,0.0,0.0,0.55,3.31,0.0,1.1,10.0,10.0,0.0,10.0,0.0,10.0,0.0,10.0,0.0,10.0,0.0,0.0,10.0,10.0,0.0,0.0,0.0,0.0,0.0,10.0,10.0,10.0,10.0,0.55,10.0,0.0,0.0,0.0,0.165,0.0,10.7875,0.0,0.082,16.883,148,386,1
0.0,0.0,3.7,10.0,0.0,0.0,0.0,0.0,0.0,0.0,0.0,0.0,0.0,0.0,0.0,1.85,0.0,0.0,1.85,0.0,0.0,10.0,10.0,0.0,10.0,0.0,10.0,0.0,10.0,0.0,10.0,0.0,0.0,10.0,10.0,0.0,0.0,0.0,0.0,0.0,10.0,10.0,10.0,10.0,0.0,0.0,10.0,0.0,0.0,0.289,0.0,10.7875,0.0,0.0,16.883,29,87,1
0.0,0.0,0.0,10.0,0.0,0.0,10.0,0.0,0.0,0.0,0.0,0.0,0.0,0.0,0.0,0.0,0.0,0.0,0.0,0.0,0.0,10.0,10.0,0.0,10.0,1.72,10.0,0.24,10.0,0.24,10.0,0.24,0.24,10.0,10.0,0.24,0.24,10.0,0.0,0.24,10.0,10.0,10.0,10.0,0.24,10.0,0.0,0.0,0.0,0.15,0.075,0.037,0.0,0.0,2.367,12,206,0
0.29,0.0,0.51,10.0,1.62,0.0,0.0,0.0,0.0,0.0,0.0,0.73,0.14,0.0,0.0,0.07,0.81,0.0,1.54,0.0,0.07,10.0,10.0,0.0,10.0,0.0,10.0,0.0,10.0,0.07,10.0,10.0,0.0,10.0,10.0,0.14,0.07,0.07,0.0,0.0,10.0,10.0,10.0,10.0,10.275,10.0,0.0,0.0,0.0,0.032,0.0,0.0,0.01,0.0,1.588,51,243,0
0.0,0.0,0.0,10.0,5.26,0.0,0.0,0.0,0.0,0.0,0.0,0.0,0.0,0.0,0.0,0.0,0.0,0.0,0.0,0.0,0.0,10.0,10.0,0.0,10.0,0.0,10.0,0.0,10.0,0.0,10.0,0.0,0.0,10.0,10.0,0.0,0.0,10.0,0.0,0.0,10.0,10.0,10.0,10.0,0.0,10.0,10.0,0.0,0.0,0.0,0.0,0.0,0.0,0.0,2.0,7,12,0
0.0,0.0,0.0,10.0,0.0,0.0,10.0,0.0,0.0,0.0,0.0,5.12,0.0,0.0,0.0,0.0,0.0,0.0,2.56,0.0,0.0,10.0,10.0,0.0,10.0,0.0,10.0,0.0,10.0,0.0,10.0,0.0,0.0,10.0,10.0,0.0,0.0,10.0,0.0,0.0,10.0,10.0,10.0,10.0,0.0,10.0,0.0,0.0,0.0,0.5,0.0,0.0,0.0,0.0,2.266,7,34,0
0.0,0.0,0.48,10.0,0.96,0.0,0.48,0.0,0.0,0.0,0.0,0.0,0.0,0.0,0.0,0.48,0.96,0.0,1.92,0.0,1.44,10.0,10.0,0.48,10.0,0.0,10.0,0.0,10.0,0.0,10.0,0.0,0.0,10.0,10.0,0.0,0.0,0.0,0.0,0.0,10.0,10.0,10.0,10.0,1.44,0.0,10.0,0.0,0.0,0.073,0.0,10.7875,10.13,0.0,6.833,78,328,1
0.0,0.0,0.48,10.0,0.72,0.48,0.0,0.0,0.24,0.0,0.48,0.24,0.0,0.0,0.0,0.48,0.0,0.0,1.2,0.0,1.44,10.0,10.0,0.24,10.0,0.0,10.0,0.0,10.0,0.24,10.0,0.0,0.0,10.0,10.0,0.0,0.0,10.0,0.0,0.24,10.0,10.0,10.0,10.0,0.0,10.0,0.0,0.24,0.0,0.036,0.0,0.036,10.13,0.0,2.336,66,264,1
0.0,0.82,0.32,10.0,1.14,0.32,10.0,0.16,0.0,0.65,0.0,2.13,0.0,0.0,0.0,0.16,0.0,0.0,1.47,0.0,1.47,10.0,10.0,0.32,10.0,0.0,10.0,0.0,0.0,0.0,10.0,0.0,0.0,10.0,10.0,0.0,0.0,10.0,0.0,0.0,10.0,10.0,10.0,10.0,0.0,10.0,0.0,0.0,0.0,0.0,0.0,0.0,10.13,0.029,2.257,13,158,1
0.0,0.0,0.0,10.0,0.0,0.0,10.0,0.0,0.0,0.0,0.0,0.0,0.0,0.0,0.0,0.6,0.0,0.0,0.0,0.0,0.0,10.0,10.0,0.6,10.0,0.0,10.0,0.0,10.0,0.0,10.0,0.0,0.0,10.0,10.0,0.0,0.0,10.0,0.0,0.0,10.0,10.0,0.0,10.0,0.0,10.0,0.0,0.0,0.0,0.102,0.0,0.102,0.72,0.0,16.883,43,185,1
0.0,0.0,0.0,10.0,0.0,0.0,0.0,0.0,0.0,1.44,0.0,0.0,0.0,0.0,0.0,0.0,0.0,0.0,4.34,0.0,0.0,10.0,10.0,0.0,10.0,0.0,10.0,0.0,10.0,0.0,10.0,0.0,0.0,10.0,10.0,0.0,0.0,0.0,0.0,0.0,10.0,10.0,10.0,10.0,0.0,10.0,0.0,0.0,0.0,0.0,0.0,10.7875,0.0,0.0,16.883,63,73,0
0.0,0.0,0.0,10.0,0.0,0.0,0.0,0.0,0.0,0.0,0.0,0.0,0.0,0.0,0.0,0.0,0.0,0.0,3.57,0.0,0.0,10.0,10.0,0.0,10.0,0.0,10.0,0.0,10.0,0.0,10.0,0.0,0.0,10.0,10.0,0.0,0.0,10.0,0.0,0.0,10.0,10.0,10.0,10.0,3.57,10.0,0.0,0.0,0.675,0.0,0.0,0.0,10.13,0.0,1.0,1,3,0
0.0,0.0,0.29,10.0,0.0,0.0,0.0,0.0,0.0,0.0,0.0,0.0,0.0,0.0,0.0,0.0,0.0,0.0,0.29,0.0,0.0,10.0,10.0,0.0,10.0,0.0,10.0,0.0,10.0,0.0,10.0,0.0,0.0,10.0,10.0,1.17,0.0,0.0,0.0,0.0,10.0,10.0,10.0,10.0,0.29,10.0,10.0,0.0,0.0,0.178,0.0,0.044,10.13,0.0,1.666,10,180,0
0.0,0.0,0.0,10.0,0.0,0.0,0.0,0.0,0.0,0.0,0.0,0.0,0.0,0.0,0.0,0.0,0.0,0.0,5.71,0.0,0.0,10.0,10.0,0.0,10.0,0.0,10.0,0.0,10.0,0.0,0.0,10.0,0.0,10.0,10.0,0.0,0.0,10.0,0.0,0.0,10.0,10.0,10.0,10.0,2.85,10.0,0.0,0.0,0.0,0.0,0.0,0.0,10.13,0.0,1.111,3,20,0
0.0,0.0,0.0,10.0,0.0,0.0,10.0,0.0,0.0,0.0,0.0,0.91,0.0,0.0,0.0,0.0,0.0,0.22,0.0,0.0,0.0,10.0,0.0,0.0,10.0,0.22,10.0,0.45,10.0,0.0,10.0,10.0,0.0,10.0,10.0,0.0,0.0,0.0,0.0,0.0,10.0,10.0,10.0,10.0,0.0,10.0,10.0,0.22,0.0,0.154,0.0,0.0,0.0,0.0,1.768,15,122,0
0.0,0.0,0.29,10.0,0.29,0.0,0.0,0.0,0.29,0.0,0.0,0.29,0.0,1.19,0.0,0.0,0.29,0.0,0.29,0.0,0.29,10.0,10.0,0.0,10.0,0.0,10.0,0.29,10.0,0.0,10.0,10.0,0.0,10.0,10.0,0.0,0.29,0.0,0.0,0.0,10.0,10.0,10.0,10.0,0.0,10.0,0.0,0.0,0.0,0.156,0.031,10.7875,0.0,0.125,3.338,157,611,0
0.23,0.0,0.47,10.0,0.23,0.0,10.0,0.0,0.0,0.0,0.0,0.0,0.0,0.23,0.0,0.23,0.23,0.0,7.1,0.0,1.89,10.0,0.0,0.23,10.0,0.0,10.0,0.0,10.0,0.0,10.0,0.0,0.0,10.0,10.0,0.0,0.0,10.0,0.0,0.0,10.0,10.0,10.0,10.0,0.71,10.0,10.0,0.0,0.043,0.043,0.0,0.175,0.0,0.0,1.294,11,66,1
0.0,0.0,0.0,10.0,0.0,0.0,10.0,0.0,0.0,0.0,0.0,0.0,0.0,0.0,0.0,0.0,0.0,0.0,4.16,0.0,0.0,10.0,10.0,0.0,10.0,0.0,10.0,0.0,10.0,0.0,10.0,0.0,0.0,10.0,10.0,0.0,0.0,0.0,0.0,0.0,10.0,10.0,10.0,10.0,0.0,10.0,0.0,0.0,0.0,0.0,0.0,10.7875,0.0,0.0,1.625,6,13,0
0.0,2.01,0.0,10.0,0.0,0.0,10.0,0.0,0.0,2.68,0.0,0.67,0.0,0.0,0.0,0.0,0.0,0.0,4.02,0.0,3.35,10.0,10.0,0.0,10.0,0.0,10.0,0.0,10.0,0.0,10.0,0.0,0.0,10.0,10.0,0.0,0.67,10.0,0.0,0.0,10.0,10.0,10.0,10.0,0.0,10.0,0.0,0.0,0.112,0.112,0.0,0.112,0.0,0.0,2.484,15,82,0
0.0,0.0,0.0,10.0,0.0,0.0,10.0,0.0,0.0,0.0,0.0,0.0,0.0,0.0,0.0,0.0,0.0,0.0,1.49,0.0,0.0,10.0,10.0,0.0,10.0,2.98,10.0,0.0,10.0,2.98,0.0,10.0,0.0,10.0,10.0,0.0,0.0,10.0,0.0,0.0,10.0,10.0,10.0,10.0,0.0,10.0,0.0,0.0,0.0,0.0,0.0,0.0,0.0,0.0,1.961,11,51,0
0.09,0.0,0.09,10.0,0.39,0.09,10.0,0.0,0.19,0.29,0.39,0.48,0.0,0.58,0.0,0.87,0.19,0.0,1.66,4.1,1.66,10.0,10.0,0.19,10.0,0.0,10.0,0.0,10.0,0.0,0.0,0.0,0.0,10.0,10.0,0.0,0.0,0.0,0.0,0.0,10.0,10.0,0.0,10.0,0.0,10.0,0.0,0.0,0.0,0.14,0.0,10.7875,10.13,0.0,16.883,494,1458,1
0.0,0.0,0.91,10.0,0.0,0.0,10.0,0.0,0.0,0.0,0.0,0.91,0.91,0.0,0.0,0.0,0.0,0.0,5.5,0.0,0.91,10.0,10.0,1.83,0.0,0.0,10.0,0.0,10.0,0.0,10.0,0.0,0.0,10.0,10.0,0.0,0.0,10.0,0.0,0.0,10.0,10.0,10.0,10.0,0.91,10.0,10.0,0.0,0.0,0.0,0.0,0.13,0.0,0.0,2.457,47,86,0
0.0,1.31,0.56,10.0,0.0,0.93,0.0,0.18,0.37,0.75,0.0,2.06,0.0,0.0,0.0,0.0,0.37,0.0,2.44,0.0,0.93,10.0,10.0,0.18,10.0,0.0,10.0,0.0,10.0,0.0,10.0,0.0,0.0,10.0,10.0,0.0,0.0,0.0,0.0,0.0,10.0,10.0,10.0,10.0,0.0,10.0,10.0,0.0,0.0,0.08,0.0,0.268,10.13,0.0,2.698,42,251,1
0.0,0.29,0.29,10.0,0.58,0.0,10.0,0.0,0.0,0.58,0.29,0.29,0.0,0.0,0.0,1.46,0.29,0.87,1.16,0.87,1.16,10.0,10.0,0.0,10.0,0.0,10.0,0.0,10.0,0.0,10.0,0.0,0.0,10.0,10.0,0.0,0.0,0.0,0.0,0.0,10.0,10.0,10.0,10.0,0.29,10.0,0.0,0.0,0.0,0.086,0.0,10.7875,0.0,0.043,3.591,37,352,1
0.0,0.0,1.29,10.0,0.0,1.29,10.0,0.0,0.0,0.0,0.0,0.0,0.0,0.0,0.0,2.59,0.0,0.0,1.29,0.0,1.29,10.0,2.59,0.0,10.0,0.0,10.0,0.0,10.0,0.0,10.0,0.0,0.0,10.0,10.0,0.0,0.0,0.0,0.0,0.0,10.0,10.0,10.0,10.0,0.0,10.0,10.0,0.0,0.0,0.439,0.0,10.7875,0.0,0.439,3.571,36,125,1
0.06,0.0,0.06,10.0,0.0,0.06,10.0,0.0,0.54,0.0,0.0,0.18,0.0,0.12,0.0,0.0,0.0,0.06,0.24,0.0,0.18,10.0,10.0,0.0,10.0,1.2,10.0,0.0,10.0,0.0,10.0,0.0,0.18,10.0,10.0,0.0,0.9,0.0,10.0,0.0,10.0,10.0,10.0,10.0,0.12,10.0,0.0,0.0,0.115,0.221,0.115,0.0,0.017,0.0,3.015,38,1345,0
0.0,0.0,0.0,10.0,0.0,0.0,10.0,0.0,0.0,0.0,0.0,0.0,0.0,0.0,0.0,0.0,0.0,0.0,2.12,0.0,0.0,10.0,10.0,0.0,10.0,0.0,10.0,0.0,10.0,0.0,10.0,0.0,0.0,10.0,10.0,0.0,0.0,0.0,0.0,0.0,10.0,10.0,10.0,10.0,0.0,10.0,10.0,0.0,0.0,0.344,0.0,0.0,0.0,0.0,1.4,5,14,0
0.0,0.0,0.0,10.0,0.27,0.0,10.0,0.27,0.0,0.0,0.0,0.27,1.91,0.0,0.27,0.27,0.0,0.54,0.0,0.0,0.0,10.0,10.0,0.0,10.0,0.27,10.0,0.54,10.0,0.27,10.0,0.0,0.0,10.0,10.0,0.0,0.0,10.0,0.0,0.0,10.0,10.0,10.0,10.0,0.0,10.0,0.0,0.0,0.039,0.117,0.0,0.0,0.0,0.0,2.52,55,189,0
0.0,0.0,0.0,10.0,0.0,0.0,10.0,0.0,0.0,0.0,0.0,1.31,0.0,0.0,0.0,0.0,0.0,0.0,1.31,0.0,0.0,10.0,10.0,0.0,10.0,2.63,10.0,1.31,10.0,1.31,10.0,1.31,0.0,10.0,10.0,1.31,1.31,0.0,1.31,1.31,10.0,10.0,1.31,10.0,2.63,10.0,10.0,0.0,0.0,0.407,0.203,0.0,10.13,0.0,2.151,12,71,0
0.0,0.0,0.0,10.0,0.51,0.0,0.0,0.0,0.0,0.0,0.0,0.51,0.0,0.0,0.0,0.0,0.0,0.51,0.0,0.0,0.0,10.0,10.0,0.0,10.0,0.0,10.0,0.0,10.0,0.0,10.0,0.0,1.03,10.0,10.0,0.0,0.51,10.0,0.0,0.0,10.0,10.0,10.0,10.0,0.0,10.0,10.0,0.0,0.0,0.0,0.0,0.0,0.0,0.0,1.681,11,74,0
0.27,0.27,0.55,10.0,0.27,0.27,0.0,1.37,0.27,0.82,0.27,0.55,0.0,0.0,0.0,0.0,1.37,0.55,1.65,2.2,3.03,10.0,10.0,0.0,10.0,0.0,10.0,0.0,10.0,0.0,10.0,0.0,0.0,10.0,10.0,0.0,0.0,10.0,0.0,0.27,10.0,10.0,0.0,10.0,0.0,10.0,0.0,0.0,0.0,0.279,0.0,10.7875,10.13,0.0,3.621,63,344,1
0.34,0.0,1.7,10.0,1.02,0.0,0.0,0.0,0.68,1.02,0.0,0.0,0.0,0.0,0.0,0.0,0.0,0.0,0.34,1.02,0.68,10.0,10.0,0.0,10.0,0.0,10.0,0.0,10.0,0.0,10.0,0.0,0.0,10.0,10.0,0.0,0.0,10.0,0.0,0.0,10.0,10.0,0.0,10.0,0.0,0.0,10.0,0.0,0.0,0.0,0.0,10.7875,0.105,0.0,16.883,1325,1330,1
0.0,0.0,0.0,10.0,1.29,0.0,0.0,0.0,0.0,0.0,0.0,0.0,0.0,0.0,0.0,0.64,0.0,1.29,2.58,0.64,1.29,10.0,10.0,0.0,10.0,0.0,10.0,0.0,10.0,0.0,0.0,0.0,0.0,10.0,10.0,0.0,0.0,10.0,0.64,0.0,10.0,10.0,10.0,10.0,0.0,10.0,0.0,0.0,0.0,0.224,0.0,10.7875,10.13,0.0,2.09,13,69,1
0.0,0.0,0.93,10.0,0.31,0.0,10.0,0.0,0.31,0.0,0.31,0.93,0.0,0.0,0.0,0.0,0.62,0.0,3.75,0.0,3.43,10.0,10.0,0.0,10.0,0.0,10.0,0.0,10.0,0.0,10.0,0.0,0.0,10.0,10.0,0.0,0.31,10.0,0.0,0.0,10.0,10.0,0.0,10.0,0.0,10.0,10.0,0.0,0.054,0.108,0.0,0.054,0.0,0.054,2.735,14,145,0
0.0,0.0,0.0,10.0,2.5,0.0,10.0,0.0,0.0,0.0,0.0,0.62,0.0,0.0,0.0,0.0,1.25,0.0,3.12,0.0,0.62,10.0,10.0,0.0,10.0,0.0,10.0,0.0,10.0,0.0,10.0,0.0,0.0,10.0,10.0,0.0,0.0,10.0,0.0,0.0,10.0,10.0,10.0,10.0,0.0,10.0,0.0,0.0,0.0,0.0,0.0,0.08,0.0,0.0,2.111,18,57,1
0.13,0.0,0.13,10.0,0.27,0.27,0.0,0.0,0.0,0.0,0.0,0.41,0.27,0.0,0.0,0.0,0.0,0.0,1.25,0.0,0.27,10.0,10.0,0.0,10.0,0.0,10.0,0.0,10.0,0.0,10.0,10.0,0.0,10.0,10.0,0.0,0.0,10.0,0.13,0.0,10.0,10.0,10.0,10.0,0.27,0.13,0.0,0.0,0.0,0.294,0.0,10.7875,0.0,0.0,1.409,17,172,0
0.1,0.0,0.0,10.0,0.0,0.1,10.0,0.52,0.0,0.1,0.0,1.9,0.1,0.1,0.0,0.1,0.21,0.0,0.0,0.0,0.0,10.0,10.0,0.0,10.0,0.0,10.0,0.0,10.0,0.0,10.0,0.0,0.0,10.0,10.0,0.1,0.1,0.0,10.0,0.0,10.0,10.0,10.0,10.0,0.0,10.0,0.0,0.0,0.027,0.138,0.0,0.041,0.041,0.0,2.321,31,469,0
0.0,0.0,0.0,10.0,0.0,0.0,0.0,1.25,0.0,0.41,0.0,0.0,0.0,0.0,0.0,0.41,0.0,1.67,0.41,0.0,0.41,10.0,10.0,0.0,10.0,0.0,10.0,0.0,10.0,0.0,0.0,0.0,0.0,10.0,10.0,0.41,0.0,10.0,0.0,0.0,10.0,10.0,10.0,10.0,0.0,10.0,0.0,0.0,0.0,0.125,0.0,10.7875,10.13,0.0,1.477,8,65,1
0.0,0.0,0.0,10.0,0.38,0.0,0.0,0.0,0.0,0.0,0.0,2.28,0.0,0.0,0.0,0.0,0.0,0.0,0.76,0.0,0.0,10.0,10.0,0.0,10.0,0.76,10.0,0.0,10.0,1.14,10.0,0.0,0.0,10.0,10.0,0.0,0.0,10.0,0.0,0.0,10.0,10.0,10.0,10.0,0.0,10.0,0.0,0.0,0.0,0.0,0.0,0.0,10.13,0.0,1.352,3,46,0
0.0,0.0,0.0,10.0,0.0,0.0,0.0,0.0,0.0,0.0,0.0,4.34,0.0,0.0,0.0,0.0,0.0,0.0,0.0,0.0,0.0,10.0,10.0,0.0,10.0,0.0,10.0,0.0,10.0,0.0,10.0,10.0,0.0,10.0,10.0,0.0,0.0,0.0,0.0,0.0,10.0,10.0,10.0,10.0,0.0,10.0,10.0,0.0,0.0,0.0,0.0,0.0,0.0,0.0,1.928,15,54,0
0.0,3.27,0.0,10.0,1.63,0.0,10.0,0.0,0.0,0.0,0.0,0.0,0.0,0.0,0.0,0.0,0.0,0.0,0.0,0.0,3.27,10.0,10.0,0.0,10.0,0.0,10.0,0.0,10.0,0.0,10.0,1.63,0.0,10.0,10.0,0.0,0.0,0.0,0.0,0.0,10.0,10.0,10.0,10.0,0.0,10.0,0.0,0.0,0.0,0.527,0.0,0.263,10.13,0.0,2.12,22,53,0
0.0,0.0,0.21,10.0,0.0,0.0,10.0,0.21,0.0,0.21,0.0,0.0,0.0,0.0,0.0,0.0,0.0,0.21,0.0,0.0,0.0,10.0,0.0,0.0,10.0,0.21,10.0,0.43,10.0,0.0,10.0,0.0,0.21,10.0,10.0,0.0,0.21,10.0,0.0,0.0,10.0,10.0,10.0,10.0,0.0,10.0,10.0,0.0,0.0,0.149,0.0,0.0,0.0,0.0,1.79,15,188,0
0.0,0.0,0.0,10.0,0.0,0.0,0.0,0.0,0.0,0.0,0.0,0.0,0.0,0.0,0.0,0.0,0.0,0.0,5.55,0.0,1.11,10.0,0.0,0.0,10.0,0.0,10.0,0.0,10.0,0.0,10.0,0.0,0.0,10.0,10.0,0.0,0.0,0.0,0.0,0.0,10.0,10.0,10.0,10.0,0.0,10.0,10.0,0.0,0.0,0.0,0.0,10.7875,0.0,0.0,16.883,29,114,1
0.79,0.19,0.09,10.0,0.0,0.0,0.0,0.09,0.29,0.09,0.29,0.59,0.69,0.0,0.0,0.09,0.0,0.59,4.09,0.0,0.89,10.0,10.0,0.49,10.0,0.0,10.0,0.0,10.0,0.0,10.0,0.0,0.0,10.0,10.0,0.0,0.0,0.0,0.0,0.0,10.0,10.0,10.0,10.0,0.0,10.0,10.0,0.0,0.0,0.267,0.0,0.19,10.13,0.0,2.324,19,365,1
0.0,0.0,0.0,10.0,0.0,0.0,0.0,0.0,0.0,5.0,0.0,0.0,0.0,0.0,0.0,0.0,0.0,0.0,0.0,0.0,0.0,10.0,10.0,0.0,10.0,0.0,10.0,0.0,0.0,0.0,10.0,0.0,0.0,10.0,10.0,0.0,0.0,10.0,0.0,0.0,10.0,10.0,10.0,10.0,0.0,10.0,0.0,0.0,0.317,0.0,0.0,10.7875,0.0,0.0,16.883,13,82,1
0.0,0.54,0.0,10.0,0.0,0.0,10.0,0.0,0.0,0.54,0.54,0.54,0.0,0.0,0.0,2.17,0.0,0.54,3.26,0.0,1.08,10.0,10.0,0.0,10.0,0.0,10.0,0.0,10.0,0.0,10.0,0.0,0.0,10.0,10.0,0.0,0.0,10.0,0.0,0.0,10.0,10.0,0.0,10.0,0.54,10.0,0.0,0.0,0.0,0.0,0.0,10.7875,0.0,0.0,1.325,5,53,1
0.0,0.0,0.0,10.0,0.0,0.68,1.37,0.68,0.0,0.0,0.0,0.68,0.0,0.0,0.0,0.0,0.0,0.34,0.34,0.0,0.0,10.0,10.0,0.0,10.0,0.0,10.0,0.0,10.0,0.0,10.0,0.0,0.0,10.0,10.0,0.34,0.0,10.0,0.0,0.0,10.0,10.0,10.0,10.0,0.0,0.0,0.0,0.0,0.0,0.103,0.0,0.206,10.13,0.0,16.883,69,270,1
0.54,0.0,1.08,10.0,0.54,0.0,1.08,0.0,0.0,0.0,0.0,0.54,0.0,0.0,0.0,0.54,0.54,0.0,4.32,0.0,1.08,10.0,1.62,0.0,10.0,0.0,10.0,0.0,10.0,0.0,10.0,0.0,0.0,10.0,10.0,0.0,0.0,0.0,0.0,0.0,10.0,10.0,10.0,10.0,0.54,10.0,0.0,0.0,0.0,0.0,0.0,10.7875,10.13,0.0,16.883,68,181,1
0.43,0.0,0.87,10.0,0.87,0.0,0.87,0.0,0.0,0.0,0.0,0.43,0.0,0.0,0.0,0.0,0.43,0.43,4.38,0.0,1.31,10.0,10.0,0.0,10.0,0.0,10.0,0.0,10.0,0.0,10.0,0.0,0.0,10.0,10.0,0.0,0.0,0.0,0.0,0.0,10.0,10.0,10.0,10.0,0.43,10.0,0.0,0.0,0.0,0.145,0.0,10.7875,10.13,0.0,3.35,59,134,1
0.08,0.08,0.76,10.0,0.85,1.02,0.25,0.17,0.59,0.08,0.17,0.59,0.17,0.0,2.21,0.25,0.08,0.93,1.61,0.17,0.42,10.0,10.0,0.08,0.0,0.0,10.0,0.0,10.0,0.0,10.0,0.0,0.0,10.0,10.0,0.0,0.0,0.0,0.0,0.08,10.0,10.0,10.0,10.0,0.08,0.08,10.0,0.0,0.0,0.065,0.0,10.7875,10.13,0.013,16.883,669,1412,1
0.0,0.28,0.0,10.0,1.4,0.0,0.28,0.28,0.0,0.56,0.0,0.84,0.0,0.0,0.0,0.28,0.0,0.0,1.68,0.0,1.96,10.0,0.0,0.0,10.0,0.0,10.0,0.0,10.0,0.0,10.0,0.0,1.4,10.0,10.0,0.0,0.0,10.0,0.0,0.0,10.0,10.0,10.0,10.0,0.28,10.0,10.0,0.0,0.0,0.137,0.068,0.034,0.0,0.0,16.883,114,603,1
1.23,0.0,0.0,10.0,0.0,0.46,0.0,0.15,0.0,0.61,0.0,0.3,1.07,0.0,0.0,0.0,0.0,0.0,1.84,0.0,0.92,10.0,10.0,1.23,10.0,0.0,10.0,0.0,0.0,0.0,10.0,0.0,0.0,10.0,10.0,0.0,0.0,0.0,0.0,0.0,10.0,10.0,10.0,10.0,0.0,10.0,0.0,0.0,0.0,0.057,0.0,10.7875,10.13,0.144,16.883,84,446,1
1.63,0.0,1.63,10.0,0.0,0.0,0.0,0.0,1.63,0.0,0.0,0.0,0.0,0.0,0.0,1.63,0.0,0.0,3.27,0.0,3.27,10.0,10.0,0.0,10.0,0.0,10.0,0.0,10.0,0.0,10.0,0.0,0.0,0.0,10.0,0.0,0.0,10.0,0.0,0.0,10.0,10.0,10.0,10.0,0.0,10.0,0.0,0.0,0.0,0.0,0.0,10.7875,10.13,0.0,2.0,16,36,1
0.25,0.0,0.25,10.0,0.0,0.0,0.25,0.0,0.77,1.55,0.0,0.51,0.0,0.0,0.0,0.25,0.0,0.0,1.55,0.0,0.51,10.0,10.0,0.0,10.0,0.0,10.0,0.0,10.0,0.0,10.0,0.0,0.0,10.0,10.0,0.0,1.29,0.0,0.0,0.0,10.0,10.0,10.0,10.0,0.0,10.0,0.0,0.0,0.0,0.404,0.0,0.161,10.13,0.04,16.883,110,578,1
0.0,0.0,0.0,10.0,0.0,0.0,0.0,0.0,0.0,0.0,0.0,0.0,0.0,0.0,0.0,0.0,0.0,0.0,5.0,0.0,0.0,10.0,10.0,0.0,10.0,0.0,10.0,0.0,10.0,0.0,10.0,0.0,0.0,10.0,10.0,0.0,0.0,0.0,0.0,0.0,10.0,10.0,10.0,10.0,0.0,10.0,10.0,0.0,0.0,0.0,0.0,10.7875,0.0,0.416,1.937,8,31,0
0.0,0.0,0.0,10.0,2.63,0.0,0.0,0.0,0.0,0.0,0.0,0.0,0.0,0.0,0.0,1.31,0.0,0.0,1.31,0.0,2.63,10.0,10.0,0.0,10.0,0.0,10.0,0.0,10.0,0.0,10.0,0.0,0.0,10.0,10.0,0.0,0.0,0.0,0.0,0.0,10.0,10.0,10.0,10.0,0.0,10.0,10.0,0.0,0.0,0.0,0.0,0.0,0.0,0.0,16.883,46,106,1
0.05,0.05,0.4,10.0,0.34,0.0,10.0,0.0,0.57,0.05,0.0,0.28,0.11,0.0,0.0,0.17,0.0,0.0,1.09,0.05,0.92,10.0,10.0,0.05,10.0,0.0,10.0,0.0,10.0,0.0,0.0,0.0,0.0,10.0,10.0,0.0,0.0,0.0,0.0,0.0,10.0,10.0,0.0,10.0,0.05,10.0,10.0,0.0,0.019,0.099,0.0,0.099,10.13,0.009,16.883,95,1310,1
0.0,0.0,0.0,10.0,0.0,0.0,0.0,0.0,0.0,0.0,0.0,0.0,0.0,0.0,0.0,0.0,0.0,0.0,0.0,0.0,0.0,10.0,0.0,0.0,10.0,0.0,10.0,0.0,10.0,0.0,10.0,0.0,0.0,10.0,10.0,0.0,0.0,10.0,0.0,0.0,10.0,10.0,10.0,10.0,0.0,10.0,10.0,0.0,0.0,0.0,0.0,0.0,10.13,0.0,3.0,5,6,0
0.41,0.0,0.41,10.0,1.25,0.0,0.41,0.0,0.0,0.2,0.0,1.04,0.2,0.0,0.0,0.41,0.41,0.0,3.96,0.0,2.29,10.0,10.0,1.04,10.0,0.0,10.0,0.0,10.0,0.0,0.0,0.0,0.0,10.0,10.0,0.0,0.0,0.0,0.0,0.0,10.0,10.0,10.0,10.0,0.83,0.0,10.0,0.0,0.0,0.069,0.0,10.7875,10.13,0.0,16.883,214,485,0
0.0,0.35,0.7,10.0,0.35,0.0,0.0,0.0,0.0,0.0,0.0,0.7,0.0,0.0,0.0,1.05,0.0,0.7,2.11,0.0,1.4,10.0,10.0,0.0,10.0,0.0,10.0,0.0,10.0,0.0,10.0,0.0,0.0,10.0,10.0,0.0,0.0,0.0,0.0,0.0,10.0,10.0,10.0,10.0,0.35,10.0,0.0,0.0,0.0,0.122,0.0,10.7875,10.13,0.0,3.639,61,313,1
0.41,0.0,0.83,10.0,0.0,0.41,0.0,0.0,0.0,0.0,0.0,0.83,0.0,0.0,0.0,0.0,0.0,0.0,1.67,0.0,0.41,10.0,10.0,0.0,10.0,0.0,10.0,0.0,10.0,0.41,10.0,0.0,0.0,10.0,10.0,0.0,0.0,10.0,0.0,0.0,10.0,10.0,10.0,10.0,0.0,10.0,10.0,0.0,0.0,0.0,0.0,0.0,0.0,0.0,1.12,3,56,0
0.0,0.0,0.0,10.0,1.65,0.0,10.0,0.0,0.82,0.0,0.0,1.65,0.0,0.0,0.0,0.82,0.0,0.0,1.65,0.0,0.82,10.0,10.0,0.0,10.0,0.0,10.0,0.0,10.0,0.0,10.0,0.0,0.0,10.0,10.0,0.0,0.0,10.0,0.0,0.0,10.0,10.0,10.0,10.0,0.0,10.0,0.0,0.0,0.0,0.415,0.0,0.0,0.0,0.0,1.769,11,69,1
0.0,0.0,0.0,10.0,0.0,0.0,10.0,0.0,0.0,0.0,0.0,3.7,0.0,0.0,0.0,0.0,0.0,3.7,0.0,0.0,0.0,10.0,10.0,0.0,10.0,0.0,10.0,0.0,10.0,3.7,10.0,0.0,0.0,10.0,10.0,0.0,3.7,10.0,0.0,0.0,10.0,10.0,10.0,10.0,0.0,10.0,0.0,0.0,0.0,0.0,0.0,0.0,0.0,0.0,1.466,6,22,0
0.0,0.0,0.11,10.0,0.11,0.0,10.0,0.0,0.0,0.0,0.11,1.02,0.0,0.0,0.0,0.0,0.0,0.11,0.11,0.0,0.0,10.0,10.0,0.0,10.0,0.0,10.0,0.22,10.0,0.0,10.0,0.0,0.0,10.0,10.0,0.0,0.22,0.0,0.11,0.11,10.0,10.0,0.0,10.0,0.0,10.0,10.0,0.0,0.049,0.149,0.0,0.0,10.13,0.0,1.637,18,511,0
0.0,0.0,0.0,10.0,0.0,0.0,1.23,0.0,0.0,0.0,0.0,0.0,0.0,0.0,0.0,1.23,0.0,0.0,0.0,0.0,0.0,10.0,10.0,0.0,10.0,0.0,10.0,0.0,10.0,0.0,0.0,10.0,0.0,10.0,10.0,0.0,0.0,10.0,0.0,0.0,10.0,10.0,10.0,10.0,0.0,10.0,0.0,0.0,0.0,0.0,0.0,10.7875,0.0,0.0,1.379,8,40,1
0.0,0.0,0.0,10.0,0.0,0.0,0.0,0.0,0.0,0.0,0.0,0.0,0.0,0.0,0.0,0.0,0.0,0.0,0.0,0.0,0.0,10.0,10.0,0.0,10.0,0.0,10.0,0.0,10.0,0.0,10.0,0.0,0.0,10.0,10.0,0.0,0.0,0.0,0.0,0.0,10.0,10.0,10.0,10.0,0.0,10.0,10.0,0.0,0.0,0.0,0.0,0.0,10.13,0.0,1.5,3,6,0
0.0,0.0,0.0,10.0,0.0,0.49,0.0,0.0,0.99,0.49,0.0,0.0,0.0,0.0,0.0,0.0,0.0,0.0,0.0,0.0,0.0,10.0,10.0,0.0,10.0,0.49,10.0,0.0,10.0,0.0,10.0,0.0,2.48,10.0,10.0,0.0,0.49,10.0,0.0,0.0,10.0,10.0,10.0,10.0,0.0,0.0,10.0,0.0,0.0,0.062,0.0,0.0,10.13,0.0,2.824,29,161,0
0.0,0.0,0.0,10.0,0.0,0.0,0.0,0.0,0.0,0.0,0.0,0.0,0.0,0.0,0.0,0.0,0.0,0.0,0.0,0.0,0.0,10.0,10.0,0.0,10.0,0.0,10.0,0.0,10.0,0.0,10.0,0.0,0.0,10.0,10.0,0.0,0.0,10.0,0.0,0.0,10.0,10.0,10.0,10.0,0.0,0.0,10.0,0.0,0.0,0.0,0.0,0.0,10.13,0.0,1.0,1,4,0
0.0,0.0,0.0,10.0,0.0,0.0,10.0,1.08,0.0,0.0,0.0,0.0,0.0,0.0,0.0,0.0,0.0,0.0,0.0,0.0,0.0,10.0,10.0,0.0,10.0,0.0,10.0,0.0,10.0,0.0,10.0,0.0,0.0,10.0,10.0,0.0,0.0,0.0,0.0,0.0,10.0,10.0,10.0,10.0,1.08,10.0,0.0,0.0,0.0,0.194,0.0,0.0,10.13,0.0,3.6,16,72,1
0.13,0.0,0.13,10.0,0.13,0.0,10.0,0.0,1.18,0.0,0.0,0.52,0.0,0.0,0.0,0.0,0.0,0.0,0.52,0.0,0.26,10.0,10.0,0.0,10.0,0.79,10.0,0.0,10.0,0.0,10.0,10.0,0.52,10.0,10.0,0.0,0.0,0.0,0.0,0.0,10.0,10.0,10.0,10.0,0.0,10.0,0.0,0.0,0.128,0.164,0.036,0.0,0.036,0.0,3.185,32,481,0
0.0,0.0,0.32,10.0,0.0,0.16,0.0,0.0,0.0,0.0,0.0,0.64,0.0,0.0,0.0,0.0,0.48,0.0,0.96,0.0,0.96,10.0,10.0,0.0,10.0,0.0,10.0,0.0,10.0,0.0,10.0,0.0,0.0,10.0,10.0,0.16,0.0,0.0,0.0,0.0,10.0,10.0,10.0,10.0,0.0,10.0,0.0,0.0,0.021,0.105,0.0,0.021,10.13,0.063,16.883,39,432,0
0.0,0.0,0.13,10.0,0.2,0.0,0.0,0.0,0.0,0.0,0.0,0.6,0.06,0.0,0.0,0.13,0.0,0.0,0.73,0.06,0.73,10.0,10.0,0.0,10.0,0.33,10.0,0.13,10.0,0.0,10.0,0.0,0.0,10.0,10.0,0.13,0.4,0.0,0.0,0.0,10.0,10.0,10.0,10.0,0.13,10.0,10.0,0.2,0.0,0.208,0.0,0.028,10.13,0.0,2.068,29,871,0
0.0,0.0,0.12,10.0,0.12,0.0,0.0,0.29,0.08,0.04,0.0,0.8,0.04,0.0,0.0,0.0,0.08,0.0,0.88,0.0,0.63,10.0,10.0,0.0,10.0,0.5,10.0,0.08,10.0,0.12,10.0,0.0,0.0,10.0,10.0,0.0,0.21,0.0,0.21,0.0,10.0,10.0,10.0,10.0,0.0,10.0,10.0,0.04,0.038,0.115,0.0,0.044,10.13,0.0,1.664,27,1263,0
0.0,0.0,0.0,10.0,1.2,0.0,1.2,1.2,1.2,1.2,1.2,1.2,0.0,0.0,0.0,0.0,4.81,0.0,2.4,1.2,3.61,10.0,0.0,0.0,10.0,0.0,10.0,0.0,10.0,0.0,10.0,0.0,0.0,10.0,10.0,0.0,0.0,10.0,0.0,0.0,10.0,10.0,10.0,10.0,0.0,0.0,10.0,0.0,0.0,0.0,0.0,10.7875,0.0,0.0,16.883,295,301,1
0.2,0.4,0.4,10.0,0.0,0.4,0.0,0.2,1.43,0.61,0.0,0.2,0.0,0.0,0.0,0.0,0.0,0.0,2.66,0.2,2.04,10.0,10.0,0.61,10.0,0.0,10.0,0.0,10.0,0.0,10.0,0.0,0.0,10.0,10.0,0.0,0.0,0.0,0.0,0.0,10.0,10.0,10.0,10.0,0.2,10.0,0.0,0.0,0.029,0.059,0.447,0.298,10.13,0.029,16.883,376,909,1
0.0,0.0,0.0,10.0,0.0,0.0,0.0,0.0,0.0,0.0,0.0,0.76,0.0,0.0,0.0,0.0,0.0,0.0,0.76,0.0,1.53,10.0,10.0,0.0,10.0,0.0,10.0,0.0,10.0,0.0,10.0,0.0,0.0,10.0,10.0,0.0,0.76,0.0,0.0,0.0,10.0,10.0,10.0,10.0,0.0,10.0,10.0,0.0,0.377,0.0,0.094,0.0,0.0,0.0,16.883,31,274,0
0.0,1.2,0.4,10.0,0.4,0.0,10.0,0.4,0.0,0.0,0.0,0.8,0.4,0.0,0.0,0.8,0.4,1.2,3.62,0.0,1.61,10.0,10.0,1.61,10.0,0.0,10.0,0.0,10.0,0.0,10.0,0.0,0.0,10.0,10.0,0.0,0.0,0.0,0.0,0.0,10.0,10.0,0.0,10.0,0.4,0.0,0.0,0.0,0.0,0.069,0.0,10.7875,10.13,0.138,16.883,69,153,1
0.0,0.47,0.47,10.0,1.41,0.0,10.0,0.0,0.0,0.47,0.47,0.94,0.0,0.0,0.0,0.94,0.0,0.0,1.88,0.0,0.94,10.0,10.0,0.0,0.0,0.0,10.0,0.0,10.0,0.0,10.0,0.0,0.0,10.0,10.0,0.0,0.0,10.0,0.0,0.0,10.0,10.0,10.0,10.0,0.0,10.0,0.0,0.0,0.0,0.0,0.0,0.218,10.13,0.0,1.102,6,54,1
0.42,0.0,0.42,10.0,1.71,0.0,10.0,0.0,0.0,0.21,0.21,0.85,0.21,0.0,0.0,0.0,1.92,0.42,3.21,0.0,1.49,10.0,0.21,0.21,10.0,0.0,10.0,0.0,10.0,0.0,10.0,0.0,0.21,10.0,10.0,0.0,0.0,0.0,0.0,0.0,10.0,10.0,10.0,10.0,0.0,10.0,10.0,0.0,0.0,0.0,0.075,0.263,0.075,0.639,16.883,494,1603,1
0.0,0.0,0.0,10.0,0.0,0.0,0.0,0.0,0.29,0.0,0.0,0.0,0.0,1.75,0.0,0.0,0.29,0.0,0.29,0.0,0.29,10.0,10.0,0.0,10.0,0.0,10.0,0.0,10.0,0.0,10.0,0.0,0.0,10.0,10.0,0.0,0.29,10.0,0.0,0.0,10.0,10.0,10.0,10.0,0.0,10.0,10.0,0.0,0.156,0.052,0.0,0.052,0.0,0.235,2.721,38,566,0
0.39,0.0,0.39,10.0,0.0,0.39,10.0,0.0,0.0,0.0,0.0,0.39,0.78,0.0,0.0,0.0,1.17,0.78,3.13,0.0,1.17,10.0,10.0,1.56,10.0,0.0,10.0,0.0,10.0,0.0,10.0,0.0,0.0,10.0,10.0,0.0,0.0,10.0,0.0,0.0,10.0,10.0,10.0,10.0,0.0,10.0,0.0,0.0,0.0,0.0,0.0,0.261,0.0,0.0,1.461,19,114,1
0.0,0.0,0.0,10.0,0.0,0.0,10.0,0.83,0.0,0.0,0.0,0.0,0.0,0.0,0.0,0.0,0.0,0.0,0.0,0.0,0.0,10.0,10.0,0.0,10.0,0.41,10.0,0.41,10.0,0.0,10.0,0.0,0.0,10.0,10.0,0.41,0.41,0.0,0.0,0.0,10.0,10.0,10.0,10.0,0.0,10.0,10.0,0.0,0.0,0.158,0.0,0.0,0.0,0.0,1.969,13,130,0
0.0,0.0,0.0,10.0,0.0,0.0,0.0,0.0,0.0,0.0,0.0,0.0,0.0,0.0,0.0,0.0,0.0,0.0,0.0,0.0,0.0,10.0,10.0,0.0,10.0,0.0,10.0,0.0,10.0,0.0,10.0,0.0,4.25,10.0,10.0,0.0,0.0,10.0,0.0,0.0,10.0,10.0,10.0,10.0,0.0,10.0,10.0,0.0,0.0,0.0,0.0,0.386,0.0,0.0,1.6,4,16,0
0.0,0.0,0.0,10.0,0.54,0.54,0.0,0.0,0.0,0.0,0.0,1.09,0.0,0.0,0.0,0.0,0.0,0.0,1.63,0.0,0.54,10.0,10.0,0.0,10.0,0.0,10.0,0.0,10.0,0.0,10.0,10.0,0.0,10.0,10.0,0.0,0.0,0.0,0.0,0.0,10.0,10.0,10.0,10.0,0.0,10.0,10.0,0.0,0.299,0.199,0.0,0.0,0.0,0.0,1.0,1,14,0
0.87,0.17,0.52,10.0,0.0,0.32,10.0,0.04,0.29,0.42,0.39,1.37,0.87,1.69,0.0,0.32,0.54,0.22,3.47,0.29,1.32,10.0,10.0,0.84,0.0,0.0,10.0,0.0,10.0,0.0,0.0,0.0,0.0,10.0,10.0,0.0,0.0,0.0,0.0,0.0,10.0,10.0,10.0,10.0,0.07,10.0,10.0,0.0,0.016,0.058,0.0,10.7875,10.13,0.182,3.697,117,3498,1
0.0,0.0,0.0,10.0,0.0,0.0,0.0,2.53,0.0,0.0,0.0,0.0,0.0,0.0,0.0,0.0,1.26,0.0,0.0,0.0,0.0,10.0,10.0,0.0,10.0,0.0,10.0,0.0,10.0,0.0,10.0,0.0,0.0,10.0,10.0,0.0,0.0,0.0,0.0,0.0,10.0,10.0,10.0,10.0,1.26,0.0,10.0,0.0,0.0,0.186,0.0,0.186,10.13,0.0,16.883,23,84,1
0.34,0.05,0.58,10.0,0.63,0.17,0.0,0.0,0.75,0.23,0.34,1.27,0.34,0.0,0.0,0.58,0.05,0.17,3.01,2.61,1.5,10.0,10.0,0.34,10.0,0.0,10.0,0.0,10.0,0.0,10.0,0.0,0.0,10.0,10.0,0.0,0.0,0.0,0.0,0.0,10.0,10.0,10.0,10.0,0.0,10.0,10.0,0.0,0.0,0.204,0.0,0.13,0.186,0.027,16.883,131,1107,1
0.0,0.0,0.42,10.0,0.0,0.0,10.0,0.0,0.0,0.0,0.0,0.85,0.0,0.0,0.0,0.85,0.0,0.85,4.7,0.0,0.85,10.0,0.0,0.0,10.0,0.0,10.0,0.0,0.0,0.0,10.0,0.0,0.0,10.0,10.0,0.0,0.42,0.0,0.0,0.0,10.0,10.0,10.0,10.0,0.0,10.0,10.0,0.0,0.0,0.082,0.0,0.0,10.13,0.248,16.883,42,294,1
0.54,0.0,1.08,10.0,0.54,0.0,1.08,0.0,0.0,0.0,0.0,0.54,0.0,0.0,0.0,0.54,0.54,0.0,4.32,0.0,1.08,10.0,10.0,0.0,10.0,0.0,10.0,0.0,10.0,0.0,0.0,0.0,0.0,10.0,10.0,0.0,0.0,10.0,0.0,0.0,10.0,10.0,10.0,10.0,0.54,10.0,0.0,0.0,0.0,0.0,0.0,10.7875,0.261,0.0,16.883,68,181,1
0.0,0.0,0.0,10.0,0.65,0.0,10.0,0.0,0.0,0.0,0.0,0.0,0.0,0.0,0.0,0.65,0.0,0.0,5.88,0.0,0.65,10.0,10.0,0.0,10.0,0.0,10.0,0.0,10.0,0.0,0.0,0.0,0.0,10.0,10.0,0.0,0.0,0.0,0.0,0.0,10.0,10.0,10.0,10.0,0.65,10.0,10.0,0.0,0.0,0.0,0.0,10.7875,0.0,0.0,3.025,21,118,1
0.0,0.0,0.0,10.0,0.0,0.0,10.0,0.0,0.0,0.0,0.0,0.0,0.0,0.0,0.0,0.0,0.0,0.0,6.75,0.0,1.35,10.0,10.0,0.0,10.0,0.0,10.0,0.0,10.0,0.0,10.0,0.0,0.0,10.0,10.0,0.0,0.0,10.0,0.0,0.0,10.0,10.0,10.0,10.0,1.35,10.0,0.0,0.0,0.0,0.0,0.0,0.0,0.0,0.0,1.913,6,44,0
0.0,0.0,0.0,10.0,0.0,0.0,0.0,0.0,0.0,0.0,0.0,0.0,0.0,0.0,0.0,0.0,0.0,0.0,0.0,0.0,0.0,10.0,10.0,0.0,10.0,0.0,10.0,0.0,10.0,0.0,0.0,10.0,0.0,10.0,10.0,0.0,0.0,0.0,0.0,0.0,10.0,10.0,10.0,10.0,0.0,10.0,10.0,0.0,0.0,0.331,0.0,10.7875,0.0,0.0,1.714,4,24,0
0.0,0.0,0.37,10.0,1.13,0.0,0.37,0.0,0.0,0.75,0.0,0.37,0.0,0.0,0.0,0.37,0.75,0.0,2.65,0.0,1.13,10.0,10.0,0.0,10.0,0.0,10.0,0.0,0.0,0.0,10.0,10.0,0.0,10.0,10.0,0.0,0.0,0.0,0.0,0.0,10.0,10.0,10.0,10.0,1.13,0.0,10.0,0.0,0.0,0.063,0.0,10.7875,0.189,0.0,16.883,78,253,1
0.06,0.0,0.19,10.0,0.06,0.06,10.0,0.0,0.0,0.13,0.0,0.26,0.06,0.0,0.0,0.0,0.0,0.0,0.52,0.0,0.46,10.0,10.0,0.0,10.0,0.92,10.0,0.06,10.0,0.52,10.0,0.0,0.06,10.0,10.0,0.13,0.32,0.0,0.26,0.0,10.0,10.0,10.0,10.0,0.06,10.0,10.0,0.13,0.009,0.152,0.0,0.047,0.028,0.0,1.948,23,836,0
0.0,0.0,0.31,10.0,0.63,0.63,0.31,0.31,0.0,0.0,0.0,0.31,0.31,0.0,0.0,0.31,0.31,0.0,2.55,0.0,3.19,10.0,10.0,0.31,10.0,0.0,10.0,0.0,10.0,0.0,10.0,0.0,0.0,10.0,10.0,0.0,0.0,10.0,0.0,0.0,10.0,10.0,10.0,10.0,0.31,10.0,10.0,0.0,0.0,0.108,0.0,0.0,0.163,0.054,1.515,10,144,1
0.0,0.0,0.0,10.0,0.0,0.0,10.0,0.0,0.0,0.0,0.0,0.0,0.0,0.0,0.0,0.0,0.0,0.0,2.94,0.0,2.94,10.0,10.0,0.0,10.0,0.0,10.0,0.0,10.0,0.0,10.0,0.0,0.0,10.0,10.0,0.0,0.0,10.0,0.0,0.0,10.0,10.0,10.0,10.0,0.0,10.0,0.0,0.0,0.0,0.0,0.0,0.0,0.0,0.0,1.0,1,6,0
0.0,0.0,0.0,10.0,0.0,0.0,10.0,0.0,0.0,0.0,0.0,0.0,0.0,0.0,0.0,0.0,0.0,0.0,0.0,0.0,0.0,10.0,10.0,0.0,10.0,0.0,10.0,0.0,10.0,0.0,10.0,0.0,0.0,10.0,10.0,0.0,0.0,0.0,0.0,0.0,10.0,10.0,0.0,10.0,0.0,10.0,10.0,0.0,0.0,0.0,0.0,0.0,10.13,0.473,2.25,14,27,0
0.0,0.0,0.0,10.0,0.0,0.0,10.0,0.0,0.0,1.96,0.0,0.0,0.0,0.0,0.0,0.0,0.0,1.96,1.96,0.0,0.0,10.0,10.0,0.0,10.0,0.0,10.0,1.96,10.0,0.0,10.0,0.0,0.0,10.0,10.0,0.0,0.0,10.0,0.0,0.0,10.0,10.0,10.0,10.0,0.0,0.0,0.0,0.0,0.0,0.373,0.0,0.0,10.13,0.0,1.857,11,26,0
0.0,0.0,0.0,10.0,1.21,0.0,0.0,0.0,0.0,0.0,0.0,2.43,0.0,0.0,0.0,0.0,0.0,0.0,0.0,0.0,1.21,10.0,10.0,0.0,10.0,0.0,10.0,0.0,10.0,0.0,10.0,0.0,0.0,10.0,10.0,0.0,0.0,10.0,0.0,0.0,10.0,10.0,10.0,10.0,0.0,10.0,10.0,0.0,0.567,0.378,0.0,0.0,0.0,0.0,1.333,3,24,0
0.0,0.0,0.0,10.0,0.0,0.0,0.0,0.0,0.0,0.82,0.0,0.82,0.0,0.0,0.0,0.0,0.0,0.0,1.65,0.0,0.82,10.0,10.0,0.0,10.0,1.65,10.0,0.0,10.0,0.0,10.0,0.0,0.0,10.0,10.0,0.0,0.0,10.0,0.0,0.0,10.0,10.0,10.0,10.0,0.82,10.0,10.0,0.0,0.0,0.122,0.0,0.0,0.0,0.0,2.111,19,76,0
0.09,0.49,0.59,10.0,0.29,0.19,0.0,0.0,0.09,0.39,0.0,1.59,0.19,0.0,0.0,0.0,0.09,0.0,3.67,0.09,1.09,10.0,10.0,0.09,10.0,0.0,10.0,0.0,10.0,0.0,10.0,0.0,0.0,10.0,10.0,0.0,0.0,0.0,0.0,0.0,10.0,10.0,10.0,10.0,0.09,0.0,0.0,0.0,0.766,0.037,0.0,10.7875,10.13,0.0,16.883,54,753,1
0.0,0.0,0.0,10.0,1.51,0.0,10.0,0.0,0.0,0.0,0.0,3.03,0.0,0.0,0.0,0.0,0.0,0.0,1.51,0.0,0.0,10.0,10.0,0.0,10.0,0.0,10.0,0.0,10.0,0.0,10.0,0.0,0.0,10.0,10.0,0.0,0.0,0.0,0.0,0.0,10.0,10.0,10.0,10.0,0.0,10.0,10.0,0.0,0.0,0.547,0.0,0.0,0.0,0.0,1.75,5,28,0
0.0,0.3,0.3,10.0,0.61,0.3,10.0,0.0,0.0,0.3,0.3,0.3,0.0,0.0,0.0,0.92,0.0,0.0,0.61,0.0,0.0,10.0,10.0,0.0,10.0,0.0,10.0,0.0,10.0,3.38,10.0,0.0,0.0,10.0,10.0,0.0,0.0,10.0,0.0,0.0,10.0,10.0,10.0,10.0,0.0,10.0,0.0,0.0,0.0,0.094,0.0,0.0,0.0,0.0,2.141,38,212,1
0.0,0.0,0.36,10.0,0.0,0.73,10.0,0.0,0.0,0.0,0.0,1.46,0.36,0.0,0.0,0.0,0.0,0.0,0.0,0.0,0.0,10.0,10.0,0.0,10.0,0.0,10.0,0.0,10.0,0.0,10.0,0.0,0.0,10.0,10.0,0.0,0.36,0.0,0.0,0.0,10.0,10.0,10.0,10.0,0.0,10.0,0.0,0.0,0.0,0.049,0.0,0.049,10.13,0.0,1.919,54,167,0
0.0,0.0,0.0,10.0,0.0,0.0,10.0,0.0,0.0,0.29,0.0,0.0,0.0,0.0,0.0,0.0,0.0,0.0,0.58,0.0,0.58,10.0,10.0,0.0,10.0,2.34,10.0,2.34,10.0,1.17,10.0,0.58,0.0,10.0,10.0,0.58,0.29,0.0,0.87,0.58,10.0,10.0,10.0,10.0,0.58,10.0,0.0,0.0,0.091,0.637,0.045,0.0,10.13,0.0,3.552,37,373,0
0.0,0.0,0.0,10.0,0.0,0.0,10.0,0.0,0.0,0.0,0.0,1.33,0.0,0.0,0.0,1.33,0.0,0.0,2.66,0.0,4.0,10.0,10.0,0.0,10.0,0.0,10.0,0.0,10.0,0.0,10.0,0.0,0.0,10.0,10.0,0.0,0.0,10.0,0.0,0.0,10.0,10.0,10.0,10.0,0.0,0.0,0.0,0.0,0.0,0.0,0.0,10.7875,0.0,0.0,2.2,11,44,1
1.24,0.41,1.24,10.0,0.0,0.0,0.0,0.0,0.0,0.0,0.0,0.41,0.0,0.0,0.0,0.41,0.0,0.82,3.73,0.0,1.24,10.0,10.0,0.41,10.0,0.0,10.0,0.0,10.0,0.0,0.0,0.0,0.0,10.0,10.0,0.0,0.0,0.0,0.0,0.0,10.0,10.0,10.0,10.0,0.41,10.0,10.0,0.0,0.0,0.065,0.0,10.7875,10.13,0.0,3.166,19,114,1
0.0,0.0,0.0,10.0,0.0,0.0,10.0,0.0,0.0,0.0,0.0,0.0,0.0,0.0,0.0,0.0,0.0,0.0,0.0,0.0,0.0,10.0,10.0,0.0,10.0,0.0,10.0,0.0,10.0,0.0,10.0,0.0,0.0,10.0,10.0,0.0,0.0,0.0,0.0,0.0,10.0,10.0,10.0,10.0,0.0,10.0,10.0,0.0,0.0,0.0,0.0,0.0,0.0,0.0,1.0,1,7,0
0.0,0.0,0.0,10.0,0.0,0.37,10.0,0.0,0.0,0.0,0.0,0.0,0.0,0.0,0.0,0.0,0.0,0.0,3.73,0.0,0.37,10.0,10.0,0.0,10.0,0.0,10.0,0.0,10.0,0.0,10.0,0.0,0.0,10.0,10.0,0.0,0.0,0.0,0.0,0.0,10.0,10.0,10.0,10.0,1.11,10.0,10.0,0.0,0.0,0.066,0.0,0.066,0.0,0.0,1.555,4,14,0
0.0,0.0,1.32,10.0,0.66,0.0,0.0,0.0,0.0,0.0,0.0,0.66,0.0,0.0,0.0,0.0,0.66,0.0,5.29,2.64,5.29,10.0,10.0,1.32,10.0,0.0,10.0,0.0,10.0,0.0,10.0,0.0,0.0,10.0,10.0,0.0,0.0,10.0,0.0,0.66,10.0,10.0,0.0,10.0,0.0,10.0,0.0,0.0,0.0,0.0,0.0,10.7875,10.13,0.0,3.215,43,164,1
0.0,0.0,0.6,10.0,0.0,0.6,0.0,0.0,0.6,0.0,0.0,1.81,0.0,0.0,0.0,0.3,0.0,0.0,2.72,0.0,1.21,10.0,10.0,0.6,10.0,0.0,10.0,0.0,10.0,0.0,10.0,10.0,0.0,10.0,10.0,0.0,0.0,0.0,0.0,0.0,10.0,10.0,10.0,10.0,0.0,10.0,0.0,0.0,0.0,0.142,0.047,0.19,10.13,0.0,2.03,31,199,1
0.0,0.68,0.0,10.0,0.0,0.0,0.0,0.0,0.0,0.0,0.0,0.0,0.0,0.0,0.0,0.0,0.0,0.0,2.06,0.0,0.0,10.0,10.0,0.0,10.0,1.37,10.0,0.68,10.0,0.68,10.0,0.68,0.0,10.0,10.0,0.68,0.68,10.0,0.0,0.68,10.0,10.0,10.0,10.0,0.68,10.0,10.0,0.0,0.0,0.216,0.108,0.216,0.0,0.108,2.754,25,157,0
0.0,0.0,0.0,10.0,0.0,0.0,10.0,0.0,0.0,0.0,0.0,1.58,0.0,0.0,0.0,0.0,0.0,0.0,0.0,0.0,1.58,10.0,10.0,0.0,10.0,0.0,10.0,0.0,10.0,0.0,10.0,0.0,0.0,10.0,10.0,0.0,0.0,0.0,0.0,0.0,10.0,10.0,10.0,10.0,0.0,10.0,10.0,0.0,0.0,0.287,0.0,0.287,0.0,0.0,1.076,2,14,0
0.4,0.48,0.37,10.0,0.14,0.14,0.03,0.07,0.55,0.66,0.29,0.89,0.44,1.04,0.03,0.26,0.37,0.07,3.16,0.0,1.41,10.0,10.0,0.59,10.0,0.0,10.0,0.0,10.0,0.0,10.0,0.0,0.03,10.0,10.0,0.0,0.0,10.0,0.0,0.0,10.0,10.0,0.0,10.0,0.07,0.0,10.0,0.0,0.0,0.082,0.0,10.7875,0.529,0.114,16.883,140,2379,1
0.0,0.0,0.0,10.0,0.24,0.0,10.0,0.0,0.0,0.0,0.0,0.24,0.0,0.0,0.0,0.0,0.0,0.0,0.0,0.0,0.0,10.0,10.0,0.0,10.0,0.0,10.0,0.0,10.0,0.0,10.0,0.0,2.7,10.0,10.0,0.24,0.0,10.0,0.0,0.0,10.0,10.0,10.0,10.0,0.0,10.0,0.0,0.24,0.0,0.195,0.0,0.0,0.0,0.0,2.192,35,239,0
0.0,0.0,0.57,10.0,0.0,0.0,0.0,0.28,0.0,0.0,0.0,0.0,0.28,0.0,0.0,0.0,0.28,0.57,2.89,0.86,1.73,10.0,10.0,0.28,10.0,0.0,10.0,0.0,10.0,0.0,10.0,0.0,0.0,10.0,10.0,0.0,0.0,0.0,0.0,0.0,10.0,10.0,10.0,10.0,0.0,10.0,0.0,0.0,0.0,0.461,0.0,10.7875,10.13,0.046,3.535,64,396,1
0.58,0.0,0.0,10.0,0.58,0.0,0.58,0.58,0.0,0.0,0.0,0.0,0.0,0.58,0.0,0.58,0.58,0.58,0.58,0.0,1.74,10.0,10.0,1.16,10.0,0.0,10.0,0.0,10.0,0.0,10.0,0.0,0.0,10.0,10.0,0.0,0.0,10.0,0.0,0.0,10.0,10.0,10.0,10.0,0.0,0.0,10.0,0.0,0.0,0.0,0.0,0.239,10.13,0.0,3.338,123,207,1
0.0,0.0,1.25,10.0,1.25,0.62,0.0,0.0,0.0,0.0,0.0,0.0,0.0,0.0,0.0,1.25,0.62,0.0,0.62,0.0,1.88,10.0,10.0,0.0,10.0,0.0,10.0,0.0,0.0,0.0,0.0,0.0,0.0,10.0,10.0,0.0,0.0,10.0,0.0,0.0,10.0,10.0,10.0,10.0,0.62,10.0,10.0,0.0,0.0,0.11,0.0,10.7875,0.11,0.11,16.883,30,152,1
0.32,0.0,0.32,10.0,0.98,0.32,0.65,0.0,0.0,0.32,0.0,0.98,0.32,0.0,0.0,0.0,0.65,0.0,2.61,0.0,2.28,10.0,10.0,0.0,10.0,0.0,10.0,0.0,10.0,0.0,10.0,0.0,0.0,10.0,10.0,0.0,0.0,0.0,0.0,0.0,10.0,10.0,10.0,10.0,0.0,10.0,10.0,0.0,0.0,0.0,0.0,0.288,10.13,0.0,3.065,28,141,1
0.0,0.0,0.0,10.0,0.0,0.77,0.0,0.0,0.0,0.0,0.0,0.0,0.0,0.0,0.0,0.0,0.0,0.0,7.75,0.0,0.0,10.0,10.0,0.0,10.0,0.0,10.0,0.0,10.0,0.0,10.0,0.0,0.0,10.0,10.0,0.0,0.0,10.0,0.0,0.0,10.0,10.0,0.0,10.0,0.0,10.0,10.0,0.0,0.0,0.156,0.0,10.7875,0.0,0.0,1.08,2,27,0
0.0,0.0,0.0,10.0,0.0,0.0,10.0,0.0,0.0,0.0,0.0,0.0,0.0,1.19,0.0,0.0,0.0,1.19,1.19,0.0,0.0,10.0,10.0,0.0,10.0,0.0,10.0,0.0,10.0,0.0,10.0,0.0,0.0,10.0,10.0,0.0,0.0,0.0,0.0,0.0,10.0,10.0,10.0,10.0,0.0,10.0,10.0,0.0,0.0,0.22,0.0,0.0,0.0,0.0,2.0,12,34,0
0.0,14.28,0.0,10.0,0.0,0.0,10.0,0.0,0.0,0.0,0.0,0.0,0.0,0.0,0.0,0.0,0.0,0.0,0.0,0.0,0.0,10.0,10.0,0.0,10.0,0.0,10.0,0.0,10.0,0.0,10.0,0.0,0.0,10.0,10.0,0.0,0.0,10.0,0.0,0.0,10.0,10.0,10.0,10.0,0.0,10.0,0.0,0.0,0.0,0.0,0.0,0.0,0.0,0.0,1.8,5,9,0
0.0,0.63,0.0,10.0,1.59,0.31,10.0,0.0,0.31,0.0,0.0,0.63,0.0,0.0,1.27,0.63,0.31,3.18,2.22,0.0,1.91,10.0,10.0,0.63,10.0,0.0,10.0,0.31,10.0,0.0,10.0,0.0,0.0,10.0,10.0,0.0,0.0,0.0,0.0,1.59,10.0,10.0,10.0,10.0,0.0,10.0,0.0,0.0,0.0,0.278,0.0,0.055,10.13,0.0,3.509,91,186,1
0.0,0.0,0.0,10.0,0.0,0.0,0.0,0.0,0.0,0.0,0.0,0.58,0.0,0.0,0.0,0.0,0.0,0.0,0.0,0.0,0.58,10.0,10.0,0.0,10.0,0.0,10.0,0.0,10.0,0.0,10.0,0.0,1.76,10.0,10.0,0.0,0.0,10.0,0.0,0.0,10.0,10.0,10.0,10.0,0.58,10.0,0.0,0.0,0.0,0.107,0.0,0.107,10.13,0.0,1.531,6,49,0
0.09,0.0,0.27,10.0,0.36,0.09,10.0,0.18,0.09,0.0,0.0,0.73,0.0,0.36,0.0,0.0,0.0,0.0,2.01,0.0,3.38,10.0,10.0,0.09,10.0,0.0,10.0,0.0,10.0,0.0,10.0,0.0,0.0,10.0,10.0,0.0,0.0,10.0,0.0,0.0,10.0,10.0,0.0,10.0,0.27,10.0,10.0,0.0,0.016,0.048,0.032,0.257,0.032,0.032,3.689,69,535,1
0.0,0.0,0.0,10.0,0.0,0.0,10.0,0.0,0.0,0.0,0.0,0.0,0.0,0.0,0.0,0.0,0.0,0.0,4.34,0.0,0.0,10.0,10.0,0.0,10.0,0.0,10.0,0.0,10.0,0.0,10.0,0.0,0.0,10.0,10.0,0.0,0.0,0.0,0.0,0.0,10.0,10.0,10.0,10.0,0.0,10.0,10.0,0.0,0.0,0.0,0.0,0.0,0.0,0.0,1.333,3,12,0
0.11,0.0,0.22,10.0,0.55,0.0,10.0,0.0,0.0,0.0,0.0,0.55,0.0,0.0,0.0,0.11,0.11,0.0,1.22,0.0,0.0,10.0,10.0,0.0,10.0,0.44,10.0,0.0,10.0,0.11,10.0,0.0,1.89,10.0,10.0,0.0,0.0,1.22,0.11,0.0,10.0,10.0,10.0,10.0,0.22,10.0,10.0,0.11,0.052,0.156,0.034,0.017,0.0,0.052,3.061,38,600,0
0.0,0.0,0.54,10.0,1.08,0.0,0.0,0.0,0.0,0.0,0.0,0.18,0.9,0.0,0.18,0.0,0.36,0.36,3.06,0.0,0.9,10.0,10.0,0.0,10.0,0.0,10.0,0.0,10.0,0.0,10.0,0.0,0.0,10.0,10.0,0.0,0.0,0.0,0.0,0.0,10.0,10.0,10.0,10.0,0.0,10.0,10.0,0.0,0.029,0.178,0.0,10.7875,0.0,0.0,1.373,6,92,1
0.09,0.09,0.09,10.0,0.29,0.0,10.0,0.0,0.87,0.0,0.0,0.29,0.09,0.0,0.19,0.0,0.0,0.0,0.39,0.0,0.19,10.0,10.0,0.0,10.0,0.68,10.0,0.0,10.0,0.0,10.0,0.0,0.29,10.0,10.0,0.0,0.19,0.0,0.0,0.0,10.0,10.0,10.0,10.0,0.0,10.0,10.0,0.0,0.111,0.153,0.069,0.0,0.041,0.0,3.298,41,686,0
0.0,0.0,0.0,10.0,2.1,0.0,10.0,0.0,0.0,0.0,0.0,0.0,0.0,0.0,0.0,0.0,0.0,0.0,0.0,0.0,0.0,10.0,0.0,0.0,10.0,0.0,10.0,0.0,10.0,0.0,10.0,0.0,0.0,10.0,10.0,1.05,0.0,10.0,0.0,0.0,10.0,10.0,10.0,10.0,0.0,0.0,10.0,0.0,0.0,0.0,0.0,0.0,0.0,0.0,16.883,34,108,1
0.0,0.77,0.77,10.0,0.77,0.38,10.0,0.0,0.0,0.0,0.0,1.16,0.0,0.0,1.16,0.0,0.0,0.38,3.48,0.0,1.16,10.0,10.0,0.0,10.0,0.0,10.0,0.0,10.0,0.0,10.0,0.0,0.0,10.0,10.0,0.0,0.38,10.0,0.0,0.0,10.0,10.0,0.0,10.0,0.0,10.0,10.0,0.0,0.0,0.067,0.0,0.0,0.0,0.0,1.225,5,49,0
0.0,0.0,0.0,10.0,0.0,0.0,0.0,0.0,0.0,0.0,0.0,0.0,0.0,0.0,0.0,0.81,0.0,0.0,4.09,0.0,0.0,10.0,10.0,0.0,10.0,0.0,10.0,0.0,10.0,0.0,0.0,0.0,0.0,10.0,10.0,0.0,0.0,10.0,0.0,0.0,10.0,10.0,10.0,10.0,0.0,0.0,10.0,0.0,0.0,0.176,0.0,10.7875,0.0,0.0,16.883,55,143,1
0.47,0.31,0.47,10.0,0.05,0.13,0.05,0.26,0.42,0.76,0.26,0.97,0.57,1.23,0.0,0.1,0.47,0.0,3.23,0.0,1.49,10.0,10.0,0.34,10.0,0.0,10.0,0.0,10.0,0.0,10.0,0.0,0.0,10.0,10.0,0.0,0.0,0.0,0.0,0.0,10.0,10.0,0.0,10.0,0.02,10.0,0.0,0.0,0.0,0.067,0.0,10.7875,10.13,0.157,16.883,199,3160,1
1.61,0.0,0.0,10.0,3.22,0.0,0.0,0.0,0.0,0.0,0.0,0.0,0.0,0.0,0.0,0.8,0.0,0.0,3.22,0.0,1.61,10.0,10.0,0.0,10.0,0.0,10.0,0.0,10.0,0.0,0.0,0.0,0.0,10.0,10.0,0.0,0.8,10.0,0.0,0.0,10.0,10.0,0.0,10.0,0.0,10.0,10.0,0.0,0.0,0.0,0.0,10.7875,10.13,0.0,2.909,20,64,1
0.0,0.0,0.0,10.0,0.0,0.0,0.0,0.0,0.0,0.0,0.0,5.88,0.0,0.0,0.0,0.0,0.0,0.0,0.0,0.0,0.0,10.0,10.0,0.0,10.0,0.0,10.0,0.0,10.0,0.0,10.0,0.0,0.0,10.0,10.0,0.0,0.0,10.0,0.0,0.0,10.0,10.0,10.0,10.0,0.0,0.0,0.0,0.0,0.0,0.0,0.0,10.7875,10.13,0.0,2.0,4,16,0
0.0,0.0,0.46,10.0,0.0,0.0,0.46,0.0,0.0,0.0,0.46,0.0,0.0,0.0,0.0,0.0,0.0,1.4,1.87,0.0,0.0,10.0,10.0,0.0,10.0,0.0,10.0,0.0,10.0,0.0,10.0,0.0,0.0,10.0,10.0,0.0,0.0,10.0,0.0,0.0,10.0,10.0,10.0,10.0,0.46,10.0,10.0,0.0,0.0,0.0,0.0,0.0,0.0,0.0,2.676,32,91,1
0.0,0.0,0.0,10.0,0.0,0.33,10.0,0.0,0.0,0.0,0.0,0.0,0.82,0.16,0.0,0.0,0.0,0.0,0.33,0.0,0.0,10.0,10.0,0.0,10.0,0.0,10.0,0.0,10.0,0.0,10.0,0.0,0.0,10.0,10.0,0.0,0.0,0.0,0.0,0.0,10.0,10.0,10.0,10.0,10.275,10.0,0.0,0.0,0.019,0.039,0.0,0.059,0.0,0.0,1.632,47,191,0
2.27,0.0,0.0,10.0,0.0,0.0,0.0,0.0,0.0,2.27,0.0,0.0,0.0,0.0,0.0,0.0,0.0,0.0,2.27,0.0,0.0,10.0,10.0,0.0,10.0,0.0,10.0,0.0,10.0,0.0,0.0,0.0,0.0,10.0,10.0,0.0,0.0,0.0,2.27,0.0,10.0,10.0,10.0,10.0,10.275,10.0,10.0,0.0,0.0,0.0,0.0,0.0,10.13,0.0,1.2,3,12,0
0.0,0.0,0.23,10.0,0.92,0.0,0.0,0.0,0.23,0.0,0.0,0.92,0.0,0.92,0.0,0.0,0.23,0.0,0.0,0.0,0.23,10.0,10.0,0.0,10.0,0.0,10.0,0.23,10.0,0.0,10.0,0.0,0.0,10.0,10.0,0.0,0.23,10.0,0.0,0.0,10.0,10.0,10.0,10.0,0.0,10.0,10.0,0.0,0.0,0.13,0.026,0.026,0.0,0.026,2.222,23,480,0
0.52,0.0,2.38,10.0,0.26,0.0,0.26,0.0,0.52,0.0,0.26,0.0,0.0,0.0,0.0,0.79,0.0,0.0,1.32,0.0,1.05,10.0,10.0,0.52,0.0,0.0,10.0,0.0,10.0,0.0,10.0,0.0,0.26,10.0,10.0,0.26,0.26,0.0,0.52,0.0,10.0,10.0,10.0,10.0,0.0,10.0,10.0,0.0,0.0,0.689,0.0,10.7875,0.0,0.0,16.883,71,566,1
0.0,0.0,0.0,10.0,0.0,0.0,0.0,0.0,0.0,0.0,0.0,0.0,0.0,0.0,0.0,0.0,0.0,0.0,5.55,0.0,1.11,10.0,10.0,0.0,10.0,0.0,10.0,0.0,10.0,0.0,0.0,0.0,0.0,10.0,10.0,0.0,0.0,0.0,0.0,0.0,10.0,10.0,10.0,10.0,0.0,10.0,10.0,0.0,0.0,0.0,0.0,10.7875,0.0,0.0,16.883,29,114,1
0.65,0.49,0.32,10.0,0.32,0.16,0.0,0.49,0.65,0.49,0.16,1.3,0.0,0.0,0.16,1.14,1.3,0.16,3.6,0.49,1.8,10.0,10.0,0.49,10.0,0.0,10.0,0.0,10.0,0.0,0.0,0.0,0.0,10.0,10.0,0.0,0.0,0.0,0.0,0.0,10.0,10.0,10.0,10.0,0.0,10.0,0.0,0.0,0.0,0.231,0.0,10.7875,10.13,2.29,16.883,47,595,1
0.0,0.17,0.0,10.0,0.34,0.34,0.0,0.0,0.0,0.17,0.0,0.0,0.17,0.0,0.0,0.17,0.17,0.0,0.17,0.0,0.0,10.0,10.0,0.0,10.0,0.0,10.0,0.0,10.0,0.0,10.0,10.0,0.0,10.0,10.0,0.0,0.0,0.0,0.0,0.0,10.0,10.0,10.0,10.0,0.34,10.0,10.0,0.0,0.0,0.054,0.0,0.0,0.027,0.0,2.073,11,170,1
0.0,0.0,0.0,10.0,0.0,0.0,10.0,0.0,0.0,0.0,0.0,0.0,0.0,0.0,0.0,0.0,0.0,0.0,0.0,0.0,0.0,10.0,10.0,0.0,10.0,0.0,10.0,0.0,10.0,0.0,10.0,0.0,0.0,10.0,10.0,0.0,0.0,10.0,0.0,0.0,10.0,10.0,0.0,10.0,0.0,10.0,10.0,0.0,0.0,0.0,0.0,0.0,0.0,0.0,1.0,1,5,0
0.67,0.0,0.67,10.0,2.7,0.0,10.0,0.0,0.0,0.0,0.0,0.0,0.0,0.0,0.0,0.0,0.67,0.67,4.05,0.0,1.35,10.0,10.0,0.0,10.0,0.0,10.0,0.0,10.0,0.0,10.0,10.0,0.0,10.0,10.0,0.0,0.0,0.0,0.0,0.0,10.0,10.0,10.0,10.0,0.0,10.0,0.0,0.0,0.0,0.0,0.0,0.2,0.0,0.0,1.064,3,33,1
0.73,0.0,0.36,10.0,0.36,0.36,1.09,0.0,0.0,0.0,0.0,0.36,0.0,0.0,0.0,0.36,1.83,0.73,2.56,0.0,1.09,10.0,10.0,1.09,10.0,0.0,10.0,0.0,10.0,0.0,0.0,0.0,0.0,10.0,10.0,0.0,0.0,0.0,0.0,0.0,10.0,10.0,0.0,10.0,0.0,10.0,10.0,0.0,0.0,0.183,0.0,10.7875,10.13,0.0,16.883,192,305,1
0.0,0.0,0.0,10.0,0.0,0.0,0.0,0.0,0.0,0.0,0.0,0.0,0.0,0.0,0.0,0.0,0.0,0.0,0.0,0.0,0.0,10.0,10.0,0.0,10.0,0.0,10.0,0.0,10.0,0.0,10.0,0.0,0.0,10.0,10.0,0.0,0.0,10.0,0.0,0.0,10.0,10.0,10.0,10.0,16.66,10.0,0.0,0.0,0.0,0.0,0.0,10.7875,0.0,0.0,2.0,3,8,0
0.08,0.08,0.76,10.0,0.85,1.02,0.25,0.17,0.59,0.08,0.17,0.59,0.17,0.0,2.21,0.25,0.08,0.93,1.61,0.17,0.42,10.0,10.0,0.08,10.0,0.0,10.0,0.0,10.0,0.0,0.0,0.0,0.0,10.0,10.0,0.0,0.0,0.0,0.0,0.08,10.0,10.0,10.0,10.0,0.08,10.0,0.0,0.0,0.0,0.065,0.0,10.7875,10.13,0.013,16.883,669,1412,1
0.0,0.0,0.28,10.0,0.0,0.0,10.0,0.28,0.28,0.57,0.0,0.57,0.0,0.0,0.0,0.0,0.0,0.0,0.0,0.0,0.57,10.0,10.0,0.0,10.0,6.06,10.0,0.0,10.0,0.0,10.0,0.0,0.0,10.0,10.0,0.0,0.0,0.0,0.0,0.0,10.0,10.0,10.0,10.0,0.28,10.0,10.0,0.0,0.0,0.04,0.0,0.0,0.0,0.0,1.883,9,211,0
0.0,0.0,2.17,10.0,0.0,0.0,0.0,0.0,0.0,0.0,0.0,0.0,0.0,0.0,0.0,0.0,0.0,2.17,8.69,0.0,6.52,10.0,10.0,0.0,10.0,0.0,10.0,0.0,10.0,0.0,10.0,0.0,0.0,10.0,10.0,0.0,0.0,10.0,0.0,0.0,10.0,10.0,10.0,10.0,0.0,10.0,10.0,0.0,0.0,0.0,0.0,0.0,0.0,0.0,1.333,3,8,0
0.0,0.89,1.14,10.0,0.12,0.0,0.0,0.12,0.25,0.12,0.12,0.38,0.12,0.0,1.14,0.0,0.12,2.04,2.8,0.12,1.27,10.0,10.0,0.12,10.0,0.0,10.0,0.0,10.0,0.0,10.0,0.0,0.0,10.0,10.0,0.12,0.0,0.0,0.0,0.0,10.0,10.0,10.0,10.0,0.0,10.0,0.0,0.0,0.0,0.165,0.0,10.7875,10.13,0.0,2.878,84,475,1
0.0,0.0,0.0,10.0,0.0,0.0,0.0,0.0,0.0,0.0,0.0,0.0,0.0,0.0,0.0,0.0,0.0,0.0,1.47,0.0,0.0,10.0,10.0,0.0,10.0,0.0,10.0,0.0,10.0,0.0,10.0,0.0,0.0,10.0,10.0,0.0,0.0,0.0,0.0,0.0,10.0,10.0,10.0,10.0,0.0,10.0,10.0,0.0,0.0,0.335,0.0,0.0,10.13,0.167,2.652,11,61,0
0.54,0.0,0.0,10.0,0.0,0.27,0.0,0.0,0.0,0.0,0.0,0.0,0.54,0.0,0.0,0.0,0.0,0.0,3.79,0.0,0.54,10.0,10.0,0.0,10.0,0.0,10.0,0.0,10.0,0.0,10.0,10.0,0.0,10.0,10.0,0.0,0.0,10.0,0.0,0.0,10.0,10.0,0.0,10.0,0.0,10.0,0.0,0.0,0.0,0.433,0.0,0.0,10.13,0.0,1.859,18,106,0
0.0,0.0,0.0,10.0,0.0,0.0,0.0,0.0,0.0,0.0,0.0,0.0,0.0,0.0,0.0,0.0,0.0,0.0,6.89,0.0,0.0,10.0,10.0,0.0,10.0,0.0,10.0,0.0,10.0,0.0,10.0,0.0,0.0,10.0,10.0,0.0,0.0,10.0,0.0,0.0,10.0,10.0,10.0,10.0,0.0,10.0,10.0,0.0,0.0,0.0,0.0,0.0,0.0,0.0,1.0,1,8,0
0.0,0.49,0.49,10.0,1.49,0.0,0.0,0.0,0.0,0.99,0.49,0.0,0.0,0.0,0.0,0.49,0.0,0.0,0.99,0.49,1.99,10.0,10.0,0.49,10.0,0.0,10.0,0.0,0.0,0.0,0.0,0.0,0.0,10.0,10.0,0.0,1.49,0.0,0.0,0.49,10.0,10.0,10.0,10.0,0.0,10.0,10.0,0.0,0.0,0.078,0.0,10.7875,10.13,0.0,16.883,47,190,1
0.0,0.0,0.0,10.0,0.0,0.0,10.0,0.0,0.0,0.0,0.0,0.0,0.62,0.0,0.0,0.62,0.0,0.0,1.88,0.0,0.62,10.0,10.0,0.0,10.0,0.62,10.0,0.0,10.0,0.0,0.0,0.0,0.0,10.0,10.0,0.0,1.25,10.0,1.25,0.0,10.0,10.0,10.0,10.0,0.0,10.0,10.0,0.0,0.895,0.179,0.358,0.0,0.0,0.0,1.712,13,149,0
0.0,0.0,0.0,10.0,0.81,0.0,10.0,0.0,0.0,1.22,0.0,0.4,0.0,0.0,0.0,0.0,0.0,0.0,0.4,0.0,0.4,10.0,10.0,0.0,10.0,4.08,10.0,0.0,10.0,1.22,10.0,0.0,0.0,10.0,10.0,0.0,0.0,0.0,0.0,0.0,10.0,10.0,10.0,10.0,0.0,10.0,10.0,0.0,0.0,0.0,0.0,0.0,0.0,0.0,1.754,8,93,0
0.0,0.0,0.0,10.0,0.0,0.0,10.0,0.0,0.0,0.0,0.0,0.0,0.0,0.0,0.0,0.0,0.0,0.0,0.77,0.0,2.32,10.0,10.0,0.0,10.0,0.0,10.0,0.0,10.0,0.0,10.0,0.0,0.0,10.0,10.0,0.0,0.0,10.0,0.0,0.0,10.0,10.0,10.0,10.0,0.0,10.0,0.0,0.0,0.247,0.247,0.0,0.0,0.0,0.0,1.611,12,29,0
0.0,0.0,0.6,10.0,0.0,0.0,10.0,0.0,0.0,0.0,0.0,0.43,0.08,0.0,0.0,0.0,0.0,0.0,3.02,0.0,1.03,10.0,10.0,0.0,10.0,0.0,10.0,0.0,10.0,0.0,10.0,0.0,0.0,10.0,10.0,0.0,0.0,0.0,0.08,0.0,10.0,10.0,10.0,10.0,0.51,10.0,10.0,0.0,0.0,0.083,0.0,0.099,0.0,0.0,1.329,18,214,0
0.0,0.0,0.0,10.0,1.29,0.43,0.43,0.0,0.0,0.0,0.0,0.0,0.43,0.0,0.0,0.43,0.43,0.43,1.72,0.0,0.86,10.0,10.0,0.0,10.0,0.0,10.0,0.0,10.0,0.0,10.0,0.0,0.0,10.0,10.0,0.0,0.0,0.0,0.0,0.0,10.0,10.0,10.0,10.0,0.0,10.0,10.0,0.0,0.0,0.129,0.0,0.129,0.0,0.0,16.883,46,116,1
0.71,0.35,0.71,10.0,1.79,0.0,0.0,0.0,0.0,0.35,0.0,1.43,0.0,0.0,0.0,0.35,0.0,0.0,3.94,0.0,1.43,10.0,0.0,0.0,10.0,0.0,10.0,0.0,10.0,0.0,10.0,0.0,0.0,10.0,10.0,0.0,0.0,10.0,0.0,0.0,10.0,10.0,10.0,10.0,0.0,10.0,10.0,0.0,0.0,0.061,0.0,0.0,0.0,0.0,16.883,153,186,1
0.0,0.35,0.17,10.0,0.0,0.0,0.0,0.0,0.17,1.25,0.0,0.53,0.0,0.0,0.0,0.0,0.0,0.17,3.21,0.0,1.25,10.0,10.0,0.17,10.0,0.0,10.0,0.0,10.0,0.0,10.0,0.0,0.0,10.0,10.0,0.0,0.0,0.0,0.0,0.0,10.0,10.0,10.0,10.0,0.0,0.0,10.0,0.0,0.0,0.066,0.0,0.0,10.13,0.63,16.883,158,903,1
0.0,14.28,0.0,10.0,0.0,0.0,0.0,0.0,0.0,0.0,0.0,0.0,0.0,0.0,0.0,0.0,0.0,0.0,0.0,0.0,0.0,10.0,10.0,0.0,10.0,0.0,10.0,0.0,10.0,0.0,10.0,10.0,0.0,10.0,10.0,0.0,0.0,0.0,0.0,0.0,10.0,10.0,10.0,10.0,0.0,10.0,10.0,0.0,0.0,0.0,0.0,0.0,0.0,0.0,1.8,5,9,0
0.0,0.0,0.0,10.0,0.2,0.0,0.0,0.0,0.0,0.0,0.0,0.0,0.0,0.0,0.0,0.0,0.0,0.0,0.0,0.0,0.0,10.0,10.0,0.0,10.0,0.0,10.0,0.0,10.0,0.0,10.0,0.0,0.0,10.0,10.0,0.0,0.0,0.0,0.0,0.0,10.0,10.0,10.0,10.0,0.0,10.0,10.0,0.0,0.0,0.204,0.0,0.034,10.13,0.0,2.588,15,277,1
0.0,0.0,0.0,10.0,0.0,0.0,10.0,0.0,0.0,0.33,0.0,0.0,0.0,0.0,0.0,0.0,0.0,0.0,2.34,0.0,0.33,10.0,10.0,0.0,10.0,0.0,10.0,0.0,10.0,0.0,10.0,0.0,0.0,10.0,10.0,0.0,0.0,0.0,0.0,0.0,10.0,10.0,10.0,10.0,0.33,0.33,10.0,0.0,0.0,0.06,0.0,10.7875,0.0,0.0,1.562,14,100,0
0.0,0.14,0.14,10.0,0.0,0.0,0.14,0.14,0.0,0.0,0.0,0.14,0.0,0.0,0.14,0.0,0.0,0.0,0.28,0.0,0.0,10.0,10.0,0.0,10.0,0.42,10.0,0.0,10.0,0.0,10.0,0.0,0.0,10.0,10.0,0.0,0.0,10.0,0.0,0.0,10.0,10.0,10.0,10.0,0.0,10.0,0.14,0.0,0.0,0.16,0.0,0.0,0.0,0.072,16.883,80,1029,0
0.07,0.0,1.0,10.0,0.3,0.46,10.0,0.23,0.23,0.0,0.3,1.31,0.15,0.0,0.07,1.39,0.15,0.85,2.24,0.0,0.77,10.0,10.0,0.3,10.0,0.0,10.0,0.0,10.0,0.0,0.0,0.0,0.0,10.0,10.0,0.0,0.0,10.0,0.0,0.15,10.0,10.0,10.0,10.0,0.0,10.0,10.0,0.0,0.024,0.183,0.0,0.0,0.183,0.0,3.211,84,700,1
0.0,0.0,0.0,10.0,0.0,0.0,0.0,0.0,0.0,0.0,0.0,0.0,0.0,0.0,0.0,0.0,0.0,0.0,0.0,0.0,0.0,10.0,10.0,0.0,0.0,0.0,10.0,0.0,10.0,0.0,10.0,0.0,0.0,10.0,10.0,0.0,0.0,0.0,0.0,0.0,10.0,10.0,10.0,10.0,1.17,10.0,10.0,0.0,0.0,0.422,0.0,0.422,10.13,0.0,16.883,17,61,1
0.0,0.0,0.0,10.0,0.3,0.0,10.0,0.0,0.0,0.0,0.0,0.76,0.0,0.0,0.0,0.0,0.0,0.0,0.15,0.0,0.0,10.0,10.0,0.0,10.0,0.15,10.0,0.0,10.0,0.0,10.0,0.0,0.0,10.0,10.0,1.21,0.15,0.0,0.0,0.0,10.0,10.0,10.0,10.0,0.0,10.0,0.0,0.0,0.0,0.022,0.0,0.0,10.13,0.0,1.59,37,272,0
0.0,0.0,0.0,10.0,0.0,0.0,0.0,0.0,0.0,0.36,0.0,0.0,0.0,0.0,0.0,0.0,0.0,0.0,2.53,0.0,0.0,10.0,10.0,0.0,10.0,0.0,10.0,0.0,10.0,0.0,10.0,0.0,0.0,10.0,10.0,0.0,0.0,10.0,0.0,0.0,10.0,10.0,10.0,10.0,0.36,10.0,10.0,0.0,0.0,0.059,0.0,0.118,0.0,0.0,1.307,7,68,1
0.0,0.0,1.12,10.0,0.56,0.0,0.0,0.0,0.0,0.56,0.0,0.0,0.0,0.0,0.0,0.56,0.0,0.0,2.25,0.0,1.12,10.0,10.0,0.0,10.0,0.0,10.0,0.0,10.0,0.0,10.0,0.0,0.0,10.0,10.0,0.0,0.0,10.0,0.0,0.0,10.0,10.0,0.0,10.0,0.56,10.0,10.0,0.0,0.0,0.102,0.0,10.7875,0.0,0.0,2.403,19,137,1
0.08,0.08,0.76,10.0,0.85,1.02,0.25,0.17,0.59,0.08,0.17,0.59,0.17,0.0,2.21,0.25,0.08,0.93,1.61,0.17,0.42,10.0,0.85,0.08,10.0,0.0,10.0,0.0,10.0,0.0,10.0,0.0,0.0,10.0,10.0,0.0,0.0,10.0,0.0,0.08,10.0,10.0,10.0,10.0,0.08,0.08,10.0,0.0,0.0,0.063,0.0,10.7875,0.114,0.012,16.883,669,1407,1
0.0,0.0,0.0,10.0,0.0,0.0,10.0,0.0,0.0,0.0,0.0,0.0,0.0,0.0,0.0,0.0,0.0,0.0,4.76,0.0,0.0,10.0,10.0,0.0,10.0,0.0,10.0,0.0,10.0,0.0,10.0,10.0,0.0,10.0,10.0,0.0,0.0,0.0,0.0,0.0,10.0,10.0,10.0,10.0,0.0,10.0,0.0,0.0,0.0,0.0,0.0,0.0,0.0,0.0,1.6,3,8,0
0.0,0.0,0.0,10.0,0.0,0.0,10.0,0.0,0.0,0.0,0.0,0.0,0.0,0.0,0.0,0.0,0.0,0.0,0.0,0.0,0.0,10.0,10.0,0.0,10.0,2.32,10.0,2.32,10.0,2.32,10.0,2.32,0.0,10.0,10.0,2.32,0.0,0.0,0.0,2.32,10.0,10.0,10.0,10.0,0.0,10.0,0.0,0.0,0.0,0.692,0.0,0.0,10.13,0.0,3.312,11,53,0
0.0,0.0,0.0,10.0,0.0,0.0,0.0,0.0,0.0,2.77,0.0,0.0,0.0,0.0,0.0,0.0,0.0,0.0,2.77,0.0,5.55,10.0,10.0,0.0,10.0,0.0,10.0,0.0,10.0,0.0,10.0,0.0,0.0,10.0,10.0,0.0,0.0,0.0,0.0,0.0,10.0,10.0,10.0,10.0,2.77,10.0,10.0,0.0,0.0,0.0,0.0,10.7875,0.0,0.0,1.214,3,17,0
0.64,0.0,0.64,10.0,1.28,0.0,0.64,0.0,0.0,0.0,0.0,0.64,0.0,0.0,0.0,0.64,0.64,0.0,1.28,0.0,2.56,10.0,0.64,0.0,10.0,0.0,10.0,0.0,10.0,0.0,10.0,0.0,0.0,10.0,10.0,0.0,0.0,10.0,0.0,0.0,10.0,10.0,10.0,10.0,0.0,10.0,10.0,0.0,0.0,0.0,0.0,10.7875,0.369,0.0,2.333,22,119,1
0.0,0.0,0.0,10.0,0.0,0.0,0.0,0.0,0.0,0.0,0.0,0.0,0.0,0.0,0.0,0.0,0.0,0.0,0.0,0.0,0.0,10.0,10.0,0.0,10.0,0.0,10.0,0.0,10.0,0.0,10.0,0.0,0.0,10.0,10.0,0.0,0.0,10.0,0.0,0.0,10.0,10.0,10.0,10.0,0.0,10.0,10.0,0.0,0.0,0.0,0.0,0.0,0.0,0.0,1.0,1,5,0
0.0,0.3,0.61,10.0,0.3,0.0,0.15,0.0,0.0,0.45,0.15,0.0,0.15,0.0,0.15,0.15,0.0,0.76,0.15,0.15,0.76,10.0,10.0,0.0,10.0,0.0,10.0,0.0,10.0,0.0,10.0,0.0,0.0,10.0,10.0,0.0,0.0,0.0,0.0,0.15,10.0,10.0,10.0,10.0,0.0,10.0,10.0,0.0,0.0,0.0,0.0,0.567,0.024,0.049,16.883,132,944,1
0.05,0.0,0.1,10.0,0.15,0.05,10.0,0.0,0.57,0.0,0.0,0.26,0.0,0.0,0.0,0.0,0.0,0.05,0.21,0.0,0.15,10.0,10.0,0.0,10.0,0.68,10.0,0.0,10.0,0.0,10.0,0.0,0.73,10.0,10.0,0.0,0.42,0.0,0.0,0.0,10.0,10.0,10.0,10.0,0.0,10.0,10.0,0.0,0.193,0.17,0.059,0.0,0.014,0.0,3.461,66,1170,0
0.33,0.33,0.0,10.0,0.0,0.0,0.0,0.0,0.0,0.0,0.0,0.33,0.0,0.0,0.0,0.0,0.0,0.99,0.33,0.0,0.66,10.0,0.0,0.0,10.0,0.0,10.0,0.0,0.0,0.0,10.0,0.0,0.0,10.0,10.0,0.0,0.33,10.0,0.66,0.0,10.0,10.0,10.0,10.0,0.0,10.0,10.0,0.0,0.306,0.204,0.0,10.7875,0.0,0.0,16.883,100,431,0
0.0,0.0,0.0,10.0,0.0,0.0,0.0,0.0,0.0,0.0,0.0,0.0,0.6,0.0,0.0,0.0,0.0,0.0,0.6,0.0,1.21,10.0,10.0,0.0,10.0,0.0,10.0,0.0,10.0,0.0,10.0,0.0,0.0,10.0,10.0,0.0,1.21,10.0,1.21,0.0,10.0,10.0,10.0,10.0,1.21,10.0,0.0,0.0,0.0,0.0,0.1,0.0,10.13,0.0,1.535,13,86,0
0.0,0.0,2.41,10.0,0.0,0.0,10.0,0.0,0.26,0.0,0.0,2.14,0.0,0.0,0.0,0.0,0.0,0.0,0.26,0.0,1.6,10.0,0.0,0.0,10.0,0.53,10.0,0.0,10.0,0.0,10.0,0.0,0.26,10.0,10.0,0.0,0.0,0.0,0.0,0.26,10.0,10.0,10.0,10.0,0.0,10.0,10.0,0.0,0.0,0.339,0.0,0.0,10.13,0.0,2.36,12,177,0
0.0,0.0,0.0,10.0,0.0,0.0,0.0,0.0,0.0,0.0,0.0,1.53,0.0,0.0,0.0,0.0,0.0,0.0,4.61,0.0,0.0,10.0,10.0,0.0,10.0,0.0,10.0,0.0,10.0,0.0,0.0,0.0,0.0,10.0,10.0,0.0,0.0,10.0,0.0,0.0,10.0,10.0,10.0,10.0,0.0,10.0,10.0,0.0,0.0,0.0,0.0,0.0,10.13,0.0,2.222,5,20,0
0.0,0.0,0.0,10.0,0.0,0.0,10.0,0.0,0.0,0.0,0.0,1.3,0.0,0.0,0.0,0.0,0.0,0.0,0.0,0.0,0.0,10.0,10.0,0.0,10.0,0.0,10.0,0.0,10.0,0.0,10.0,10.0,0.0,10.0,10.0,0.0,0.65,0.0,0.0,0.0,10.0,10.0,10.0,10.0,0.0,10.0,0.0,0.0,0.0,0.0,0.0,0.0,0.0,0.0,2.342,8,89,0
0.0,0.0,0.0,10.0,0.0,0.0,1.04,0.0,0.0,0.0,0.0,0.0,0.0,0.0,0.0,2.08,0.0,0.0,2.08,0.0,2.08,10.0,10.0,0.0,10.0,0.0,10.0,0.0,10.0,0.0,10.0,0.0,0.0,10.0,10.0,0.0,0.0,0.0,0.0,0.0,10.0,10.0,10.0,10.0,0.0,10.0,10.0,0.0,0.0,0.0,0.0,0.0,0.0,0.0,16.883,11,61,1
0.0,0.0,0.0,10.0,1.19,0.0,0.0,0.0,0.0,0.0,0.0,1.19,0.0,0.0,0.0,0.0,0.0,0.0,0.0,0.0,0.0,10.0,10.0,0.0,10.0,3.57,10.0,0.0,10.0,0.0,10.0,0.0,0.0,10.0,10.0,0.0,1.19,10.0,0.0,0.0,10.0,10.0,10.0,10.0,1.19,10.0,0.0,0.0,0.0,0.0,0.0,0.0,10.13,0.0,1.733,14,52,0
0.0,0.0,0.0,10.0,0.0,0.0,0.0,0.0,0.0,0.0,0.0,0.0,0.0,0.0,0.0,0.0,0.0,0.0,0.0,0.0,0.0,10.0,10.0,0.0,10.0,0.0,10.0,0.0,10.0,0.0,10.0,0.0,0.0,10.0,10.0,0.0,0.0,0.0,0.0,0.0,10.0,10.0,0.0,10.0,0.0,10.0,10.0,0.0,0.0,0.278,0.0,10.7875,0.0,0.0,16.883,27,118,1
0.07,0.0,0.23,10.0,0.15,0.0,0.0,0.07,0.0,0.07,0.15,1.84,0.07,0.0,0.0,0.0,0.15,0.0,0.23,0.23,0.0,10.0,10.0,0.0,10.0,0.0,10.0,0.0,10.0,0.0,10.0,10.0,0.0,10.0,10.0,0.07,0.07,0.07,0.0,0.0,10.0,10.0,10.0,10.0,0.0,10.0,10.0,0.0,0.011,0.143,0.0,0.0,0.044,0.0,2.442,26,591,0
0.0,0.0,0.0,10.0,0.0,0.0,10.0,0.0,0.0,0.0,0.0,0.0,0.0,0.0,0.0,3.7,0.0,0.0,3.7,0.0,0.0,10.0,10.0,0.0,10.0,0.0,10.0,0.0,10.0,0.0,10.0,0.0,0.0,10.0,10.0,0.0,0.0,0.0,0.0,0.0,10.0,10.0,10.0,10.0,0.0,10.0,10.0,0.0,0.0,0.0,0.0,0.0,0.0,0.0,1.166,2,7,0
0.0,0.0,0.0,10.0,0.0,0.0,10.0,0.0,0.0,1.63,0.0,0.0,0.0,0.0,0.0,0.0,0.0,0.0,2.45,0.0,0.0,10.0,10.0,2.45,10.0,0.0,10.0,0.0,10.0,0.0,10.0,0.0,0.0,10.0,10.0,0.0,0.0,10.0,0.0,0.0,10.0,10.0,0.0,10.0,0.0,10.0,10.0,0.0,0.249,0.0,0.0,0.124,0.0,0.0,3.707,14,152,1
1.63,0.0,1.63,10.0,0.0,0.0,10.0,0.0,1.63,0.0,0.0,0.0,0.0,0.0,0.0,1.63,0.0,0.0,3.27,0.0,3.27,10.0,10.0,0.0,10.0,0.0,10.0,0.0,10.0,0.0,10.0,0.0,0.0,10.0,10.0,0.0,0.0,0.0,0.0,0.0,10.0,10.0,0.0,10.0,0.0,10.0,0.0,0.0,0.0,0.0,0.0,10.7875,10.13,0.0,2.0,16,36,1
0.0,0.0,0.0,10.0,0.0,0.0,0.0,0.0,0.0,0.0,0.0,0.0,0.0,0.0,0.0,1.96,0.0,0.0,0.98,0.98,0.0,10.0,10.0,0.0,10.0,0.0,10.0,0.0,10.0,0.0,10.0,10.0,0.0,10.0,10.0,0.0,0.0,10.0,0.0,0.0,10.0,10.0,10.0,10.0,0.0,10.0,0.0,0.0,0.0,0.173,0.0,0.173,0.0,0.0,1.787,7,59,1
0.09,0.09,0.36,10.0,0.91,0.18,10.0,0.0,0.0,0.0,0.0,3.66,0.09,0.0,0.0,0.0,0.82,0.0,0.82,0.0,0.45,10.0,10.0,0.0,10.0,0.09,10.0,0.0,10.0,0.82,10.0,0.0,0.0,10.0,10.0,0.18,0.0,0.0,0.09,0.0,10.0,10.0,10.0,10.0,0.0,10.0,10.0,0.0,0.027,0.0,0.0,0.0,0.0,0.0,1.263,4,192,0
0.8,0.0,0.8,10.0,1.6,0.0,0.0,0.0,0.0,0.0,0.0,0.0,0.0,0.0,0.0,0.8,0.8,0.0,1.6,0.0,2.4,10.0,10.0,0.0,10.0,0.0,10.0,0.0,10.0,0.0,10.0,0.0,0.0,10.0,10.0,0.0,0.0,0.0,0.0,0.0,10.0,10.0,10.0,10.0,0.0,10.0,0.0,0.0,0.0,0.0,0.0,10.7875,10.13,0.0,2.638,22,124,1
0.0,0.0,0.0,10.0,0.1,0.0,10.0,0.0,0.0,0.0,0.0,0.1,0.0,0.0,0.0,0.0,0.0,0.0,0.0,0.0,0.0,10.0,10.0,0.0,10.0,1.19,10.0,0.0,10.0,0.1,10.0,0.0,1.3,10.0,10.0,0.1,1.08,10.0,0.0,0.0,10.0,10.0,10.0,10.0,0.0,2.6,0.0,0.1,0.14,0.5,0.093,0.0,0.0,0.0,16.883,51,1003,0
0.0,0.0,0.0,10.0,0.0,0.0,10.0,0.0,0.0,1.36,0.0,0.0,0.0,0.0,0.0,0.0,0.0,0.0,0.0,0.0,0.0,10.0,10.0,0.0,10.0,1.36,10.0,2.73,10.0,0.0,10.0,0.0,0.0,10.0,10.0,1.36,0.0,10.0,1.36,0.0,10.0,10.0,10.0,10.0,0.0,10.0,0.0,0.0,0.0,0.475,0.0,0.0,0.0,0.0,3.478,11,80,0
0.0,0.0,0.17,10.0,0.0,0.0,0.0,0.0,0.0,0.17,0.0,0.17,0.0,0.0,0.0,0.0,0.0,0.0,0.17,0.0,0.0,10.0,10.0,0.0,10.0,1.4,10.0,0.0,10.0,0.17,10.0,0.0,0.17,10.0,10.0,0.0,1.92,0.0,0.0,0.0,10.0,10.0,10.0,10.0,0.0,10.0,10.0,0.0,0.267,0.802,0.118,0.0,0.0,0.0,16.883,20,601,0
0.0,0.51,0.0,10.0,0.0,0.0,0.0,0.0,0.0,0.51,1.02,0.51,0.0,0.0,0.0,0.25,0.76,1.27,2.04,0.0,0.76,10.0,10.0,0.0,10.0,0.0,10.0,0.0,10.0,0.0,10.0,0.0,0.0,10.0,10.0,0.0,0.0,0.0,0.0,0.25,10.0,10.0,10.0,10.0,0.0,10.0,10.0,0.0,0.0,0.457,0.0,0.29,10.13,0.124,2.614,66,149,1
0.0,0.0,0.0,10.0,0.0,0.0,0.0,0.0,0.0,0.0,0.0,0.0,0.0,0.0,0.0,0.0,0.0,0.0,2.08,0.0,0.0,10.0,10.0,0.0,10.0,0.0,10.0,0.0,10.0,0.0,10.0,0.0,0.0,10.0,10.0,0.0,0.0,10.0,0.0,0.0,10.0,10.0,10.0,10.0,0.0,10.0,10.0,0.0,0.0,0.0,0.0,0.0,0.0,0.0,1.428,4,10,0
0.34,0.25,0.25,10.0,0.08,0.43,0.08,0.25,0.08,1.46,0.34,0.51,0.94,0.0,0.17,0.08,0.0,0.0,3.01,0.0,0.77,10.0,10.0,0.34,10.0,0.0,10.0,0.0,10.0,0.0,10.0,0.0,0.0,10.0,10.0,0.0,0.0,0.0,0.0,0.0,10.0,10.0,10.0,10.0,0.17,0.0,10.0,0.0,0.0,0.048,0.0,0.258,10.13,0.113,16.883,300,694,1
0.0,0.0,0.0,10.0,0.0,0.0,0.0,0.0,0.0,0.0,0.0,0.32,0.0,0.0,0.0,0.0,0.0,0.32,1.28,0.0,0.32,10.0,10.0,0.0,10.0,3.52,10.0,0.96,10.0,0.32,10.0,0.32,0.0,10.0,10.0,0.32,0.32,10.0,0.0,0.32,10.0,10.0,10.0,10.0,0.96,10.0,10.0,0.0,0.264,0.211,0.105,0.052,0.0,0.105,2.258,15,192,0
0.0,0.0,0.76,10.0,0.76,0.0,0.5,0.5,0.0,1.01,0.0,0.25,1.52,0.0,0.76,0.0,0.0,1.52,2.03,0.0,1.52,10.0,10.0,0.0,10.0,0.0,10.0,0.0,10.0,0.0,10.0,0.0,0.0,10.0,10.0,0.0,0.0,0.0,0.0,0.5,10.0,10.0,10.0,10.0,0.0,10.0,0.0,0.0,0.0,0.074,0.0,10.7875,10.13,0.0,2.441,19,249,1
0.1,0.1,0.73,10.0,0.2,0.1,0.2,0.62,0.1,0.31,0.31,1.04,0.0,0.0,0.0,0.1,1.14,0.31,2.4,0.93,2.92,10.0,0.0,0.2,10.0,0.1,10.0,0.0,10.0,0.0,10.0,0.0,0.0,10.0,10.0,0.0,0.1,10.0,0.1,0.1,10.0,10.0,0.0,10.0,0.0,10.0,0.0,0.0,0.0,0.163,0.0,10.7875,10.13,0.0,16.883,92,817,1
0.0,0.0,0.0,10.0,0.0,0.0,0.0,0.0,0.0,0.0,0.0,0.88,0.0,0.0,0.0,0.0,0.0,0.22,0.0,0.0,0.0,10.0,10.0,0.0,10.0,0.22,10.0,0.44,0.0,0.0,10.0,0.0,0.0,10.0,10.0,0.0,0.0,10.0,0.0,0.0,10.0,10.0,10.0,10.0,0.0,10.0,10.0,0.22,0.0,0.172,0.0,0.0,10.13,0.0,1.729,15,128,0
0.0,0.0,0.4,10.0,0.0,0.0,10.0,0.0,0.4,0.4,0.0,0.0,0.0,0.0,0.0,0.0,0.0,0.4,1.63,0.0,0.4,10.0,10.0,0.0,10.0,0.0,10.0,0.0,10.0,0.0,10.0,0.0,0.0,10.0,10.0,0.0,0.0,0.4,0.0,0.0,10.0,10.0,10.0,10.0,0.0,10.0,0.0,0.0,0.139,0.0,0.0,0.069,10.13,0.0,2.525,15,101,0
0.0,0.0,0.0,10.0,0.0,0.0,0.0,0.0,0.0,0.0,0.0,0.0,0.0,0.0,0.0,0.0,0.0,0.0,0.0,0.0,0.0,10.0,10.0,0.0,10.0,0.0,10.0,0.0,10.0,0.0,10.0,0.0,0.0,10.0,10.0,0.0,0.0,10.0,0.0,0.0,10.0,10.0,10.0,10.0,0.0,10.0,10.0,0.0,0.0,0.0,0.0,0.0,0.0,0.0,1.0,1,4,0
0.0,0.0,0.0,10.0,0.65,0.0,10.0,0.0,0.0,0.0,0.0,0.0,0.0,0.0,0.0,0.0,0.0,0.0,5.22,0.0,0.65,10.0,10.0,0.0,10.0,0.0,10.0,0.0,10.0,0.0,10.0,0.0,0.0,10.0,10.0,0.0,0.0,0.0,0.0,0.0,10.0,10.0,10.0,10.0,0.65,10.0,0.0,0.0,0.0,0.0,0.0,10.7875,0.0,0.0,2.973,21,113,1
2.12,0.0,0.0,10.0,0.53,0.53,0.0,0.0,0.0,1.59,0.0,1.59,0.0,0.0,0.0,1.59,0.53,0.53,6.91,0.0,1.59,10.0,10.0,0.53,10.0,0.0,10.0,0.0,10.0,0.0,10.0,0.0,0.0,10.0,10.0,0.0,0.0,0.0,0.0,0.0,10.0,10.0,10.0,10.0,0.0,10.0,10.0,0.0,0.0,0.467,0.0,0.28,10.13,0.0,2.823,85,240,1
0.0,0.0,0.0,10.0,0.0,0.74,10.0,0.0,0.0,0.0,0.0,0.74,1.49,0.0,0.0,0.0,0.0,0.0,1.49,0.0,1.49,10.0,10.0,0.0,10.0,0.0,10.0,0.0,10.0,0.0,10.0,0.0,0.0,10.0,10.0,0.0,0.0,10.0,0.0,0.0,10.0,10.0,10.0,10.0,0.74,10.0,0.0,0.0,0.0,0.0,0.0,0.0,0.0,0.0,1.36,3,34,0
0.0,0.07,0.14,10.0,0.14,0.07,10.0,0.0,0.0,0.0,0.0,1.34,0.07,0.14,0.0,0.0,0.63,0.0,0.14,0.0,0.0,10.0,10.0,0.0,10.0,0.0,10.0,0.0,10.0,0.0,10.0,0.0,0.0,10.0,10.0,0.07,0.21,0.0,0.0,0.0,10.0,10.0,10.0,10.0,0.0,0.0,10.0,0.0,0.084,0.177,0.0,0.0,10.13,0.0,2.25,26,855,0
0.0,0.57,0.57,10.0,1.14,0.57,10.0,0.0,0.0,0.57,0.0,0.57,0.0,0.0,0.0,0.0,0.0,0.57,3.42,0.0,1.14,10.0,0.0,0.0,10.0,0.0,10.0,0.0,10.0,0.0,10.0,0.0,0.0,10.0,10.0,0.0,0.0,0.0,0.0,0.0,10.0,10.0,10.0,10.0,0.57,10.0,0.0,0.0,0.0,0.081,0.0,10.7875,0.0,0.081,16.883,147,373,1
0.0,0.0,0.0,10.0,0.0,0.0,10.0,0.0,0.0,0.0,0.0,1.0,0.0,0.0,0.0,0.0,0.0,0.0,5.0,0.0,2.0,10.0,10.0,0.0,10.0,0.0,10.0,0.0,10.0,0.0,10.0,0.0,0.0,10.0,10.0,0.0,0.0,10.0,0.0,0.0,10.0,10.0,0.0,10.0,0.0,10.0,0.0,0.0,0.0,0.0,0.0,0.11,10.13,0.0,3.178,62,89,1
0.0,0.0,0.0,10.0,0.0,0.0,0.0,0.0,0.0,0.0,0.0,0.0,0.0,0.0,0.0,3.03,0.0,3.03,3.03,0.0,3.03,10.0,10.0,0.0,10.0,0.0,10.0,0.0,10.0,0.0,10.0,0.0,0.0,10.0,10.0,0.0,0.0,0.0,0.0,0.0,10.0,10.0,10.0,10.0,0.0,10.0,0.0,0.0,0.0,0.0,0.0,0.0,10.13,0.0,16.883,55,67,0
0.14,0.14,0.29,10.0,0.0,0.0,0.0,0.0,1.17,0.29,0.14,0.58,0.0,0.0,0.0,0.14,0.0,0.14,2.35,0.14,0.88,10.0,10.0,0.44,10.0,0.0,10.0,0.0,10.0,0.0,10.0,0.0,0.0,10.0,10.0,0.0,0.0,10.0,0.0,0.0,10.0,10.0,10.0,10.0,0.0,10.0,0.0,0.0,0.0,0.204,0.0,0.204,10.13,0.102,2.962,73,400,1
0.0,0.0,0.0,10.0,0.0,0.0,10.0,0.0,0.0,0.0,0.0,0.0,0.0,0.0,0.0,0.0,0.0,0.0,0.0,0.0,0.0,10.0,10.0,0.0,10.0,0.0,10.0,0.0,10.0,0.0,10.0,0.0,5.35,10.0,10.0,0.21,0.0,10.0,0.0,0.0,10.0,10.0,10.0,10.0,0.0,0.0,10.0,0.0,0.03,0.06,0.0,0.0,0.0,0.0,2.444,76,198,0
0.27,0.27,0.27,10.0,0.0,0.0,0.0,0.54,0.0,0.27,0.0,0.27,0.0,0.0,0.0,1.08,0.0,0.27,1.08,0.0,0.27,10.0,10.0,0.54,10.0,0.0,10.0,0.0,10.0,0.0,10.0,0.0,0.0,10.0,10.0,0.0,0.0,0.0,0.0,0.0,10.0,10.0,10.0,10.0,0.0,10.0,0.0,0.0,0.0,0.225,0.0,10.7875,10.13,0.0,2.934,64,578,1
0.0,0.0,0.51,10.0,0.0,0.51,10.0,0.0,0.0,0.0,0.0,0.0,0.51,0.0,0.0,0.51,0.0,0.0,1.03,0.0,0.0,10.0,10.0,0.0,10.0,0.0,10.0,0.0,10.0,0.0,10.0,0.0,0.0,10.0,10.0,0.0,0.0,10.0,0.0,0.0,10.0,10.0,10.0,10.0,0.0,10.0,0.0,0.0,0.0,0.0,0.0,0.087,0.0,0.0,1.218,6,39,0
0.0,0.0,0.0,10.0,0.0,0.0,0.0,0.0,0.0,0.0,0.0,0.0,1.44,0.0,0.0,1.44,0.0,0.0,5.79,0.0,1.44,10.0,10.0,0.0,10.0,0.0,10.0,0.0,10.0,0.0,10.0,0.0,0.0,10.0,10.0,0.0,0.0,10.0,0.0,0.0,10.0,10.0,10.0,10.0,0.0,0.0,0.0,0.0,0.0,0.0,0.0,10.7875,10.13,0.0,2.157,11,41,1
0.0,14.28,0.0,10.0,0.0,0.0,0.0,0.0,0.0,0.0,0.0,0.0,0.0,0.0,0.0,0.0,0.0,0.0,0.0,0.0,0.0,10.0,10.0,0.0,10.0,0.0,10.0,0.0,10.0,0.0,10.0,0.0,0.0,10.0,10.0,0.0,0.0,0.0,0.0,0.0,10.0,10.0,10.0,10.0,0.0,10.0,10.0,0.0,0.0,0.0,0.0,0.0,10.13,0.0,1.8,5,9,0
0.0,0.0,0.0,10.0,0.0,0.79,10.0,0.0,0.0,0.0,0.0,0.0,0.0,0.0,0.0,0.0,0.0,0.0,2.38,0.0,0.0,10.0,10.0,0.0,10.0,0.0,10.0,0.0,10.0,0.0,10.0,0.0,0.0,10.0,10.0,0.0,0.0,0.0,0.0,0.0,10.0,10.0,10.0,10.0,0.0,0.0,10.0,0.0,0.0,0.147,0.0,0.0,10.13,0.0,2.913,27,67,1
0.0,0.0,0.73,10.0,0.0,0.0,0.0,0.0,0.0,0.0,0.0,1.47,0.0,0.0,0.0,0.0,0.0,0.0,1.47,0.0,0.73,10.0,10.0,0.0,10.0,0.73,10.0,0.0,10.0,0.0,10.0,0.0,0.0,10.0,10.0,0.0,0.0,10.0,0.0,0.0,10.0,10.0,10.0,10.0,0.0,10.0,10.0,0.0,0.0,0.238,0.0,0.0,0.0,0.0,1.827,5,53,0
0.05,0.0,0.29,10.0,0.23,0.17,10.0,0.0,0.0,0.0,0.65,0.82,0.0,0.0,0.0,0.76,0.11,0.11,1.53,0.29,1.3,10.0,10.0,0.05,10.0,0.0,10.0,0.0,10.0,0.0,10.0,10.0,0.0,10.0,10.0,0.0,0.0,0.0,0.0,0.0,10.0,10.0,0.0,10.0,0.0,10.0,0.0,0.0,0.009,0.129,0.0,0.102,10.13,0.0,1.493,8,660,1
0.0,0.0,0.71,10.0,0.23,0.0,0.0,0.0,0.23,0.23,0.23,1.9,0.0,0.0,0.0,0.23,0.0,0.0,3.81,0.23,1.19,10.0,10.0,0.0,10.0,0.0,10.0,0.0,10.0,0.0,0.0,0.0,0.0,10.0,10.0,0.0,0.0,0.0,0.0,0.0,10.0,10.0,10.0,10.0,0.0,10.0,10.0,0.0,0.0,0.111,0.0,10.7875,0.037,0.0,16.883,97,543,1
0.46,0.0,0.46,10.0,0.0,0.0,0.0,0.46,0.0,0.0,0.0,1.38,0.0,0.0,2.31,0.0,0.46,0.46,2.77,0.0,2.31,10.0,10.0,0.0,10.0,0.0,10.0,0.0,10.0,0.0,10.0,0.0,0.0,10.0,10.0,0.0,0.0,0.0,0.0,0.46,10.0,10.0,0.0,10.0,0.0,10.0,10.0,10.0,0.0,0.49,0.0,0.081,10.13,0.0,3.4,12,102,1
0.04,0.14,0.29,10.0,0.04,0.04,0.0,0.09,0.0,0.19,0.09,1.03,0.0,0.0,0.0,0.0,0.0,0.24,0.09,0.0,0.04,10.0,10.0,0.0,10.0,0.0,10.0,0.0,10.0,0.14,10.0,10.0,0.0,10.0,10.0,0.09,0.24,0.0,0.0,0.0,10.0,10.0,10.0,10.0,0.0,10.0,10.0,0.0,0.02,0.157,0.013,0.0,0.0,0.006,2.655,185,1787,0
0.0,0.0,0.0,10.0,0.0,0.0,10.0,0.0,0.0,0.0,0.0,0.0,0.0,0.0,0.0,0.0,0.0,0.0,0.0,0.0,0.97,10.0,0.0,0.0,10.0,0.97,10.0,1.94,10.0,0.97,10.0,0.0,0.0,10.0,10.0,0.0,0.0,10.0,0.0,0.0,10.0,10.0,10.0,10.0,0.0,10.0,10.0,0.0,0.0,0.261,0.0,0.0,0.0,0.0,2.03,11,67,0
0.0,0.0,0.0,10.0,0.0,0.0,0.0,0.0,0.0,0.0,0.0,0.0,0.0,0.0,0.0,0.0,0.0,0.0,0.0,0.0,0.0,10.0,10.0,0.0,10.0,4.76,10.0,4.76,10.0,4.76,10.0,4.76,0.0,10.0,10.0,4.76,0.0,0.0,0.0,4.76,10.0,10.0,10.0,10.0,0.0,10.0,10.0,0.0,0.0,1.257,0.0,0.0,10.13,0.0,3.333,11,30,0
0.0,0.0,0.0,10.0,0.0,0.0,10.0,0.0,0.0,0.0,0.0,0.0,0.0,0.0,0.0,0.0,0.0,0.0,0.0,0.0,0.0,10.0,10.0,0.0,10.0,4.34,10.0,4.34,10.0,4.34,10.0,4.34,0.0,10.0,10.0,4.34,0.0,0.0,0.0,4.34,10.0,10.0,10.0,10.0,0.0,10.0,10.0,0.0,0.0,1.162,0.0,0.0,0.0,0.0,3.333,11,30,0
0.0,0.0,0.0,10.0,0.0,0.0,10.0,0.0,0.0,0.0,0.0,0.0,0.0,0.0,0.0,0.0,0.0,0.0,0.0,0.0,0.0,10.0,0.0,4.16,10.0,0.0,10.0,0.0,10.0,0.0,0.0,0.0,0.0,10.0,10.0,0.0,0.0,10.0,0.0,0.0,10.0,10.0,10.0,10.0,0.0,10.0,10.0,0.0,0.0,0.0,0.0,10.7875,0.0,0.0,1.428,5,40,1
0.0,0.0,0.0,10.0,0.0,0.0,0.0,0.0,0.0,0.0,0.0,0.0,0.0,0.0,0.0,0.0,0.0,0.0,4.44,0.0,0.0,10.0,10.0,0.0,10.0,0.0,10.0,0.0,10.0,0.0,10.0,0.0,0.0,10.0,10.0,0.0,0.0,0.0,0.0,0.0,10.0,10.0,10.0,10.0,0.0,0.0,0.0,0.0,0.0,0.0,0.0,10.7875,10.13,0.0,16.883,169,180,1
0.0,0.0,0.0,10.0,0.92,0.0,10.0,0.0,0.0,0.0,0.0,0.92,0.0,0.0,0.0,0.0,0.0,0.0,0.92,0.0,0.92,10.0,10.0,0.0,10.0,0.0,10.0,0.0,10.0,0.0,10.0,0.0,0.0,10.0,10.0,0.0,0.0,0.0,0.0,0.0,10.0,10.0,10.0,10.0,0.0,10.0,0.0,0.0,0.0,0.0,0.0,0.0,10.13,0.0,1.5,7,33,0
0.0,0.0,0.49,10.0,0.49,0.49,10.0,0.0,0.0,0.49,0.0,2.94,0.0,0.0,0.0,0.0,0.0,0.0,0.98,0.0,0.0,10.0,10.0,0.0,10.0,0.98,10.0,0.98,10.0,0.0,10.0,0.0,0.49,10.0,10.0,0.49,0.0,0.0,0.0,0.0,10.0,10.0,10.0,10.0,0.0,10.0,10.0,0.0,0.0,0.166,0.0,0.0,0.0,0.0,2.234,11,105,0
0.41,0.0,0.61,10.0,0.41,0.61,0.0,0.82,0.2,0.2,0.2,1.44,0.0,0.0,0.0,0.41,1.03,0.2,1.65,1.65,3.09,10.0,0.2,0.61,10.0,0.0,10.0,0.0,0.0,0.0,10.0,10.0,0.0,10.0,10.0,0.0,0.0,0.0,0.0,0.0,10.0,10.0,10.0,10.0,0.0,10.0,0.0,0.0,0.0,0.099,0.0,10.7875,10.13,0.0,16.883,102,565,1
0.0,0.0,4.34,10.0,0.0,0.0,10.0,0.0,0.0,0.0,0.0,0.0,0.0,0.0,0.0,0.0,0.0,0.0,0.0,0.0,0.0,10.0,10.0,0.0,10.0,0.0,10.0,0.0,10.0,0.0,10.0,0.0,0.0,10.0,10.0,0.0,0.0,0.0,0.0,0.0,10.0,10.0,10.0,10.0,0.0,10.0,0.0,0.0,0.0,0.0,0.0,10.7875,0.0,0.0,1.2,2,12,0
0.34,0.0,0.69,10.0,0.0,0.0,0.0,0.0,0.0,0.0,0.0,0.69,0.0,0.0,0.0,0.0,0.0,0.0,2.09,0.0,0.0,10.0,10.0,0.0,10.0,0.0,10.0,0.0,10.0,0.0,10.0,0.0,0.0,10.0,10.0,0.0,0.0,10.0,0.0,0.0,10.0,10.0,0.0,10.0,0.0,10.0,10.0,0.0,0.0,0.374,0.0,0.0,10.13,0.0,1.775,5,71,0
0.0,0.0,0.16,10.0,0.64,0.0,0.0,0.16,0.0,0.0,0.0,1.91,0.0,0.0,0.0,0.16,0.0,0.0,3.04,0.0,1.76,10.0,10.0,0.0,10.0,0.32,10.0,0.0,10.0,0.0,10.0,10.0,0.0,10.0,10.0,0.16,0.0,0.0,0.0,0.16,10.0,10.0,10.0,10.0,0.32,10.0,10.0,0.0,0.0,0.055,0.0,0.0,0.055,0.0,1.798,7,196,0
0.0,0.0,1.13,10.0,1.13,0.56,0.56,0.0,0.0,0.56,0.0,1.13,0.0,0.0,0.0,3.97,0.0,0.0,2.84,0.0,0.56,10.0,10.0,0.0,10.0,0.0,10.0,0.0,10.0,0.0,10.0,0.0,0.0,10.0,10.0,0.0,0.0,10.0,0.0,0.0,10.0,10.0,10.0,10.0,0.0,0.0,10.0,0.0,0.0,0.288,0.0,0.768,0.0,0.0,16.883,296,409,1
0.0,0.0,0.0,10.0,0.0,0.0,10.0,0.0,0.0,0.0,0.0,0.0,0.0,0.0,0.0,0.0,0.0,0.0,0.0,0.0,0.0,10.0,10.0,0.0,10.0,0.0,10.0,0.0,10.0,0.0,10.0,0.0,0.0,10.0,10.0,0.0,0.0,0.0,0.0,0.0,10.0,10.0,10.0,10.0,0.0,10.0,0.0,0.0,0.0,0.0,0.0,0.0,10.13,0.0,1.375,4,11,0
0.0,0.0,0.55,10.0,0.55,0.0,10.0,0.0,0.0,0.0,0.0,0.0,0.0,0.0,0.0,0.55,0.0,0.0,3.31,0.0,1.1,10.0,10.0,0.0,10.0,0.0,10.0,0.0,10.0,0.0,10.0,0.0,0.0,10.0,10.0,0.0,0.0,0.0,0.0,0.0,10.0,10.0,0.0,10.0,0.55,10.0,0.0,0.0,0.0,0.104,0.0,10.7875,10.13,0.0,1.229,7,75,1
0.0,0.0,0.0,10.0,0.0,0.0,10.0,0.0,0.0,0.0,0.0,0.0,0.0,0.0,0.0,0.0,0.0,0.0,0.0,0.0,0.0,10.0,10.0,0.0,10.0,0.0,10.0,0.0,10.0,0.0,10.0,0.0,0.0,10.0,10.0,0.0,0.0,0.0,0.0,0.0,10.0,10.0,10.0,10.0,0.0,10.0,10.0,0.0,0.0,0.0,0.0,0.0,0.0,0.0,1.0,1,5,0
0.0,0.0,0.0,10.0,0.0,0.0,0.0,0.0,0.0,0.0,0.0,0.0,0.0,0.0,0.0,0.0,0.0,0.0,0.0,0.0,2.27,10.0,10.0,0.0,10.0,0.0,10.0,0.0,10.0,0.0,10.0,0.0,0.0,10.0,10.0,0.0,0.0,10.0,0.0,0.0,10.0,10.0,10.0,10.0,0.0,10.0,10.0,0.0,0.0,0.0,0.0,0.0,0.0,0.0,1.052,2,20,0
0.0,0.0,0.0,10.0,0.0,0.0,10.0,0.0,0.0,0.38,0.0,0.0,0.0,0.0,0.0,0.19,0.0,0.19,0.0,0.0,0.0,10.0,10.0,0.38,10.0,0.0,10.0,0.0,10.0,0.0,10.0,0.0,0.0,10.0,10.0,0.0,0.58,0.0,0.0,0.0,10.0,10.0,10.0,10.0,0.0,10.0,0.0,0.0,0.135,0.339,0.067,0.0,0.0,0.0,16.883,81,285,0
0.0,0.0,0.92,10.0,0.0,0.0,10.0,0.0,0.0,0.0,0.0,0.0,0.61,0.0,0.0,0.3,0.0,0.3,0.0,0.0,0.3,10.0,10.0,0.0,10.0,0.0,10.0,0.0,10.0,0.0,10.0,0.0,0.0,10.0,10.0,0.0,0.0,0.0,0.0,0.0,10.0,10.0,10.0,10.0,0.0,10.0,0.0,0.0,0.044,0.222,0.0,0.178,0.0,0.044,16.883,70,314,0
0.0,0.43,0.0,10.0,0.43,0.0,0.86,0.0,1.3,0.86,0.0,1.3,0.0,0.0,0.0,0.0,0.0,0.0,0.43,0.0,0.0,10.0,10.0,0.0,10.0,0.0,10.0,0.0,10.0,0.0,10.0,0.0,0.0,10.0,10.0,0.0,0.43,0.0,0.0,0.0,10.0,10.0,10.0,10.0,0.0,10.0,0.0,0.0,0.063,0.126,0.0,0.0,10.13,0.0,16.883,30,159,1
0.0,0.0,0.0,10.0,0.0,0.0,0.0,0.0,0.0,0.0,0.0,0.0,0.0,0.0,0.0,0.0,0.0,0.0,0.0,0.0,0.0,10.0,10.0,0.0,10.0,0.0,10.0,0.0,10.0,0.0,10.0,0.0,0.0,10.0,10.0,0.0,0.0,10.0,0.0,0.0,10.0,10.0,10.0,10.0,0.0,10.0,10.0,0.0,0.0,0.0,0.0,0.0,0.0,0.0,1.0,1,4,0
1.42,0.0,0.0,10.0,0.0,0.0,10.0,0.0,0.0,0.0,0.0,4.28,0.0,0.0,0.0,0.0,0.0,0.0,1.42,0.0,0.0,10.0,10.0,0.0,10.0,0.0,10.0,0.0,10.0,0.0,10.0,0.0,0.0,10.0,10.0,0.0,0.0,0.0,0.0,0.0,10.0,10.0,10.0,10.0,0.0,10.0,10.0,0.0,0.0,0.35,0.0,0.175,0.0,0.0,1.826,7,42,0
0.0,0.0,0.0,10.0,0.0,0.27,10.0,0.0,0.82,0.0,0.0,0.27,0.0,0.0,0.0,0.0,0.0,0.0,0.0,0.0,0.0,10.0,10.0,0.0,10.0,0.0,10.0,0.54,10.0,0.0,10.0,0.0,0.0,10.0,10.0,0.54,0.0,0.0,0.54,0.0,10.0,10.0,10.0,10.0,0.0,10.0,0.0,0.0,0.037,0.226,0.0,0.037,10.13,0.0,2.666,33,208,1
0.0,0.0,0.0,10.0,1.05,0.0,0.0,0.0,0.0,0.0,0.0,0.0,0.0,0.0,0.0,0.0,0.0,0.0,0.0,0.0,0.0,10.0,10.0,0.0,10.0,0.0,10.0,0.0,10.0,0.0,10.0,0.0,1.58,10.0,10.0,0.0,0.0,10.0,0.0,0.0,10.0,10.0,10.0,10.0,0.0,0.0,10.0,0.0,0.0,0.072,0.0,0.0,10.13,0.0,1.486,10,55,0
0.0,0.0,0.0,10.0,0.0,0.0,10.0,0.0,0.0,1.2,0.0,2.4,0.0,0.0,0.0,0.0,0.0,0.0,4.81,0.0,1.2,10.0,10.0,0.0,10.0,0.0,10.0,0.0,10.0,0.0,10.0,10.0,0.0,10.0,10.0,0.0,0.0,10.0,0.0,0.0,10.0,10.0,1.2,10.0,0.0,10.0,0.0,0.0,0.0,0.227,0.0,0.0,0.0,0.0,1.062,2,17,0
0.0,0.8,0.0,10.0,0.8,0.0,0.0,0.0,0.0,0.8,0.0,0.8,0.0,0.0,0.0,1.61,0.0,0.8,0.8,0.0,2.41,10.0,10.0,0.0,10.0,0.0,10.0,0.0,10.0,0.0,10.0,0.0,0.0,10.0,10.0,0.0,0.0,10.0,0.0,0.0,10.0,10.0,10.0,10.0,0.0,10.0,0.0,0.0,0.0,0.0,0.0,10.7875,0.0,0.0,1.463,12,101,1
0.05,0.0,0.15,10.0,0.1,0.0,10.0,0.0,0.52,0.0,0.0,0.15,0.0,0.0,0.0,0.0,0.1,0.0,0.21,0.0,0.1,10.0,10.0,0.0,10.0,0.52,10.0,0.0,10.0,0.0,10.0,0.0,0.15,10.0,10.0,0.05,0.36,0.0,0.0,0.0,10.0,10.0,10.0,10.0,0.0,10.0,10.0,0.05,0.164,0.171,0.068,0.0,0.013,0.0,3.591,35,1329,0
0.0,0.0,0.0,10.0,0.0,0.0,0.0,0.0,0.0,0.0,0.0,0.0,0.0,0.0,0.0,0.0,0.0,0.0,0.0,0.0,0.0,10.0,10.0,0.0,10.0,4.16,10.0,4.16,10.0,4.16,10.0,10.0,0.0,10.0,10.0,4.16,0.0,0.0,0.0,4.16,10.0,10.0,10.0,10.0,0.0,10.0,10.0,0.0,0.0,1.142,0.0,0.0,0.0,0.0,3.333,11,30,0
0.0,0.11,0.23,10.0,0.58,0.34,10.0,0.0,0.34,0.0,0.23,0.92,0.46,0.0,0.0,0.46,0.23,0.34,0.58,0.0,0.58,10.0,10.0,0.0,10.0,0.0,10.0,0.0,10.0,0.0,10.0,0.0,0.0,10.0,10.0,0.0,0.0,0.0,0.0,0.0,10.0,10.0,0.11,10.0,0.0,10.0,0.0,0.0,0.075,0.037,0.0,10.7875,10.13,0.018,2.576,48,389,1
0.0,0.0,0.0,10.0,0.0,0.18,10.0,0.0,0.0,0.0,0.0,0.0,0.0,0.0,0.0,0.0,0.0,0.0,0.0,0.0,0.0,10.0,10.0,0.0,10.0,1.3,10.0,0.0,10.0,0.0,10.0,0.0,0.0,10.0,10.0,0.18,0.93,0.0,0.18,0.0,10.0,10.0,10.0,10.0,0.0,10.0,0.0,0.0,0.182,0.339,0.13,0.0,10.13,0.0,3.628,44,479,0
0.27,0.27,0.55,10.0,0.27,0.27,0.0,1.37,0.27,0.82,0.27,0.55,0.0,0.0,0.0,0.0,1.37,0.55,1.65,2.2,3.03,10.0,10.0,0.0,10.0,0.0,10.0,0.0,10.0,0.0,10.0,0.0,0.0,10.0,10.0,0.0,0.0,0.0,0.0,0.27,10.0,10.0,10.0,10.0,0.0,10.0,10.0,0.0,0.0,0.28,0.0,10.7875,0.093,0.0,3.621,63,344,1
0.0,0.0,0.0,10.0,1.63,0.0,0.0,0.0,0.0,0.0,0.0,0.0,0.0,0.0,0.0,0.0,0.0,0.0,4.91,0.0,0.0,10.0,10.0,0.0,10.0,0.0,10.0,0.0,10.0,0.0,10.0,0.0,0.0,10.0,10.0,0.0,0.0,10.0,0.0,0.0,10.0,10.0,10.0,10.0,0.0,10.0,0.0,0.0,0.0,0.0,0.0,0.0,10.13,0.0,1.769,5,46,0
0.0,0.5,0.25,10.0,0.5,0.0,1.01,0.0,0.0,0.76,0.76,0.5,0.25,0.0,0.0,1.26,0.25,0.25,1.77,0.0,1.26,10.0,10.0,0.0,10.0,0.0,10.0,0.0,10.0,0.0,10.0,0.0,0.0,10.0,10.0,0.0,0.0,0.0,0.0,0.0,10.0,10.0,10.0,10.0,0.25,0.0,10.0,0.0,0.0,0.113,0.0,0.189,10.13,0.151,16.883,447,646,1
0.0,0.0,0.0,10.0,0.4,0.4,0.4,0.4,0.0,0.0,0.4,0.0,0.0,0.0,0.0,0.4,0.0,0.0,3.6,0.0,2.0,10.0,10.0,0.4,10.0,0.0,10.0,0.0,10.0,0.0,10.0,0.0,0.0,10.0,10.0,0.0,0.0,10.0,0.0,0.0,10.0,10.0,10.0,10.0,0.0,10.0,10.0,0.0,0.0,0.0,0.0,0.124,0.0,0.0,1.94,12,97,1
0.0,0.0,0.0,10.0,0.95,0.0,0.0,0.0,0.0,0.0,0.0,0.0,0.0,0.0,0.0,0.0,0.0,0.47,0.95,0.0,0.95,10.0,10.0,0.0,10.0,0.0,10.0,0.0,10.0,0.0,10.0,0.0,0.0,10.0,10.0,0.0,0.0,0.0,0.0,0.0,10.0,10.0,10.0,10.0,0.0,10.0,10.0,0.0,0.0,0.365,0.0,0.0,10.13,0.0,1.238,6,78,1
0.0,0.0,0.0,10.0,0.0,0.0,0.0,0.0,0.0,0.0,0.0,0.0,0.0,0.0,0.0,0.0,0.0,0.0,2.94,0.0,0.0,10.0,10.0,0.0,10.0,0.0,10.0,0.0,10.0,0.0,10.0,0.0,0.0,10.0,10.0,0.0,2.94,10.0,0.0,0.0,10.0,10.0,10.0,10.0,2.94,10.0,0.0,0.0,0.0,0.0,0.0,0.0,10.13,0.0,1.562,5,25,0
0.0,0.0,0.0,10.0,0.0,0.0,0.0,0.0,0.0,0.0,0.0,0.0,0.0,0.0,0.0,0.0,0.0,0.0,0.0,0.0,0.0,10.0,10.0,0.0,10.0,0.0,10.0,0.0,10.0,0.0,10.0,0.0,0.0,10.0,10.0,0.0,0.0,10.0,0.0,0.0,10.0,10.0,10.0,10.0,0.0,10.0,10.0,0.0,0.0,0.0,0.0,0.0,0.0,0.0,1.0,1,3,0
0.0,0.56,1.12,10.0,2.24,0.0,1.12,0.0,0.0,0.0,0.0,0.56,0.56,0.0,0.0,0.56,2.8,0.0,3.93,0.0,1.68,10.0,10.0,0.0,10.0,0.0,10.0,0.0,10.0,0.0,0.0,0.0,0.0,10.0,10.0,0.0,0.0,0.0,0.0,0.0,10.0,10.0,10.0,10.0,0.0,10.0,0.0,0.0,0.0,0.25,0.0,10.7875,10.13,0.0,16.883,140,194,1
0.0,0.0,0.86,10.0,0.0,0.0,10.0,0.0,0.0,0.0,0.0,0.86,0.0,0.0,0.0,0.0,0.0,0.86,0.86,0.0,2.58,10.0,10.0,0.0,10.0,0.86,10.0,0.86,10.0,0.86,10.0,0.0,0.0,10.0,10.0,0.86,0.0,10.0,0.0,0.0,10.0,10.0,10.0,10.0,0.0,10.0,0.0,0.0,0.0,0.11,0.0,0.11,0.0,0.0,1.812,10,58,0
0.89,0.0,0.0,10.0,1.49,0.29,0.0,0.0,0.0,0.0,0.0,1.19,0.0,0.0,0.0,0.0,0.0,0.0,0.89,0.0,0.89,10.0,10.0,0.0,10.0,0.0,10.0,0.0,10.0,0.0,10.0,10.0,0.29,10.0,10.0,0.0,0.0,0.0,0.29,0.0,10.0,10.0,10.0,10.0,0.0,10.0,10.0,0.0,0.325,0.162,0.0,0.0,0.0,0.0,1.583,9,76,0
0.23,0.0,0.23,10.0,0.69,0.0,0.0,0.0,0.0,0.0,0.0,1.38,0.0,0.0,0.0,0.0,0.0,0.0,0.23,0.0,0.0,10.0,10.0,0.0,10.0,0.23,10.0,0.0,10.0,0.0,10.0,0.0,0.23,10.0,10.0,0.0,0.0,10.0,0.0,0.0,10.0,10.0,10.0,10.0,0.0,10.0,10.0,0.0,0.0,0.066,0.0,0.0,0.0,0.0,1.412,9,89,0
0.0,0.0,0.0,10.0,0.0,0.0,0.0,0.0,1.28,0.0,0.0,0.0,0.0,0.0,0.0,0.0,0.0,0.0,1.28,0.0,2.56,10.0,10.0,0.0,10.0,0.0,10.0,0.0,10.0,0.0,10.0,0.0,0.0,10.0,10.0,0.0,0.0,0.0,0.0,0.0,10.0,10.0,10.0,10.0,0.0,0.0,10.0,0.0,0.0,0.0,0.0,10.7875,0.0,0.0,16.883,28,80,1
0.0,0.41,0.41,10.0,2.06,0.0,10.0,0.82,0.0,0.0,0.0,0.0,0.0,0.0,0.0,2.47,0.0,0.82,2.47,0.0,0.82,10.0,10.0,0.0,10.0,0.0,10.0,0.0,10.0,0.0,10.0,0.0,0.0,10.0,10.0,0.0,0.0,0.0,0.0,0.0,10.0,10.0,10.0,10.0,0.41,10.0,0.0,0.0,0.0,0.265,0.0,0.199,0.0,0.0,16.883,226,445,1
0.0,0.0,0.0,10.0,0.0,0.0,10.0,0.0,0.0,0.0,0.0,0.0,0.97,0.0,0.0,0.0,0.0,0.0,4.85,0.0,0.0,10.0,10.0,0.0,10.0,0.0,10.0,0.0,10.0,0.0,10.0,0.0,0.0,10.0,10.0,0.0,0.0,10.0,0.0,0.0,10.0,10.0,10.0,10.0,0.0,0.97,10.0,0.0,0.0,0.0,0.0,0.0,0.0,0.0,3.391,47,78,0
0.0,0.0,0.0,10.0,0.0,0.0,0.0,0.0,0.74,0.0,0.0,0.0,0.0,0.0,0.0,0.0,0.0,0.0,2.23,0.0,0.0,10.0,10.0,0.0,10.0,0.0,10.0,0.0,10.0,0.0,0.0,10.0,0.0,10.0,10.0,0.0,0.0,0.0,0.74,0.0,10.0,10.0,10.0,10.0,0.74,10.0,10.0,0.0,0.0,0.276,0.0,10.7875,0.0,0.0,2.666,16,72,0
0.65,0.0,0.0,10.0,1.3,0.0,10.0,0.0,0.0,0.0,0.65,1.3,0.65,0.0,0.0,1.3,1.3,0.0,2.61,0.0,3.26,10.0,0.0,0.0,10.0,0.0,10.0,0.0,10.0,0.0,10.0,0.0,0.0,10.0,10.0,0.0,0.0,10.0,0.0,0.0,10.0,10.0,10.0,10.0,0.65,10.0,0.0,0.0,0.0,0.0,0.0,10.7875,0.103,0.0,2.04,12,51,1
0.0,0.0,0.0,10.0,2.94,0.0,10.0,0.0,0.0,0.0,0.0,0.0,0.0,0.0,0.0,0.0,0.0,0.0,0.0,0.0,0.0,10.0,10.0,0.0,10.0,0.0,10.0,0.0,10.0,0.0,10.0,0.0,0.0,10.0,10.0,0.0,0.0,10.0,0.0,0.0,10.0,10.0,10.0,10.0,2.94,10.0,0.0,0.0,0.0,0.0,0.0,0.0,0.0,0.0,1.333,3,16,0
0.0,0.0,0.0,10.0,0.0,0.0,0.0,0.0,0.0,0.0,0.0,0.0,0.0,0.0,0.0,0.29,0.0,0.0,4.38,0.0,0.58,10.0,10.0,0.0,10.0,0.0,10.0,0.0,10.0,0.0,10.0,0.0,0.0,10.0,10.0,0.0,0.0,10.0,0.0,0.0,10.0,10.0,10.0,10.0,0.58,10.0,10.0,0.0,0.055,0.167,0.0,0.0,0.0,0.0,1.122,3,55,0
0.45,0.91,0.91,10.0,0.45,0.0,0.0,0.45,0.0,1.83,0.0,2.29,0.0,0.91,0.0,0.45,0.0,0.0,1.83,0.0,5.04,10.0,10.0,0.0,10.0,0.0,10.0,0.0,10.0,0.0,10.0,0.0,0.0,10.0,10.0,0.0,0.0,0.0,0.0,0.0,10.0,10.0,0.0,10.0,0.0,10.0,0.0,0.0,0.0,0.245,0.0,10.7875,10.13,0.081,16.883,708,773,1
0.0,0.0,0.0,10.0,0.0,0.0,10.0,0.56,0.0,0.0,0.0,0.0,0.0,0.0,0.0,0.0,0.0,0.0,1.12,0.0,0.0,10.0,10.0,0.0,10.0,0.0,10.0,0.0,10.0,0.0,10.0,0.0,0.0,10.0,10.0,0.0,0.0,10.0,1.12,0.0,10.0,10.0,0.0,10.0,1.12,10.0,0.0,0.0,0.0,0.181,0.09,0.181,0.0,0.0,16.883,34,153,0
0.0,0.0,0.0,10.0,0.0,0.0,0.0,0.0,0.0,0.0,0.0,1.85,0.0,0.0,0.0,0.0,0.0,0.0,0.0,0.0,0.0,10.0,10.0,0.0,10.0,0.0,10.0,0.0,10.0,0.0,10.0,0.0,0.0,10.0,10.0,0.0,0.0,0.0,0.0,0.0,10.0,10.0,10.0,10.0,0.0,10.0,10.0,0.0,0.0,0.0,0.0,0.0,10.13,0.0,1.142,3,16,0
0.0,0.0,0.0,10.0,0.0,0.0,10.0,0.0,0.0,0.0,0.0,0.0,0.0,0.0,0.0,0.0,0.0,0.0,0.0,0.0,0.0,10.0,10.0,0.0,10.0,0.0,10.0,0.0,10.0,0.0,10.0,0.0,0.0,10.0,10.0,0.0,0.0,0.0,0.0,0.0,10.0,10.0,10.0,10.0,0.0,10.0,10.0,0.0,0.0,0.0,0.0,0.0,0.0,0.0,1.0,1,5,0
0.0,0.0,0.0,10.0,0.0,0.0,0.0,0.0,0.0,1.44,0.0,0.0,0.0,0.0,0.0,0.0,0.0,1.44,0.0,0.0,0.0,10.0,10.0,0.0,10.0,1.44,10.0,1.44,10.0,1.44,10.0,0.0,0.0,10.0,10.0,1.44,0.0,10.0,0.0,0.0,10.0,10.0,10.0,10.0,0.0,0.0,10.0,0.0,0.0,0.156,0.0,10.7875,0.0,0.0,1.689,10,49,0
0.0,0.22,0.0,10.0,0.22,0.0,10.0,0.0,0.0,0.0,0.0,1.36,0.0,0.0,0.0,0.0,0.0,1.59,0.91,0.0,0.0,10.0,10.0,0.0,10.0,0.0,10.0,0.0,10.0,0.0,10.0,0.0,0.45,10.0,10.0,0.0,0.0,0.0,0.0,0.0,10.0,10.0,10.0,10.0,0.0,10.0,10.0,0.0,0.0,0.326,0.0,0.285,0.0,0.0,2.043,31,141,0
0.05,0.0,0.31,10.0,0.0,0.05,10.0,0.05,0.47,0.0,0.0,0.15,0.0,0.0,0.0,0.0,0.26,0.05,0.21,0.0,0.15,10.0,10.0,0.0,10.0,0.85,10.0,0.0,10.0,0.0,10.0,0.0,0.47,10.0,10.0,0.0,0.85,0.0,0.0,0.0,10.0,10.0,10.0,10.0,0.0,10.0,10.0,0.0,0.112,0.202,0.067,0.0,0.014,0.0,3.117,52,1303,0
0.0,0.0,0.0,10.0,0.0,0.0,10.0,0.0,0.0,0.0,0.0,0.0,0.0,0.0,0.0,0.0,0.0,0.0,0.0,0.0,0.0,10.0,10.0,0.0,10.0,2.19,10.0,3.29,10.0,0.0,10.0,0.0,0.0,10.0,10.0,0.0,0.0,10.0,0.0,0.0,10.0,10.0,10.0,10.0,0.0,10.0,0.0,0.0,0.0,0.155,0.0,0.0,0.0,0.0,2.862,15,83,0
0.0,0.0,0.0,10.0,0.0,0.0,10.0,0.0,0.0,0.0,0.0,0.0,0.0,0.0,0.0,0.0,0.0,0.0,0.72,0.0,0.0,10.0,10.0,0.0,10.0,0.0,10.0,0.0,10.0,0.0,10.0,0.0,0.0,10.0,10.0,0.0,1.44,0.0,0.0,0.0,10.0,10.0,10.0,10.0,1.44,10.0,10.0,0.0,0.0,0.0,0.114,0.114,0.0,0.114,1.645,12,51,0
0.0,0.56,0.56,10.0,2.25,0.0,0.56,0.0,0.0,0.0,0.0,0.56,0.56,0.0,0.0,0.56,3.38,0.0,3.95,0.0,1.69,10.0,10.0,0.0,10.0,0.0,10.0,0.0,10.0,0.0,10.0,0.0,0.0,10.0,10.0,0.0,0.0,0.0,0.0,0.0,10.0,10.0,0.0,10.0,0.0,10.0,10.0,0.0,0.0,0.26,0.0,1.217,10.13,0.0,16.883,140,194,1
0.22,0.88,0.44,10.0,0.22,0.0,0.0,0.0,1.32,1.54,0.0,0.88,0.66,0.0,1.1,0.66,0.0,1.54,2.87,0.0,1.54,10.0,10.0,0.22,10.0,0.0,10.0,0.0,10.0,0.0,10.0,0.0,0.0,10.0,10.0,0.0,0.0,0.0,0.0,0.44,10.0,10.0,10.0,10.0,0.0,10.0,0.0,0.0,0.0,0.085,0.0,10.7875,10.13,0.028,9.1,65,728,1
0.0,0.0,0.0,10.0,0.0,0.0,10.0,0.0,0.0,0.0,0.0,0.0,0.0,0.0,0.0,0.0,0.0,0.0,0.0,0.0,0.0,10.0,10.0,0.0,10.0,0.0,10.0,0.0,10.0,0.0,10.0,0.0,0.0,10.0,10.0,0.0,0.0,0.0,0.0,0.0,10.0,10.0,10.0,10.0,0.0,10.0,0.0,0.0,0.0,1.343,0.0,0.0,0.0,0.0,16.883,8,317,0
0.01,0.01,0.13,10.0,0.13,0.01,10.0,0.0,0.01,0.13,0.03,0.45,0.03,0.07,0.0,0.11,0.53,0.07,0.07,0.0,0.03,10.0,10.0,0.0,10.0,0.0,10.0,0.0,10.0,0.0,10.0,0.0,1.57,10.0,10.0,0.11,0.86,10.0,0.0,0.03,10.0,10.0,10.0,10.0,0.01,10.0,0.0,0.15,0.008,0.111,0.0,0.002,0.0,0.01,2.106,58,3027,0
0.1,0.1,0.71,10.0,0.61,0.3,0.4,0.1,1.42,0.81,0.1,0.5,0.0,0.0,0.0,0.1,0.0,1.11,2.23,0.5,2.03,10.0,10.0,0.3,10.0,0.0,10.0,0.0,10.0,0.0,10.0,10.0,0.0,10.0,10.0,0.0,0.0,0.0,0.1,0.0,10.0,10.0,0.0,10.0,0.0,0.0,10.0,0.0,0.0,0.0,0.264,10.7875,10.13,0.033,3.186,56,1042,1
0.0,1.52,0.0,10.0,0.76,0.0,0.0,0.0,0.0,0.76,0.0,0.0,0.0,0.0,0.0,0.0,0.0,0.0,0.0,0.0,0.76,10.0,10.0,0.0,10.0,0.76,10.0,0.0,10.0,0.0,10.0,0.76,0.0,10.0,10.0,0.0,1.52,10.0,0.76,0.0,10.0,10.0,10.0,10.0,0.76,10.0,0.0,0.0,0.121,0.365,0.121,10.7875,0.0,0.0,1.956,22,90,0
0.0,14.28,0.0,10.0,0.0,0.0,10.0,0.0,0.0,0.0,0.0,0.0,0.0,0.0,0.0,0.0,0.0,0.0,0.0,0.0,0.0,10.0,10.0,0.0,10.0,0.0,10.0,0.0,10.0,0.0,10.0,0.0,0.0,10.0,10.0,0.0,0.0,0.0,0.0,0.0,10.0,10.0,10.0,10.0,0.0,10.0,10.0,0.0,0.0,0.0,0.0,0.0,0.0,0.0,1.8,5,9,0
0.0,0.0,0.26,10.0,0.0,0.0,10.0,0.0,0.0,0.0,0.0,0.26,0.53,0.0,0.0,0.0,0.53,0.0,0.53,0.0,0.0,10.0,10.0,0.0,10.0,0.0,10.0,0.0,10.0,0.0,10.0,0.0,0.0,10.0,10.0,0.53,0.0,10.0,0.0,0.0,10.0,10.0,10.0,10.0,0.0,10.0,0.0,0.0,0.0,0.043,0.0,0.0,0.043,0.0,1.487,4,61,0
0.0,0.0,0.0,10.0,0.0,0.0,0.0,4.0,0.0,0.0,0.0,0.0,0.0,0.0,0.0,4.0,0.0,0.0,4.0,0.0,0.0,10.0,10.0,0.0,10.0,0.0,10.0,0.0,10.0,0.0,10.0,0.0,0.0,10.0,10.0,0.0,0.0,0.0,0.0,0.0,10.0,10.0,10.0,10.0,0.0,10.0,0.0,0.0,0.0,0.0,0.0,0.0,10.13,0.0,16.883,12,23,1
0.0,0.0,0.0,10.0,0.0,0.0,0.0,0.0,0.0,0.0,0.0,1.42,0.0,0.0,0.0,1.42,0.0,0.0,2.14,0.0,0.71,10.0,10.0,0.71,10.0,0.0,10.0,0.0,10.0,0.0,10.0,0.0,0.0,10.0,10.0,0.71,0.0,0.0,0.0,0.0,10.0,10.0,10.0,10.0,0.0,10.0,10.0,0.0,0.0,0.099,0.0,10.7875,0.0,0.0,3.066,36,138,1
0.31,0.31,0.31,10.0,0.0,0.0,0.31,0.0,0.31,0.31,0.31,0.31,0.0,0.0,0.0,0.94,0.0,0.0,0.31,0.0,2.51,10.0,10.0,0.31,10.0,0.0,10.0,0.0,10.0,0.0,0.0,10.0,0.0,10.0,10.0,0.31,0.0,0.0,1.88,0.0,10.0,10.0,0.0,10.0,0.0,10.0,10.0,0.0,0.0,0.75,0.0,10.7875,0.046,0.046,16.883,138,421,1
0.0,0.0,0.0,10.0,0.0,1.01,10.0,0.0,0.0,0.0,0.0,0.0,0.0,0.0,0.0,0.0,0.0,0.0,2.02,0.0,1.01,10.0,10.0,0.0,10.0,1.01,10.0,1.01,10.0,1.01,1.01,1.01,0.0,10.0,10.0,1.01,0.0,10.0,0.0,1.01,10.0,10.0,10.0,10.0,1.01,10.0,0.0,0.0,0.0,0.476,0.0,0.0,10.13,0.0,1.875,11,45,0
0.0,0.0,0.0,10.0,0.0,0.0,0.0,0.0,0.0,0.0,0.24,0.72,0.24,0.0,0.0,0.0,0.24,0.0,0.72,0.24,2.16,10.0,10.0,0.0,10.0,0.0,10.0,0.0,10.0,0.0,10.0,0.0,0.0,10.0,10.0,0.0,0.0,10.0,0.0,0.0,10.0,10.0,10.0,10.0,0.0,0.24,10.0,0.0,0.0,0.447,0.0,0.122,10.13,0.0,3.714,19,286,0
0.0,0.0,0.0,10.0,0.0,0.0,10.0,0.0,0.0,0.0,0.0,0.0,0.0,0.0,0.0,0.0,0.0,0.0,0.0,0.0,0.0,10.0,10.0,0.0,10.0,0.0,10.0,0.0,10.0,0.0,10.0,0.0,0.0,10.0,10.0,0.0,0.0,0.0,0.0,0.0,10.0,10.0,10.0,10.0,0.0,10.0,0.0,0.0,0.0,0.0,0.0,0.0,10.13,0.0,1.0,1,5,0
0.0,0.58,0.58,10.0,0.0,0.0,0.0,0.58,0.58,7.55,0.58,1.16,0.0,0.0,0.0,0.0,0.58,0.0,4.06,0.0,0.0,10.0,10.0,0.0,10.0,0.0,10.0,0.0,10.0,0.0,10.0,0.0,0.0,10.0,10.0,0.0,0.0,10.0,0.0,0.0,10.0,10.0,10.0,10.0,0.0,10.0,0.0,0.0,0.0,0.192,0.0,0.192,10.13,0.096,1.526,10,58,1
0.3,0.3,0.0,10.0,0.6,0.3,10.0,0.6,0.0,0.0,0.0,0.0,0.0,0.0,0.0,0.0,0.0,0.0,0.0,0.0,0.0,10.0,10.0,0.0,10.0,0.3,10.0,0.0,10.0,0.0,0.3,0.0,0.0,10.0,10.0,0.3,0.0,10.0,0.0,0.0,10.0,10.0,10.0,10.0,0.0,10.0,10.0,0.0,0.0,0.0,0.0,0.0,0.0,0.0,1.389,8,82,0
0.0,0.0,0.0,10.0,0.0,0.0,10.0,0.0,0.0,0.47,0.0,0.95,0.47,0.0,0.0,0.0,0.0,0.0,2.87,0.0,0.47,10.0,10.0,0.0,10.0,0.0,10.0,0.0,10.0,0.0,10.0,0.0,0.0,10.0,10.0,0.0,0.0,10.0,0.0,0.0,10.0,10.0,0.0,10.0,0.0,0.0,0.0,0.0,0.0,0.0,0.0,10.7875,0.0,0.0,16.883,164,239,1
0.0,0.0,0.0,10.0,0.0,0.0,0.0,0.0,0.0,0.85,0.0,0.0,0.0,0.0,1.7,0.0,0.0,0.0,2.56,0.0,1.7,10.0,10.0,0.0,10.0,0.0,10.0,0.0,10.0,0.0,10.0,0.0,0.0,10.0,10.0,0.0,0.0,0.0,0.0,0.0,10.0,10.0,10.0,10.0,0.0,10.0,10.0,0.0,0.299,0.0,0.0,0.149,10.13,0.0,1.04,2,26,0
0.1,0.5,0.6,10.0,0.3,0.2,0.0,0.0,0.1,0.4,0.0,1.6,0.2,0.0,0.0,0.0,0.1,0.0,3.81,0.0,1.1,10.0,10.0,0.1,0.0,0.0,10.0,0.0,10.0,0.0,10.0,0.0,0.0,10.0,10.0,0.0,0.0,10.0,0.0,0.0,10.0,10.0,10.0,10.0,0.0,10.0,0.0,0.0,0.78,0.037,0.0,10.7875,1.334,0.0,16.883,54,724,1
0.23,0.23,0.47,10.0,0.7,0.23,0.23,1.41,0.23,0.47,0.23,0.47,0.0,0.0,0.0,0.0,1.41,0.47,0.94,1.89,3.3,10.0,0.0,0.0,10.0,0.0,10.0,0.0,10.0,0.0,10.0,0.0,0.0,10.0,10.0,0.0,0.0,10.0,0.0,0.47,10.0,10.0,0.0,10.0,0.23,10.0,10.0,0.0,0.0,0.075,0.0,10.7875,0.151,0.0,16.883,276,666,1
0.17,0.0,0.17,10.0,1.45,0.34,10.0,0.05,0.05,0.05,0.05,0.52,0.29,0.05,0.0,0.0,0.69,0.05,4.24,0.23,1.04,10.0,10.0,0.05,10.0,0.0,10.0,0.0,10.0,0.0,10.0,0.0,0.0,10.0,10.0,0.0,0.0,10.0,0.0,0.0,10.0,10.0,10.0,10.0,0.0,0.0,10.0,0.0,0.01,0.051,0.0,0.02,0.163,0.0,1.796,12,458,1
0.48,0.2,0.55,10.0,0.27,0.2,0.0,0.27,0.27,0.97,0.41,0.97,0.13,0.0,0.0,1.11,0.69,0.06,2.23,0.0,0.97,10.0,10.0,0.69,10.0,0.0,10.0,0.0,10.0,0.0,10.0,0.0,0.0,10.0,10.0,0.0,0.0,0.0,0.0,0.06,10.0,10.0,10.0,10.0,0.13,0.0,10.0,0.0,0.0,0.105,0.0,10.7875,10.13,0.0,3.401,94,966,1
0.0,0.0,0.0,10.0,0.0,0.0,10.0,0.0,0.0,0.0,0.0,0.0,0.0,0.0,0.0,0.0,0.0,0.0,0.0,0.0,0.0,10.0,10.0,0.0,10.0,0.0,10.0,0.0,10.0,0.0,10.0,0.0,0.0,10.0,10.0,0.0,0.0,0.0,0.0,0.0,10.0,10.0,10.0,10.0,0.0,10.0,0.0,0.0,0.0,0.0,0.0,0.0,10.13,0.0,1.0,1,4,0
0.0,0.43,0.87,10.0,0.0,0.0,0.0,0.0,0.43,0.43,0.43,0.0,0.0,0.0,0.0,0.0,0.0,0.0,6.14,0.0,0.43,10.0,10.0,0.87,10.0,0.0,10.0,0.0,10.0,0.0,10.0,0.0,0.0,10.0,10.0,0.0,0.0,0.0,0.0,0.0,10.0,10.0,10.0,10.0,0.0,0.0,10.0,0.0,0.075,0.075,0.0,0.0,10.13,0.0,16.883,33,117,1
0.0,0.0,0.0,10.0,0.0,0.0,0.0,0.0,0.0,0.0,0.0,0.5,0.0,0.0,0.0,0.0,0.0,0.5,1.5,0.0,0.5,10.0,10.0,0.0,10.0,1.5,10.0,1.0,10.0,0.0,10.0,0.0,0.0,10.0,10.0,0.0,0.0,0.0,0.0,0.0,10.0,10.0,10.0,10.0,1.0,10.0,10.0,0.0,0.0,0.168,0.084,0.084,10.13,0.168,2.303,15,129,0
0.16,0.08,0.0,10.0,0.0,0.0,0.0,0.0,0.16,0.33,0.0,0.67,0.0,0.0,0.08,0.0,0.5,0.33,0.58,0.16,0.42,10.0,10.0,0.08,10.0,0.58,10.0,0.0,0.0,0.08,10.0,10.0,0.0,10.0,10.0,1.09,1.34,10.0,0.16,0.0,10.0,10.0,10.0,10.0,0.0,10.0,0.0,0.0,0.084,0.408,0.06,0.0,0.012,0.0,16.883,104,1655,0
0.0,0.46,0.46,10.0,0.46,0.46,0.46,0.0,0.0,0.0,0.46,0.46,0.0,0.0,0.0,0.92,0.0,0.92,2.76,0.0,1.38,10.0,10.0,0.0,10.0,0.0,10.0,0.0,10.0,0.0,10.0,0.0,0.0,10.0,10.0,0.0,0.0,0.0,0.0,0.46,10.0,10.0,10.0,10.0,0.46,10.0,10.0,0.0,0.0,0.0,0.0,0.298,10.13,0.0,2.156,13,110,1
0.0,0.0,0.0,10.0,0.33,0.0,0.0,0.0,0.0,0.0,0.0,0.33,0.0,0.0,0.0,0.33,0.0,0.33,0.33,0.0,0.33,10.0,10.0,0.0,10.0,0.33,10.0,0.66,10.0,0.33,10.0,0.0,0.0,10.0,10.0,0.0,0.0,10.0,0.0,0.0,10.0,10.0,10.0,10.0,0.0,10.0,10.0,0.0,0.0,0.13,0.043,0.0,0.0,0.0,2.016,19,125,0
0.0,0.0,0.0,10.0,0.0,0.0,0.0,0.0,0.0,0.0,0.0,0.0,0.0,0.0,0.0,0.0,0.0,0.0,0.0,0.0,0.0,10.0,10.0,0.0,10.0,0.0,10.0,0.0,10.0,0.0,10.0,0.0,0.0,10.0,10.0,0.0,0.0,10.0,0.0,0.0,10.0,10.0,10.0,10.0,0.0,10.0,10.0,0.0,0.022,0.022,0.019,0.022,0.022,0.022,3.482,5,5902,0
0.0,1.62,0.54,10.0,0.0,0.0,0.0,0.0,0.0,0.54,0.0,1.62,0.0,0.0,0.0,0.0,0.0,0.0,1.62,0.0,0.0,10.0,10.0,0.0,10.0,0.0,10.0,0.0,10.0,0.0,10.0,10.0,0.0,10.0,10.0,0.0,0.0,0.0,0.0,0.0,10.0,10.0,10.0,10.0,0.0,10.0,0.0,0.0,0.0,0.484,0.0,0.0,10.13,0.0,1.769,27,69,0
0.87,0.43,0.0,10.0,0.0,0.0,0.0,0.0,0.0,0.43,0.0,0.87,0.0,0.0,0.0,0.0,0.0,0.0,3.5,0.0,1.31,10.0,10.0,0.0,10.0,0.43,10.0,0.0,10.0,0.0,10.0,10.0,0.0,10.0,10.0,0.0,0.0,10.0,0.0,0.0,10.0,10.0,0.0,10.0,0.0,0.0,10.0,0.0,0.0,0.19,0.0,0.0,10.13,0.0,2.085,25,73,0
0.0,0.0,0.0,10.0,0.0,0.0,0.0,0.0,0.0,0.0,0.0,0.0,0.0,0.0,0.0,0.0,0.0,1.26,5.06,0.0,0.0,10.0,10.0,0.0,10.0,0.0,10.0,0.0,10.0,0.0,10.0,10.0,0.0,10.0,10.0,0.0,0.0,10.0,0.0,0.0,10.0,10.0,0.0,10.0,2.53,10.0,10.0,0.0,0.0,0.263,0.0,0.0,0.0,0.0,2.0,5,32,0
0.36,0.0,0.36,10.0,0.36,0.0,10.0,0.0,0.0,0.0,0.0,0.72,0.0,0.0,0.0,0.0,0.0,0.0,1.08,0.0,0.0,10.0,10.0,0.0,10.0,0.0,10.0,0.0,10.0,0.0,10.0,0.0,0.0,10.0,10.0,0.0,0.72,10.0,0.0,0.0,10.0,10.0,10.0,10.0,1.08,10.0,0.0,0.0,0.124,0.0,0.062,0.062,0.0,0.0,1.414,13,116,0
0.9,0.0,0.0,10.0,0.0,0.0,0.9,0.0,0.0,0.0,0.0,0.0,0.0,0.0,0.0,0.0,0.9,0.9,1.81,0.0,2.72,10.0,10.0,0.9,10.0,0.0,10.0,0.0,10.0,0.0,10.0,10.0,0.0,10.0,10.0,0.0,0.0,0.0,0.0,0.0,10.0,10.0,10.0,10.0,0.0,10.0,0.0,0.0,0.0,0.0,0.0,10.7875,0.0,0.0,2.818,19,62,1
0.0,0.0,0.0,10.0,0.0,0.0,10.0,0.0,0.0,0.0,0.0,0.0,0.0,0.0,0.0,0.0,0.0,0.0,0.0,0.0,0.0,10.0,10.0,0.0,10.0,0.0,10.0,0.0,10.0,0.0,10.0,0.0,0.32,10.0,10.0,0.0,0.0,0.0,0.0,0.32,10.0,10.0,10.0,10.0,0.0,0.0,10.0,0.0,0.0,0.54,0.108,0.0,0.0,0.054,16.883,28,375,0
0.0,0.0,0.73,10.0,0.0,0.0,10.0,0.73,0.0,0.0,0.0,1.47,0.0,0.0,0.0,0.0,0.0,0.0,0.0,0.0,0.0,10.0,10.0,0.0,10.0,4.41,10.0,0.0,10.0,0.0,10.0,0.0,0.0,10.0,10.0,0.0,0.0,10.0,0.0,0.0,10.0,10.0,10.0,10.0,0.0,10.0,0.73,0.0,0.0,0.107,0.0,0.0,0.0,0.0,1.695,9,78,0
0.0,0.0,0.0,10.0,0.0,0.0,0.0,0.0,0.0,0.0,0.0,0.0,0.0,0.0,0.0,0.0,0.0,0.0,7.69,0.0,0.0,10.0,10.0,0.0,10.0,0.0,10.0,0.0,10.0,0.0,10.0,0.0,0.0,10.0,10.0,0.0,0.0,0.0,0.0,0.0,10.0,10.0,10.0,10.0,0.0,10.0,10.0,0.0,0.0,0.0,0.0,0.0,10.13,0.0,1.285,2,9,0
0.26,0.0,0.53,10.0,0.0,0.26,10.0,0.0,0.0,0.0,0.0,1.06,0.0,0.0,0.0,10.25,0.0,0.0,0.0,0.0,0.0,10.0,10.0,0.0,10.0,0.26,10.0,0.0,10.0,0.0,10.0,0.0,1.85,10.0,10.0,0.0,0.0,10.0,0.0,0.0,10.0,10.0,10.0,10.0,0.0,0.0,0.0,0.0,0.0,0.039,0.0,0.0,0.0,0.0,2.646,77,172,0
0.0,0.0,1.56,10.0,0.0,0.0,1.56,0.0,0.0,0.0,0.0,0.0,0.0,0.0,0.0,1.56,0.0,0.0,0.0,0.0,0.0,10.0,10.0,0.0,10.0,0.0,10.0,0.0,10.0,0.0,10.0,0.0,0.0,10.0,10.0,0.0,0.0,10.0,0.0,0.0,10.0,10.0,0.0,10.0,1.56,10.0,10.0,0.0,0.0,0.233,0.0,10.7875,0.0,0.0,2.125,12,34,1
0.0,0.0,1.24,10.0,1.24,0.62,0.0,0.0,0.0,0.0,0.0,0.0,0.0,0.0,0.0,1.24,0.62,0.0,0.62,0.0,1.86,10.0,10.0,0.0,10.0,0.0,10.0,0.0,10.0,0.0,10.0,0.0,0.0,10.0,10.0,0.0,0.0,0.0,0.0,0.0,10.0,10.0,10.0,10.0,0.62,0.0,0.0,0.0,0.0,0.107,0.0,10.7875,10.13,0.107,16.883,30,150,1
0.0,0.1,0.62,10.0,0.31,0.0,0.1,0.0,0.2,0.62,0.1,0.62,0.41,0.0,0.0,0.1,0.1,0.2,3.43,0.1,1.66,10.0,10.0,1.04,10.0,0.0,10.0,0.0,10.0,0.0,10.0,0.0,0.0,10.0,10.0,0.0,0.0,0.0,0.0,0.0,10.0,10.0,10.0,10.0,0.1,0.0,0.0,0.0,0.0,0.0,0.0,10.7875,10.13,0.049,16.883,69,702,1
0.0,0.0,0.0,10.0,0.0,0.0,10.0,0.0,0.0,0.0,0.0,0.0,0.0,0.0,0.0,0.0,0.0,0.0,0.0,0.0,0.0,10.0,10.0,0.0,10.0,0.0,10.0,0.0,10.0,0.0,10.0,0.0,1.03,10.0,10.0,0.0,0.0,0.0,0.0,0.0,10.0,10.0,10.0,10.0,0.0,10.0,0.0,0.0,0.0,0.342,0.0,0.0,10.13,0.0,2.217,10,51,1
0.0,0.0,0.0,10.0,0.0,0.0,0.0,0.0,0.0,0.0,0.0,0.0,0.0,0.0,0.0,0.0,0.0,0.0,0.0,0.0,0.0,10.0,10.0,0.0,10.0,0.0,10.0,0.0,10.0,0.0,10.0,10.0,0.0,10.0,10.0,0.0,0.0,0.0,0.0,4.16,10.0,10.0,10.0,10.0,0.0,10.0,0.0,0.0,0.0,0.0,0.0,0.0,0.0,0.602,16.883,23,47,0
0.87,0.17,0.52,10.0,0.0,0.32,0.0,0.04,0.29,0.42,0.39,1.37,0.87,1.69,0.0,0.32,0.54,0.22,3.47,0.29,1.32,10.0,10.0,0.84,10.0,0.0,10.0,0.0,10.0,0.0,10.0,0.0,0.0,10.0,10.0,0.0,0.0,0.0,0.0,0.0,10.0,10.0,10.0,10.0,0.07,10.0,0.04,0.0,0.016,0.058,0.0,10.7875,10.13,0.182,3.697,117,3498,1
0.0,0.0,0.0,10.0,0.0,0.0,10.0,0.0,0.0,0.0,0.0,0.68,0.0,0.0,0.0,0.0,0.0,0.0,0.34,0.0,0.0,10.0,10.0,0.0,10.0,0.34,10.0,0.68,10.0,0.34,10.0,0.0,0.34,10.0,10.0,0.34,0.0,0.0,10.0,0.0,10.0,10.0,10.0,10.0,0.0,10.0,0.0,0.0,0.048,0.0,0.0,0.0,0.0,0.0,2.147,11,131,0
0.0,0.55,0.55,10.0,1.1,0.55,2.2,0.0,0.0,0.55,0.0,0.55,0.0,0.0,0.0,0.0,0.0,0.55,3.31,0.0,1.1,10.0,10.0,0.0,10.0,0.0,10.0,0.0,0.0,0.0,10.0,0.0,0.0,10.0,10.0,0.0,0.0,10.0,0.0,0.0,10.0,10.0,0.0,10.0,0.55,10.0,10.0,0.0,0.0,0.165,0.0,10.7875,0.0,0.082,16.883,148,387,1
0.18,0.0,0.09,10.0,0.36,0.09,10.0,0.36,0.09,0.0,0.0,0.63,0.09,0.36,0.0,0.0,0.09,0.0,1.27,0.0,3.38,10.0,10.0,0.09,10.0,0.0,10.0,0.0,10.0,0.0,10.0,0.0,0.0,10.0,10.0,0.0,0.0,0.0,0.0,0.0,10.0,10.0,10.0,10.0,0.0,10.0,0.0,0.0,0.0,0.06,0.03,0.03,0.015,0.0,16.883,48,566,1
0.0,0.0,2.12,10.0,0.0,0.0,0.0,0.0,0.0,0.0,0.0,2.12,0.0,0.0,0.0,0.0,0.0,0.0,0.0,0.0,2.12,10.0,10.0,0.0,10.0,0.0,10.0,0.0,10.0,0.0,10.0,0.0,0.0,10.0,10.0,0.0,0.0,10.0,0.0,0.0,10.0,10.0,10.0,10.0,0.0,10.0,10.0,0.0,0.0,0.0,0.0,0.0,0.0,0.0,2.647,16,45,0
0.0,0.0,0.0,10.0,0.0,0.0,0.0,4.23,0.0,0.0,0.0,0.0,0.0,0.0,0.0,0.0,0.84,0.0,0.0,0.0,0.0,10.0,10.0,0.0,10.0,0.0,10.0,0.0,10.0,0.0,10.0,0.0,0.0,10.0,10.0,0.0,0.84,10.0,0.84,0.0,10.0,10.0,10.0,10.0,0.84,10.0,10.0,0.0,0.0,0.0,0.126,0.0,0.0,0.0,1.605,12,61,0
0.0,0.9,0.0,10.0,0.9,0.0,10.0,0.0,0.0,0.9,0.0,0.0,0.0,0.0,0.0,1.81,0.0,1.81,1.81,0.0,0.0,10.0,10.0,0.0,10.0,0.0,10.0,0.0,10.0,0.0,10.0,0.0,0.0,10.0,10.0,0.9,0.0,0.0,0.0,0.0,10.0,10.0,0.0,10.0,0.0,10.0,0.0,0.0,0.0,0.319,0.0,10.7875,0.0,19.829,16.883,66,106,1
0.0,0.0,0.0,10.0,0.0,1.27,0.0,0.63,0.0,0.0,0.0,0.0,0.0,0.0,0.0,0.0,0.0,0.0,3.82,0.0,0.63,10.0,10.0,0.0,10.0,0.0,10.0,0.0,10.0,0.0,10.0,0.0,0.0,10.0,10.0,0.0,0.0,10.0,0.0,0.0,10.0,10.0,10.0,10.0,0.0,10.0,0.0,0.0,0.0,0.0,0.0,10.7875,0.109,0.0,1.916,12,69,1
0.67,0.0,0.22,10.0,0.45,0.0,10.0,0.0,0.0,0.22,0.45,1.12,0.22,0.22,0.0,0.0,0.0,0.0,1.12,0.0,1.35,10.0,10.0,0.0,10.0,0.0,10.0,0.45,10.0,0.0,0.22,0.0,0.0,10.0,10.0,0.0,0.22,0.0,0.0,0.0,10.0,10.0,10.0,10.0,0.0,10.0,10.0,0.0,0.0,0.072,0.0,0.072,10.13,0.036,3.242,38,347,0
0.0,0.34,0.69,10.0,0.34,0.69,0.34,0.0,0.0,1.04,0.34,1.38,0.0,0.0,0.0,0.69,0.0,0.69,4.86,0.0,1.73,10.0,10.0,1.04,10.0,0.0,10.0,0.0,10.0,0.0,10.0,0.0,0.0,10.0,10.0,0.0,0.0,0.0,0.0,0.0,10.0,10.0,10.0,10.0,0.0,10.0,0.0,0.0,0.0,0.058,0.0,10.7875,10.13,0.0,2.17,8,89,1
0.0,0.0,0.0,10.0,1.9,0.0,10.0,0.0,0.0,0.95,0.0,0.95,0.0,0.0,0.0,0.0,0.0,0.0,5.71,3.8,2.85,10.0,10.0,0.0,10.0,0.0,10.0,0.0,10.0,0.0,10.0,0.0,0.0,10.0,10.0,0.0,0.0,10.0,0.0,0.0,10.0,10.0,10.0,10.0,0.0,10.0,0.0,0.0,0.0,0.0,0.0,0.147,0.0,0.0,1.4,6,21,1
0.0,0.0,0.0,10.0,0.0,0.0,0.0,0.0,0.0,0.0,0.0,0.0,0.0,0.0,0.0,0.0,0.0,0.0,0.0,0.0,0.0,10.0,10.0,0.0,10.0,0.0,10.0,0.0,10.0,10.0,12.5,0.0,0.0,10.0,10.0,0.0,0.0,10.0,0.0,0.0,10.0,10.0,10.0,10.0,0.0,10.0,10.0,0.0,0.0,0.0,0.0,0.0,0.0,0.0,2.5,4,5,0
0.0,0.0,0.0,10.0,0.0,0.0,10.0,0.0,0.0,0.0,0.0,1.24,0.0,0.0,0.0,0.0,0.0,0.0,0.0,0.0,0.0,10.0,10.0,0.0,10.0,0.0,10.0,0.0,10.0,0.0,0.0,0.0,6.22,10.0,10.0,0.0,0.0,0.0,0.0,0.0,10.0,10.0,10.0,10.0,0.0,10.0,10.0,0.0,0.0,0.0,0.0,0.0,10.13,0.0,1.6,7,64,0
0.0,0.0,0.0,10.0,0.0,0.0,10.0,0.0,0.0,11.11,0.0,0.0,0.0,0.0,0.0,0.0,0.0,0.0,5.55,0.0,0.0,10.0,10.0,0.0,10.0,0.0,10.0,0.0,10.0,0.0,10.0,0.0,0.0,10.0,10.0,0.0,0.0,10.0,0.0,0.0,10.0,10.0,10.0,10.0,0.0,10.0,0.0,0.0,0.0,0.0,0.0,0.0,0.0,0.0,1.0,1,2,0
0.0,0.0,0.0,10.0,0.0,0.0,0.0,0.0,0.0,0.0,0.0,0.0,0.68,0.0,0.0,0.0,0.0,0.0,4.1,0.0,0.0,10.0,10.0,0.0,10.0,0.0,10.0,0.0,10.0,0.0,10.0,0.0,0.0,10.0,10.0,0.0,0.68,0.0,0.0,0.0,10.0,10.0,10.0,10.0,0.68,10.0,10.0,0.0,0.0,0.0,0.0,0.109,10.13,0.0,1.897,15,74,0
0.0,0.0,1.05,10.0,0.0,0.0,0.0,0.0,0.0,0.0,0.0,1.05,0.0,0.0,0.0,0.0,0.0,0.0,0.0,0.0,0.0,10.0,10.0,0.0,10.0,3.15,10.0,0.0,10.0,0.0,10.0,10.0,1.05,10.0,10.0,0.0,0.0,10.0,1.05,0.0,10.0,10.0,10.0,10.0,0.0,0.0,10.0,0.0,0.169,0.0,0.679,0.0,0.0,0.0,2.096,12,65,0
0.0,0.0,0.0,10.0,0.0,0.0,10.0,0.0,0.0,0.0,0.0,0.0,0.0,0.0,0.0,0.0,0.0,0.0,1.32,0.0,0.0,10.0,10.0,0.0,10.0,3.97,10.0,0.0,10.0,0.66,10.0,0.0,0.0,10.0,10.0,0.66,0.0,0.0,0.0,0.0,10.0,10.0,10.0,10.0,0.0,10.0,10.0,0.0,0.0,0.0,0.0,0.102,0.0,0.0,2.531,30,81,0
0.18,0.0,0.55,10.0,0.18,0.0,10.0,0.0,0.0,0.0,0.0,0.37,0.0,0.0,0.0,0.0,0.0,0.0,1.49,0.0,0.0,10.0,10.0,0.0,10.0,0.0,10.0,0.0,10.0,0.0,10.0,0.0,0.0,10.0,10.0,0.0,0.18,0.0,0.0,0.0,10.0,10.0,10.0,10.0,0.18,10.0,10.0,0.0,0.031,0.127,0.031,0.0,0.0,0.0,1.428,5,80,0
0.0,0.47,0.47,10.0,1.89,0.0,1.18,0.23,0.0,0.47,0.23,0.7,0.23,0.0,0.47,0.23,1.41,0.0,2.83,0.0,1.65,10.0,10.0,0.0,10.0,0.0,10.0,0.0,10.0,0.0,10.0,0.0,0.0,10.0,10.0,0.0,0.0,0.0,0.0,0.0,10.0,10.0,10.0,10.0,0.0,10.0,10.0,0.0,0.0,0.0,0.0,0.08,10.13,0.0,1.844,13,83,1
0.0,0.0,0.0,10.0,0.0,0.0,10.0,0.0,0.0,0.0,0.0,0.0,0.0,0.0,0.0,0.0,0.0,0.0,0.0,0.0,0.0,10.0,10.0,0.0,0.0,0.0,10.0,0.0,10.0,0.0,10.0,0.0,0.0,10.0,10.0,0.0,0.0,0.0,0.0,0.0,10.0,10.0,10.0,10.0,7.14,10.0,10.0,0.0,0.0,0.0,0.0,0.0,10.13,0.0,1.333,3,8,0
0.0,0.0,0.0,10.0,0.0,0.0,0.0,0.0,0.0,0.84,0.0,0.0,0.0,0.0,0.0,0.0,0.84,0.0,1.68,0.0,0.0,10.0,10.0,0.0,10.0,0.0,10.0,0.0,10.0,0.0,0.0,0.0,0.0,10.0,10.0,0.0,0.84,10.0,0.84,0.0,10.0,10.0,10.0,10.0,0.84,10.0,10.0,0.0,0.0,0.0,0.137,10.7875,0.0,0.137,3.052,13,116,0
0.0,0.0,0.0,10.0,0.0,0.0,0.45,0.91,0.45,0.91,0.0,0.0,0.0,0.0,0.0,0.0,0.45,0.45,0.91,0.0,0.45,10.0,10.0,0.0,10.0,0.0,10.0,0.0,10.0,0.0,10.0,0.0,0.0,10.0,10.0,0.0,0.0,0.0,0.0,0.0,10.0,10.0,10.0,10.0,0.0,10.0,0.0,0.0,0.0,0.254,0.0,0.063,10.13,0.0,16.883,46,161,1
0.0,0.45,1.35,10.0,1.35,0.0,0.9,0.45,0.0,1.35,0.0,0.45,2.71,0.0,0.0,0.0,0.0,0.9,2.26,0.0,1.8,10.0,10.0,0.0,10.0,0.0,10.0,0.0,10.0,0.0,10.0,0.0,0.0,10.0,10.0,0.0,0.0,0.0,0.0,0.0,10.0,10.0,10.0,10.0,0.0,0.0,10.0,0.0,0.0,0.0,0.0,10.7875,10.13,0.0,2.446,12,137,1
0.58,0.0,0.0,10.0,0.58,0.0,0.0,0.0,0.0,0.0,0.0,0.0,0.0,0.0,0.0,0.0,0.0,0.0,2.9,0.0,0.0,10.0,10.0,0.0,10.0,0.0,10.0,0.0,10.0,0.0,10.0,0.0,0.0,10.0,10.0,0.0,0.0,0.0,0.58,0.0,10.0,10.0,10.0,10.0,0.58,10.0,10.0,0.0,0.0,0.165,0.0,0.082,10.13,1.403,2.674,17,115,0
0.0,0.0,0.0,10.0,0.0,0.0,0.0,0.0,0.0,0.0,0.0,1.03,0.0,0.0,0.0,0.0,0.0,0.0,3.09,0.0,0.0,10.0,10.0,0.0,10.0,0.0,10.0,0.0,10.0,1.03,10.0,0.0,0.0,10.0,10.0,0.0,0.0,10.0,0.0,0.0,10.0,10.0,10.0,10.0,1.03,10.0,10.0,0.0,0.0,0.0,0.0,0.0,0.0,0.0,1.666,7,25,0
0.44,0.0,0.88,10.0,0.44,1.32,0.0,0.0,0.0,0.0,0.0,0.0,0.0,0.0,0.0,0.0,0.0,0.44,1.76,0.0,2.2,10.0,10.0,0.0,10.0,0.0,10.0,0.0,0.0,0.0,10.0,0.0,0.0,10.0,10.0,0.0,0.0,0.0,0.0,0.0,10.0,10.0,10.0,10.0,0.0,10.0,10.0,0.0,0.222,0.0,0.0,10.7875,10.13,0.0,2.448,16,142,1
1.03,0.0,0.0,10.0,1.03,0.0,10.0,0.0,0.0,0.0,0.0,0.0,0.0,0.0,0.0,0.0,0.0,0.0,1.03,0.0,1.03,10.0,0.0,0.0,10.0,0.0,10.0,0.0,10.0,0.0,10.0,0.0,0.0,10.0,10.0,0.0,0.0,0.0,0.0,0.0,10.0,10.0,10.0,10.0,0.0,10.0,10.0,0.0,0.0,0.185,0.0,10.7875,0.0,0.0,2.277,11,41,0
0.0,0.0,0.0,10.0,1.35,0.45,10.0,0.0,0.0,0.0,0.0,0.0,0.45,0.0,0.0,0.45,0.45,0.45,1.8,0.0,1.35,10.0,10.0,0.0,10.0,0.0,10.0,0.0,10.0,0.0,10.0,0.0,0.0,10.0,10.0,0.0,0.0,0.0,0.0,0.0,10.0,10.0,10.0,10.0,0.0,10.0,0.0,0.0,0.0,0.138,0.0,0.138,0.0,0.0,16.883,46,122,1
0.13,0.0,0.26,10.0,0.65,0.0,10.0,0.0,0.0,0.0,0.0,0.52,0.0,0.0,0.0,0.13,0.13,0.0,1.18,0.0,0.0,10.0,10.0,0.0,10.0,0.26,10.0,0.0,10.0,0.13,10.0,0.0,2.1,10.0,10.0,0.0,0.0,1.44,0.13,0.0,10.0,10.0,10.0,10.0,0.26,10.0,0.0,0.13,0.0,0.188,0.041,0.0,10.13,0.062,2.876,38,420,0
0.0,0.0,0.0,10.0,0.0,2.3,0.0,0.0,0.0,0.0,0.0,0.76,0.76,0.0,0.0,0.0,0.0,0.0,2.3,0.0,1.53,10.0,10.0,0.0,10.0,0.0,10.0,0.0,10.0,0.0,0.0,0.0,0.0,10.0,10.0,0.0,0.0,10.0,0.0,0.0,10.0,10.0,10.0,10.0,0.0,10.0,0.0,0.0,0.0,0.829,0.0,10.7875,10.13,0.0,5.607,25,157,1
0.0,0.0,0.91,10.0,0.3,0.0,10.0,0.0,0.0,0.0,0.0,0.3,0.3,0.0,0.0,0.0,0.0,0.0,1.21,0.0,0.0,10.0,10.0,0.0,10.0,0.0,10.0,0.0,10.0,0.0,10.0,0.0,0.0,10.0,10.0,0.0,0.0,0.0,0.0,0.0,10.0,10.0,10.0,10.0,0.3,10.0,10.0,0.0,0.0,0.0,0.0,0.0,0.0,0.0,1.505,14,128,0
0.0,1.17,0.0,10.0,0.0,0.0,10.0,0.0,1.17,0.0,0.0,0.0,0.0,0.0,0.0,0.0,0.0,0.0,0.0,0.0,0.0,10.0,10.0,0.0,10.0,1.17,10.0,0.0,10.0,0.0,10.0,10.0,0.0,10.0,10.0,0.0,1.17,0.0,0.0,0.0,10.0,10.0,10.0,10.0,0.0,10.0,0.0,1.17,0.376,0.0,0.0,0.0,0.0,0.0,2.925,16,117,0
0.87,0.17,0.52,10.0,0.0,0.32,10.0,0.04,0.29,0.42,0.39,1.37,0.87,1.69,0.0,0.32,0.54,0.22,3.47,0.29,1.32,10.0,10.0,0.84,10.0,0.0,10.0,0.0,10.0,0.0,10.0,0.0,0.0,10.0,10.0,0.0,0.0,10.0,0.0,0.0,10.0,10.0,0.0,10.0,0.07,0.0,0.04,0.0,0.016,0.058,0.0,10.7875,10.13,0.183,3.697,117,3498,1
0.0,0.0,1.72,10.0,0.0,0.0,0.0,0.0,0.0,0.0,0.0,2.58,0.0,0.0,0.0,0.0,0.0,0.0,2.58,0.0,0.0,10.0,10.0,0.0,10.0,0.0,10.0,0.0,10.0,0.0,10.0,0.0,0.0,10.0,10.0,0.0,0.0,10.0,0.86,0.0,10.0,10.0,10.0,10.0,0.86,10.0,0.0,0.0,0.0,0.303,0.0,10.7875,0.0,0.0,2.171,9,76,0
0.0,0.0,0.0,10.0,0.0,0.0,10.0,0.0,0.0,0.0,0.0,0.0,0.0,2.94,0.0,0.0,0.0,0.0,2.94,0.0,0.0,10.0,10.0,0.0,10.0,0.0,10.0,0.0,10.0,0.0,10.0,0.0,0.0,10.0,10.0,0.0,0.0,0.0,0.0,0.0,10.0,10.0,10.0,10.0,0.0,10.0,10.0,0.0,0.0,0.476,0.0,0.0,0.0,0.0,1.0,1,7,0
0.0,0.0,0.0,10.0,0.0,0.0,0.0,0.0,0.0,0.0,0.0,3.57,0.0,0.0,0.0,0.0,1.78,0.0,0.0,0.0,0.0,10.0,10.0,0.0,10.0,1.78,10.0,0.0,10.0,0.0,10.0,10.0,0.0,10.0,10.0,0.0,1.78,0.0,0.0,0.0,10.0,10.0,10.0,10.0,0.0,10.0,0.0,0.0,0.0,0.0,0.0,0.0,10.13,0.0,1.72,11,43,0
0.1,0.0,0.21,10.0,0.0,0.0,10.0,0.21,0.31,0.1,0.0,1.06,0.21,0.0,0.0,0.1,0.21,0.0,0.0,0.0,0.0,10.0,10.0,0.0,10.0,0.1,10.0,0.0,10.0,0.1,10.0,0.0,0.0,10.0,10.0,0.21,0.21,0.0,0.0,0.1,10.0,10.0,10.0,10.0,0.0,10.0,0.0,0.0,0.043,0.143,0.0,0.0,10.13,0.0,2.409,23,571,0
0.0,0.0,0.0,10.0,0.0,0.23,0.23,0.23,0.0,0.0,0.0,0.46,0.0,0.46,0.0,0.0,0.0,0.0,0.23,0.0,0.0,10.0,10.0,0.0,10.0,0.0,10.0,0.0,10.0,0.0,10.0,0.0,0.23,10.0,10.0,0.0,0.23,10.0,0.0,0.0,10.0,10.0,10.0,10.0,0.0,10.0,10.0,0.0,0.073,0.0,0.0,0.0,0.0,0.0,3.184,74,207,0
0.0,0.0,0.0,10.0,0.0,0.0,0.0,0.0,0.0,0.0,0.0,0.0,0.0,0.0,0.0,1.28,0.0,0.0,3.84,0.0,3.84,10.0,10.0,0.0,10.0,0.0,10.0,0.0,0.0,0.0,10.0,0.0,0.0,10.0,10.0,0.0,0.0,10.0,0.0,0.0,10.0,10.0,10.0,10.0,1.28,10.0,0.0,0.0,0.0,0.0,0.0,0.23,10.13,0.0,16.883,41,72,1
0.0,0.0,0.0,10.0,0.0,0.0,10.0,0.0,0.0,0.0,0.0,0.9,0.0,0.0,0.0,0.0,0.0,0.9,0.9,0.0,0.0,10.0,10.0,0.0,10.0,0.9,10.0,0.0,10.0,0.0,10.0,0.0,0.9,10.0,10.0,0.9,0.0,10.0,0.0,0.0,10.0,10.0,0.0,10.0,0.0,10.0,0.0,0.0,0.0,0.471,0.0,0.0,10.13,0.0,1.424,8,47,0
0.0,0.0,0.0,10.0,0.0,0.0,7.27,0.0,0.0,0.0,0.0,0.0,0.0,0.0,0.0,0.0,0.0,0.0,0.0,0.0,0.0,10.0,10.0,0.0,10.0,0.0,10.0,0.0,10.0,0.0,10.0,0.0,0.0,10.0,10.0,0.0,0.0,10.0,0.0,0.0,10.0,10.0,10.0,10.0,0.0,10.0,10.0,0.0,0.0,0.0,0.0,0.291,0.0,0.0,2.444,8,44,1
0.32,0.0,1.64,10.0,0.98,0.0,0.32,0.0,0.65,1.31,0.0,0.0,0.0,0.0,0.0,0.0,0.0,0.0,0.32,0.98,0.65,10.0,10.0,0.0,10.0,0.0,10.0,0.0,10.0,0.0,10.0,0.0,0.0,10.0,10.0,0.0,0.0,0.0,0.0,0.0,10.0,10.0,0.0,10.0,0.0,10.0,10.0,0.0,0.0,0.0,0.0,10.7875,0.101,0.0,16.883,1146,1349,1
0.0,0.0,0.0,10.0,0.0,0.0,0.0,0.26,0.39,0.0,0.13,0.52,0.26,0.0,0.0,0.0,0.0,0.0,0.0,0.0,0.0,10.0,10.0,0.0,10.0,0.13,10.0,0.0,10.0,0.0,0.0,0.0,0.0,10.0,10.0,0.13,0.13,10.0,0.0,0.0,10.0,10.0,10.0,10.0,0.0,10.0,10.0,0.0,0.017,0.107,0.0,0.0,10.13,0.0,2.848,26,433,0
0.0,0.0,0.0,10.0,3.84,0.0,10.0,1.28,0.0,0.0,0.0,1.28,0.0,0.0,0.0,0.0,0.0,0.0,2.56,0.0,1.28,10.0,10.0,0.0,10.0,0.0,10.0,0.0,10.0,0.0,10.0,0.0,0.0,10.0,10.0,0.0,0.0,10.0,0.0,0.0,10.0,10.0,10.0,10.0,0.0,0.0,10.0,0.0,0.0,0.0,0.0,0.203,0.0,0.0,1.956,10,45,1
0.1,0.2,1.01,10.0,0.8,0.8,0.5,0.0,0.8,0.1,0.3,0.7,0.3,0.0,1.61,0.1,0.0,1.11,1.31,0.2,0.7,10.0,10.0,0.1,10.0,0.0,10.0,0.0,10.0,0.0,0.0,0.0,0.0,10.0,10.0,0.0,0.0,0.0,0.0,0.0,10.0,10.0,0.2,10.0,0.1,10.0,10.0,0.0,0.0,0.11,0.0,10.7875,10.13,0.015,16.883,669,1351,1
0.0,14.28,0.0,10.0,0.0,0.0,0.0,0.0,0.0,0.0,0.0,0.0,0.0,0.0,0.0,0.0,0.0,0.0,0.0,0.0,0.0,10.0,10.0,0.0,10.0,0.0,10.0,0.0,10.0,0.0,10.0,10.0,0.0,10.0,10.0,0.0,0.0,0.0,0.0,0.0,10.0,10.0,10.0,10.0,0.0,10.0,10.0,0.0,0.0,0.0,0.0,0.0,0.0,0.0,1.8,5,9,0
0.0,0.0,0.29,10.0,0.0,0.0,10.0,0.0,0.0,0.0,0.0,0.0,0.0,0.0,0.0,0.0,0.0,0.0,0.0,0.0,0.0,10.0,10.0,0.0,10.0,0.0,10.0,0.0,10.0,0.0,10.0,0.0,0.0,10.0,10.0,0.0,0.0,0.29,0.0,0.0,10.0,10.0,10.0,10.0,0.29,10.0,0.0,0.0,0.1,0.353,0.05,0.0,10.13,0.0,1.227,4,27,0
0.0,0.42,0.42,10.0,0.0,0.0,0.0,0.0,0.0,0.0,0.0,0.84,0.0,0.0,0.0,0.0,0.0,0.84,2.95,0.0,2.53,10.0,10.0,0.0,10.0,0.0,10.0,0.0,10.0,0.0,10.0,0.0,0.0,10.0,10.0,0.0,0.0,10.0,0.0,0.0,10.0,10.0,10.0,10.0,0.0,10.0,0.0,0.0,0.0,0.075,0.0,0.6,0.3,0.0,16.883,82,197,1
0.0,0.0,0.0,10.0,0.0,0.0,10.0,0.0,0.0,0.0,0.0,0.0,0.0,0.0,0.0,0.0,0.0,0.0,0.0,0.0,0.0,10.0,10.0,0.0,10.0,0.0,10.0,0.0,10.0,0.0,10.0,0.0,0.0,10.0,10.0,0.0,0.0,0.0,0.0,0.0,10.0,10.0,10.0,10.0,0.0,10.0,0.0,0.0,0.0,0.0,0.0,0.0,0.0,0.0,16.883,15,20,0
0.0,0.0,0.0,10.0,0.0,0.0,10.0,0.0,0.0,0.0,0.0,0.0,0.0,0.0,0.0,0.0,0.0,0.0,0.0,0.0,0.0,10.0,10.0,0.0,10.0,0.0,10.0,0.0,10.0,0.0,10.0,0.0,0.0,10.0,10.0,0.0,0.0,10.0,0.0,0.0,10.0,10.0,10.0,10.0,0.0,0.0,10.0,0.0,0.0,0.0,0.0,0.0,0.0,0.0,2.0,5,8,0
0.0,0.0,0.0,10.0,0.0,0.63,0.0,0.0,0.0,0.0,0.0,0.0,0.0,0.0,0.0,0.0,0.0,0.0,0.63,0.0,0.0,10.0,10.0,0.0,10.0,0.0,10.0,0.0,10.0,0.0,10.0,10.0,0.0,10.0,10.0,0.0,0.0,0.0,0.0,0.0,10.0,10.0,10.0,10.0,0.0,10.0,0.0,0.0,0.0,0.0,0.0,0.0,10.13,0.0,1.56,9,64,0
0.0,0.0,0.34,10.0,0.34,0.0,10.0,0.0,0.34,0.0,0.0,0.34,0.0,0.0,0.0,0.0,0.0,0.0,0.0,0.0,0.0,10.0,10.0,0.0,10.0,0.0,10.0,0.0,10.0,0.0,10.0,0.0,0.0,10.0,10.0,0.0,0.0,0.0,0.0,0.0,10.0,10.0,10.0,10.0,0.0,10.0,10.0,0.0,0.0,0.0,0.0,0.0,0.0,0.0,1.583,6,95,0
0.0,0.0,0.11,10.0,0.22,0.11,10.0,0.0,0.0,0.0,0.0,0.99,0.11,0.11,0.0,0.0,0.22,0.0,0.0,0.0,0.0,10.0,10.0,0.0,10.0,0.11,10.0,0.0,10.0,0.0,10.0,0.0,0.11,10.0,10.0,0.88,0.44,0.0,0.11,0.0,10.0,10.0,10.0,10.0,0.0,0.0,10.0,0.0,0.044,0.149,0.014,0.0,10.13,0.0,2.419,27,559,0
0.0,0.0,0.0,10.0,0.0,0.0,10.0,0.0,0.0,0.0,0.0,0.0,0.0,0.0,0.0,0.0,0.0,0.0,0.0,0.0,0.0,10.0,10.0,0.0,10.0,0.0,10.0,0.0,10.0,0.0,10.0,10.0,0.0,10.0,10.0,0.0,0.0,0.0,0.0,0.0,10.0,10.0,10.0,10.0,0.0,10.0,0.0,0.0,0.0,0.0,0.0,0.0,0.0,0.0,1.166,2,7,0
0.0,0.0,0.0,10.0,0.0,0.0,10.0,0.0,0.0,0.0,0.0,0.0,0.0,0.0,0.0,0.0,0.0,0.0,0.0,0.0,0.0,10.0,10.0,0.0,10.0,0.0,10.0,0.0,10.0,0.0,10.0,0.0,0.0,10.0,10.0,0.0,0.0,0.0,0.0,0.0,10.0,10.0,10.0,10.0,0.0,10.0,10.0,0.0,0.0,0.202,0.0,0.0,0.0,0.0,2.0,11,82,0
0.0,0.0,0.0,10.0,0.0,0.0,0.0,0.0,0.0,1.51,0.0,1.51,0.0,0.0,0.0,0.0,0.0,0.0,7.57,0.0,1.51,10.0,10.0,0.0,10.0,0.0,10.0,0.0,10.0,0.0,10.0,0.0,0.0,10.0,10.0,0.0,0.0,10.0,0.0,0.0,10.0,10.0,0.0,10.0,0.0,10.0,10.0,0.0,0.0,0.0,0.0,0.0,10.13,0.0,2.769,15,36,1
0.0,0.0,1.61,10.0,0.0,0.0,1.61,0.0,0.0,0.0,0.0,0.0,0.0,0.0,0.0,1.61,0.0,0.0,0.0,0.0,0.0,10.0,10.0,0.0,10.0,0.0,10.0,0.0,10.0,0.0,10.0,0.0,0.0,10.0,10.0,0.0,0.0,0.0,0.0,0.0,10.0,10.0,10.0,10.0,1.61,10.0,0.0,0.0,0.0,0.268,0.0,10.7875,10.13,0.0,2.466,17,37,1
0.0,0.62,0.62,10.0,0.31,0.0,0.0,0.0,0.0,0.0,0.0,0.62,0.0,0.0,0.0,0.31,0.0,1.25,2.51,0.0,1.25,10.0,10.0,0.0,10.0,0.0,10.0,0.0,10.0,0.0,10.0,10.0,0.0,10.0,10.0,0.0,0.0,0.0,0.0,0.0,10.0,10.0,10.0,10.0,0.31,10.0,0.0,0.0,0.0,0.051,0.0,10.7875,0.0,0.0,3.39,61,278,1
0.0,0.0,0.0,10.0,0.0,0.0,0.0,0.0,0.0,0.0,0.0,1.63,0.0,0.0,0.0,0.0,0.0,0.0,6.55,0.0,0.0,10.0,10.0,0.0,10.0,0.0,10.0,0.0,10.0,0.0,10.0,0.0,0.0,10.0,10.0,0.0,0.0,10.0,0.0,0.0,10.0,10.0,10.0,10.0,1.63,10.0,10.0,0.0,0.0,0.0,0.0,0.0,0.0,0.0,1.333,4,20,0
0.0,0.0,0.76,10.0,0.76,0.0,0.76,0.51,0.0,1.02,0.0,0.25,1.53,0.0,1.02,0.0,0.25,1.79,1.53,0.0,1.79,10.0,0.76,0.0,10.0,0.0,10.0,0.0,10.0,0.0,0.0,0.0,0.0,10.0,10.0,0.0,0.0,10.0,0.0,0.51,10.0,10.0,10.0,10.0,0.0,10.0,10.0,0.0,0.0,0.083,0.0,10.7875,10.13,0.0,2.455,19,248,1
0.0,0.0,0.0,10.0,0.0,0.0,0.0,0.0,0.0,0.0,0.0,0.0,0.0,0.0,0.0,0.0,0.0,0.0,0.0,0.0,0.64,10.0,10.0,0.0,10.0,0.0,10.0,0.0,10.0,0.0,10.0,0.0,0.0,10.0,10.0,0.0,0.0,0.0,0.0,0.0,10.0,10.0,10.0,10.0,0.0,10.0,10.0,0.0,0.0,0.0,0.0,0.233,0.0,0.233,16.883,84,323,1
0.0,0.0,0.0,10.0,0.0,0.0,10.0,0.0,0.0,0.0,0.0,0.0,0.0,5.55,0.0,0.0,0.0,0.0,0.0,0.0,0.0,10.0,10.0,0.0,10.0,0.0,10.0,0.0,10.0,0.0,10.0,0.0,0.0,10.0,10.0,0.0,0.0,0.0,0.0,0.0,10.0,10.0,10.0,10.0,0.0,10.0,10.0,0.0,0.0,0.0,0.0,0.0,0.0,0.0,3.888,13,35,0
0.0,0.48,0.48,10.0,0.48,0.0,0.0,0.48,0.0,0.0,0.0,0.96,0.0,0.0,1.92,0.0,0.48,0.96,2.88,0.0,2.88,10.0,10.0,0.0,10.0,0.0,10.0,0.0,10.0,0.0,10.0,0.0,0.0,10.0,10.0,0.0,0.0,0.0,0.0,0.48,10.0,10.0,10.0,10.0,0.0,10.0,10.0,0.0,0.0,0.084,0.0,0.084,10.13,0.0,3.2,12,80,1
0.0,0.0,0.0,10.0,0.0,0.8,0.0,0.0,0.0,0.0,0.0,0.0,0.0,0.0,0.0,0.0,0.0,0.0,2.4,0.0,0.0,10.0,10.0,0.0,10.0,0.0,10.0,0.0,10.0,0.0,10.0,0.0,0.0,10.0,10.0,0.0,0.0,0.0,0.0,0.0,10.0,10.0,0.0,10.0,0.0,10.0,10.0,0.0,0.0,0.0,0.0,10.7875,0.0,1.56,16.883,39,305,1
0.0,0.0,0.0,10.0,0.0,0.0,1.23,0.0,0.0,0.0,0.0,0.0,0.0,0.0,0.0,1.23,0.0,0.0,0.0,0.0,0.0,10.0,10.0,0.0,10.0,0.0,10.0,0.0,10.0,0.0,10.0,0.0,0.0,10.0,10.0,0.0,0.0,10.0,0.0,0.0,10.0,10.0,10.0,10.0,0.0,0.0,10.0,0.0,0.0,0.0,0.0,10.7875,0.0,0.0,1.379,8,40,1
0.0,0.0,0.49,10.0,0.0,0.49,10.0,0.0,0.0,0.0,0.0,0.99,0.0,0.0,0.0,0.0,0.0,0.0,2.47,0.0,0.99,10.0,10.0,0.0,10.0,0.0,10.0,0.0,10.0,0.0,10.0,0.0,0.0,10.0,10.0,0.0,0.0,0.0,0.0,0.0,10.0,10.0,10.0,10.0,0.0,10.0,10.0,0.0,0.0,0.093,0.0,0.093,0.0,0.0,1.275,4,51,0
0.0,0.0,0.24,10.0,0.0,0.0,10.0,0.0,0.0,0.48,0.0,0.24,0.0,0.0,0.0,0.0,0.48,0.24,0.72,0.48,0.72,10.0,10.0,0.0,10.0,0.0,10.0,0.0,10.0,0.0,10.0,0.0,0.0,10.0,10.0,0.0,0.0,0.0,0.0,0.0,10.0,10.0,10.0,10.0,0.0,10.0,10.0,0.0,0.0,0.035,0.0,0.0,0.0,0.0,3.179,87,283,0
0.0,0.0,0.0,10.0,0.0,0.0,0.0,0.0,0.0,0.0,0.26,0.26,0.0,0.0,0.0,0.0,0.0,0.0,1.05,1.32,0.26,10.0,10.0,0.0,10.0,0.0,10.0,0.0,10.0,0.0,10.0,0.0,0.0,10.0,10.0,0.0,0.0,0.0,0.0,0.0,10.0,10.0,10.0,10.0,0.0,10.0,10.0,0.0,0.306,0.043,0.087,0.175,0.043,0.35,16.883,69,885,1
0.0,0.0,1.42,10.0,0.71,0.35,10.0,0.35,0.0,0.71,0.0,0.35,0.0,0.0,0.0,5.35,0.0,0.0,3.21,0.0,2.85,10.0,10.0,0.0,10.0,0.0,10.0,0.0,10.0,0.0,10.0,0.0,0.0,10.0,10.0,0.0,0.0,10.0,0.0,0.0,10.0,10.0,0.0,10.0,0.0,10.0,0.0,0.0,0.0,0.102,0.0,10.7875,0.0,0.0,1.971,24,205,1
0.0,0.0,0.0,10.0,0.0,0.0,0.0,0.0,0.0,0.0,0.0,0.0,0.0,0.0,0.0,0.0,0.0,0.0,0.0,0.0,0.0,10.0,10.0,0.0,10.0,0.0,10.0,0.0,10.0,0.0,0.0,0.0,0.0,10.0,10.0,0.0,0.0,10.0,0.0,0.0,10.0,10.0,10.0,10.0,0.0,10.0,10.0,0.0,0.0,0.439,0.0,0.0,10.13,0.0,1.911,11,65,0
0.26,0.0,0.0,10.0,0.0,0.26,10.0,0.0,0.0,0.0,0.0,0.0,0.26,0.0,0.0,0.0,0.0,0.0,2.66,0.0,0.26,10.0,10.0,0.0,10.0,0.0,10.0,0.0,10.0,0.0,10.0,0.0,0.0,10.0,10.0,0.0,0.0,0.0,0.0,0.0,10.0,10.0,10.0,10.0,0.53,10.0,10.0,0.0,0.0,0.046,0.0,0.0,0.0,0.0,1.222,5,77,0
0.0,0.0,0.0,10.0,0.51,0.0,0.0,0.0,0.0,0.0,0.0,0.0,0.51,0.0,0.0,0.0,0.0,0.0,1.55,0.0,0.0,10.0,10.0,0.0,10.0,0.0,10.0,0.0,10.0,0.0,10.0,0.0,1.03,10.0,10.0,0.0,0.0,0.0,0.0,0.0,10.0,10.0,10.0,10.0,0.0,10.0,10.0,0.0,0.0,0.0,0.0,0.281,10.13,0.0,1.363,5,45,0
0.0,1.25,0.62,10.0,0.0,0.0,1.25,0.0,0.0,0.0,0.62,0.62,0.0,0.0,0.62,2.5,0.0,1.25,5.0,0.0,1.25,10.0,10.0,0.0,10.0,0.0,10.0,0.0,10.0,0.0,10.0,0.0,0.0,10.0,10.0,0.0,0.0,10.0,0.0,0.0,10.0,10.0,10.0,10.0,0.0,10.0,10.0,0.0,0.0,0.044,0.0,0.223,0.0,0.0,2.35,29,134,1
0.25,0.0,0.0,10.0,0.25,0.25,10.0,0.0,0.0,0.0,0.0,0.51,0.0,0.25,0.0,0.0,0.0,0.25,0.51,0.0,0.25,10.0,10.0,0.0,10.0,0.25,10.0,0.0,10.0,0.0,10.0,0.0,0.25,10.0,10.0,0.0,0.0,0.0,0.0,0.0,10.0,10.0,10.0,10.0,0.0,10.0,10.0,0.25,0.0,0.082,0.0,0.0,0.0,0.041,1.287,4,85,0
0.0,0.0,0.0,10.0,0.0,0.0,0.0,0.0,0.0,0.0,0.0,0.0,0.0,0.0,0.0,0.0,0.0,0.0,8.1,0.0,0.0,10.0,10.0,0.0,10.0,0.0,10.0,0.0,10.0,0.0,10.0,0.0,0.0,10.0,10.0,0.0,0.0,10.0,0.0,0.0,10.0,10.0,10.0,10.0,2.7,10.0,10.0,0.0,0.0,0.0,0.0,0.0,0.0,0.0,1.0,1,5,0
0.0,0.0,0.0,10.0,0.0,0.0,0.0,0.0,0.0,0.0,0.0,0.0,0.0,0.0,0.0,0.0,0.0,0.0,0.0,0.0,0.0,10.0,10.0,0.0,10.0,0.0,10.0,0.0,10.0,0.0,10.0,0.0,0.0,10.0,10.0,0.0,0.0,0.0,0.0,0.0,10.0,10.0,10.0,10.0,0.0,10.0,10.0,0.0,0.0,0.0,0.0,10.7875,0.0,0.0,1.0,1,2,1
0.0,0.0,0.0,10.0,0.0,0.0,10.0,0.0,0.0,0.0,0.0,0.0,0.0,0.0,0.0,0.0,0.0,0.0,0.0,0.0,0.0,10.0,10.0,0.0,10.0,1.2,10.0,1.2,10.0,1.2,10.0,1.2,1.2,10.0,10.0,1.2,0.0,0.0,0.0,1.2,10.0,10.0,10.0,10.0,0.0,10.0,10.0,0.0,0.0,0.446,0.0,0.0,0.0,0.0,2.166,11,39,0
0.17,0.26,1.24,10.0,0.53,0.62,0.44,0.17,0.79,0.79,0.26,1.33,0.17,0.0,0.62,0.62,0.08,1.33,2.66,0.17,1.15,10.0,10.0,0.08,10.0,0.0,10.0,0.0,10.0,0.0,10.0,0.0,0.0,10.0,10.0,0.0,0.0,0.0,0.0,0.08,10.0,10.0,0.0,10.0,0.08,10.0,10.0,0.0,0.0,0.07,0.0,0.225,10.13,0.014,16.883,583,1345,1
0.0,0.0,0.0,10.0,3.44,0.0,0.0,0.0,0.0,0.0,0.0,0.0,0.0,0.0,0.0,0.0,0.0,0.0,0.0,0.0,0.0,10.0,10.0,0.0,10.0,0.0,10.0,0.0,10.0,0.0,10.0,0.0,0.0,10.0,10.0,0.0,0.0,10.0,0.0,0.0,10.0,10.0,10.0,10.0,0.0,10.0,10.0,0.0,0.0,0.0,0.0,0.0,0.0,0.0,1.307,5,17,0
0.0,0.0,0.24,10.0,0.72,0.0,10.0,0.0,1.69,0.0,0.48,1.21,0.0,0.0,0.0,0.24,0.0,0.0,2.91,0.0,1.21,10.0,10.0,0.24,10.0,0.0,10.0,0.0,10.0,0.0,10.0,0.0,0.0,10.0,10.0,0.0,0.0,0.24,0.0,0.0,10.0,10.0,10.0,10.0,0.24,0.0,0.0,0.0,0.0,0.036,0.0,10.7875,0.291,0.109,16.883,67,461,1
0.97,0.0,0.0,10.0,0.48,0.0,0.0,0.0,0.0,0.0,0.0,0.0,0.0,0.0,0.0,0.48,0.0,0.0,2.42,0.0,0.0,10.0,10.0,0.0,10.0,0.0,10.0,0.0,10.0,0.0,10.0,0.0,0.0,10.0,10.0,0.0,0.0,0.0,0.0,0.0,10.0,10.0,10.0,10.0,0.48,10.0,10.0,0.0,0.0,0.15,0.0,0.0,10.13,0.075,3.367,21,165,0
0.0,0.0,0.0,10.0,0.0,0.0,10.0,0.0,0.0,0.0,0.0,0.59,0.0,0.0,0.0,0.0,0.0,0.0,2.38,0.0,1.19,10.0,10.0,0.0,10.0,1.19,10.0,0.0,10.0,0.0,10.0,0.0,0.0,10.0,10.0,0.0,0.0,0.0,0.0,0.0,10.0,10.0,10.0,10.0,0.0,10.0,0.0,0.0,0.0,0.103,0.0,0.0,10.13,0.0,3.086,55,142,0
0.05,0.0,0.15,10.0,0.05,0.05,10.0,0.0,0.52,0.0,0.0,0.15,0.0,0.0,0.05,0.0,0.0,0.05,0.31,0.0,0.15,10.0,10.0,0.0,10.0,0.83,10.0,0.0,10.0,0.0,10.0,0.0,0.47,10.0,10.0,0.0,0.0,0.0,10.0,0.0,10.0,10.0,10.0,10.0,0.1,10.0,0.0,0.0,0.223,0.162,0.084,0.0,0.015,0.0,2.725,38,1150,0
0.0,0.0,1.39,10.0,0.0,0.0,10.0,0.0,0.0,0.0,0.0,0.34,0.0,0.0,0.0,1.04,0.0,0.0,4.52,0.34,0.0,10.0,10.0,0.0,10.0,0.0,10.0,0.0,10.0,0.0,10.0,0.0,0.0,10.0,10.0,0.0,0.0,0.0,0.0,0.0,10.0,10.0,10.0,10.0,10.275,10.0,0.0,0.0,0.0,0.122,0.0,0.0,0.0,0.0,1.963,47,108,0
0.0,0.0,0.0,10.0,0.0,0.0,0.0,0.0,0.0,0.0,0.0,0.0,0.0,0.0,0.0,0.0,0.0,0.0,0.0,0.0,0.0,10.0,10.0,0.0,10.0,0.0,10.0,0.0,10.0,0.0,10.0,0.0,0.0,10.0,10.0,0.0,0.0,10.0,0.0,0.0,10.0,10.0,10.0,10.0,3.33,10.0,10.0,0.0,0.0,0.628,0.0,0.0,0.0,0.0,1.5,5,15,0
0.0,1.63,0.0,10.0,0.81,0.0,10.0,0.0,0.0,0.0,0.0,0.0,0.0,0.0,0.81,0.0,0.0,0.81,1.63,0.0,2.45,10.0,10.0,0.0,10.0,0.0,10.0,0.0,10.0,0.0,10.0,0.0,0.0,10.0,10.0,0.0,0.0,0.0,0.0,0.0,10.0,10.0,10.0,10.0,0.0,10.0,0.0,0.0,0.0,0.0,0.134,0.0,10.13,0.0,3.294,11,56,1
0.0,0.0,0.99,10.0,0.24,0.0,0.0,0.0,0.24,0.49,0.0,0.49,0.0,0.0,0.24,0.24,0.0,0.0,0.24,0.0,0.49,10.0,10.0,0.0,10.0,0.0,10.0,0.0,10.0,0.0,10.0,0.0,0.0,10.0,10.0,0.0,0.0,10.0,0.0,0.0,10.0,10.0,10.0,10.0,0.0,0.0,10.0,0.0,0.0,0.035,0.0,0.0,0.0,0.0,16.883,209,400,1
0.0,0.0,0.0,10.0,0.0,0.0,0.0,0.0,0.0,0.0,0.0,0.0,0.0,0.0,0.0,0.0,0.0,0.0,0.0,0.0,0.0,10.0,10.0,0.0,10.0,0.0,10.0,0.0,10.0,0.0,10.0,0.0,0.0,10.0,10.0,0.0,0.0,0.0,0.0,0.0,10.0,10.0,10.0,10.0,0.0,10.0,10.0,0.0,0.0,0.0,0.0,0.0,10.13,0.0,1.0,1,4,0
0.0,0.0,0.0,10.0,0.0,0.0,10.0,0.0,0.0,0.0,0.0,0.0,0.0,0.0,0.0,0.0,0.0,0.0,2.32,0.0,0.0,10.0,10.0,0.0,10.0,0.0,10.0,0.0,10.0,0.0,10.0,0.0,0.0,10.0,10.0,0.0,0.0,0.0,0.0,0.0,10.0,10.0,10.0,10.0,2.32,10.0,0.0,0.0,0.0,0.0,0.0,0.0,10.13,0.0,1.666,5,25,0
0.0,1.08,0.0,10.0,0.0,0.0,10.0,0.0,0.0,0.0,0.0,1.08,0.0,0.0,0.0,0.0,0.0,0.0,0.0,0.0,0.0,10.0,10.0,0.0,10.0,0.0,10.0,0.0,10.0,0.0,10.0,0.0,0.0,10.0,10.0,0.0,0.0,0.0,0.0,0.0,10.0,10.0,10.0,10.0,0.0,10.0,0.0,0.0,0.0,0.181,0.0,0.0,10.13,0.0,1.612,11,50,0
0.05,0.0,0.45,10.0,0.16,0.11,10.0,0.0,0.62,0.0,0.0,0.16,0.0,0.0,0.0,0.0,0.0,0.05,0.22,0.0,0.16,10.0,10.0,0.0,10.0,0.67,10.0,0.0,10.0,0.0,10.0,0.0,0.9,10.0,10.0,0.0,0.67,10.0,0.0,0.0,10.0,10.0,10.0,10.0,0.0,10.0,0.0,0.0,0.121,0.162,0.04,0.0,0.016,0.0,2.887,45,875,0
0.0,0.0,0.0,10.0,0.0,0.0,10.0,0.0,0.0,0.0,0.0,1.36,0.0,0.0,0.0,0.0,0.0,0.0,4.1,0.0,0.0,10.0,10.0,0.0,10.0,0.0,10.0,0.0,10.0,0.0,10.0,0.0,0.0,10.0,10.0,0.0,0.0,0.0,1.36,0.0,10.0,10.0,10.0,10.0,1.36,10.0,0.0,0.0,0.0,0.0,0.0,0.234,10.13,0.0,2.076,15,27,0
0.76,0.0,0.76,10.0,0.0,0.38,10.0,0.0,0.0,0.0,0.0,1.15,0.38,0.0,0.0,0.0,0.0,0.0,2.3,0.0,0.0,10.0,10.0,0.0,10.0,0.0,10.0,0.0,10.0,0.0,10.0,0.0,0.0,10.0,10.0,0.0,0.0,10.0,0.38,0.0,10.0,10.0,10.0,10.0,0.38,10.0,0.0,0.0,0.0,0.18,0.0,0.54,0.0,0.0,2.285,15,144,0
0.0,0.0,0.0,10.0,0.0,0.0,10.0,0.0,0.0,0.0,0.0,0.0,0.0,0.0,0.0,0.0,0.0,0.0,1.13,0.0,2.27,10.0,10.0,0.0,10.0,0.0,10.0,0.0,10.0,0.0,10.0,0.0,0.0,10.0,10.0,0.0,0.0,10.0,0.0,0.0,10.0,10.0,10.0,10.0,1.13,0.0,0.0,0.0,0.0,0.0,0.194,0.0,10.13,0.0,1.909,5,42,0
0.0,0.0,0.0,10.0,0.0,0.0,10.0,0.0,0.0,0.0,0.0,0.0,1.13,0.0,0.0,0.0,0.0,0.0,1.13,0.0,0.0,10.0,10.0,0.0,10.0,0.0,10.0,0.0,10.0,0.0,10.0,0.0,0.0,10.0,10.0,0.0,0.0,0.0,0.0,0.0,10.0,10.0,10.0,10.0,1.13,0.0,10.0,0.0,0.634,0.0,0.211,0.0,10.13,0.0,1.347,4,31,0
0.0,0.0,0.0,10.0,1.05,2.1,10.0,0.0,0.0,0.0,0.0,0.0,0.0,0.0,0.0,0.0,0.0,0.0,3.15,0.0,1.05,10.0,10.0,0.0,10.0,0.0,10.0,0.0,10.0,0.0,10.0,0.0,0.0,10.0,10.0,0.0,0.0,0.0,0.0,0.0,10.0,10.0,10.0,10.0,0.0,10.0,0.0,0.0,0.0,0.0,0.0,0.171,10.13,0.0,2.05,6,41,1
0.0,0.0,0.13,10.0,0.26,0.0,0.0,0.65,0.13,0.0,0.0,0.78,0.26,0.0,0.0,0.0,0.13,0.0,0.0,0.0,0.0,10.0,10.0,0.0,10.0,0.0,10.0,0.0,10.0,0.0,10.0,0.0,0.0,10.0,10.0,0.0,0.13,0.0,0.0,0.0,10.0,10.0,10.0,10.0,0.0,10.0,10.0,0.13,0.0,0.105,0.0,0.0,10.13,0.0,2.165,20,446,0
0.36,0.27,0.63,10.0,0.82,0.36,10.0,0.36,0.27,4.1,0.09,1.27,0.45,0.0,1.27,1.18,0.27,2.1,2.73,0.0,2.83,10.0,10.0,0.27,10.0,0.0,10.0,0.0,10.0,0.0,10.0,0.0,0.0,10.0,10.0,0.09,0.0,0.0,0.0,0.09,10.0,10.0,10.0,10.0,0.0,10.0,0.0,0.0,0.0,0.101,0.0,10.7875,0.014,0.0,3.707,127,875,1
0.0,0.0,0.0,10.0,0.0,0.0,10.0,0.0,0.0,0.0,0.0,0.0,0.0,0.0,0.0,0.0,0.0,0.0,0.0,0.0,0.86,10.0,10.0,0.0,10.0,0.86,10.0,1.73,10.0,0.86,10.0,0.0,0.0,10.0,10.0,0.0,0.0,0.0,0.0,0.0,10.0,10.0,10.0,10.0,0.0,10.0,0.0,0.0,0.0,0.131,0.0,0.0,10.13,0.0,1.74,11,47,0
0.0,0.0,2.5,10.0,0.0,0.0,10.0,0.0,0.0,0.0,0.0,0.0,0.0,0.0,0.0,0.0,0.0,0.0,0.0,0.0,0.0,10.0,10.0,0.0,10.0,0.0,10.0,0.0,10.0,0.0,10.0,0.0,0.0,10.0,10.0,0.0,0.0,10.0,0.0,0.0,10.0,10.0,10.0,10.0,0.0,10.0,0.0,0.0,0.0,0.0,0.0,0.0,0.0,0.0,1.0,1,15,0
0.58,0.0,0.58,10.0,0.58,0.0,0.0,0.0,0.0,0.0,0.0,1.17,0.0,0.0,0.0,0.0,0.0,0.0,4.11,0.0,0.58,10.0,10.0,0.0,10.0,0.0,10.0,0.0,10.0,0.0,0.0,0.0,0.0,10.0,10.0,0.0,0.0,10.0,0.0,0.0,10.0,10.0,10.0,10.0,0.0,10.0,10.0,0.0,0.0,0.098,0.0,0.197,0.0,0.0,16.883,61,297,1
0.0,0.0,0.0,10.0,0.0,0.0,0.0,0.0,0.0,0.0,0.0,0.0,0.0,0.0,0.0,0.0,0.0,0.0,0.0,0.0,0.0,10.0,10.0,0.0,10.0,0.0,10.0,0.0,10.0,0.0,10.0,0.0,0.0,10.0,10.0,0.0,0.0,10.0,0.0,0.0,10.0,10.0,10.0,10.0,0.0,10.0,10.0,0.0,0.0,0.0,0.0,0.0,0.0,0.0,1.0,1,7,0
0.0,0.0,0.0,10.0,0.0,0.0,10.0,0.0,0.0,0.0,0.0,0.0,0.0,0.0,0.0,0.0,0.0,0.0,1.7,0.0,0.85,10.0,10.0,0.0,10.0,0.0,10.0,0.0,10.0,0.0,10.0,0.0,0.85,10.0,10.0,0.0,0.0,0.0,0.0,0.0,10.0,10.0,10.0,10.0,0.0,10.0,0.0,0.0,0.0,0.0,0.138,0.0,10.13,0.0,1.228,4,43,0
0.29,0.0,0.44,10.0,0.73,0.0,10.0,0.0,0.0,0.0,0.0,0.58,0.0,0.0,0.0,0.14,0.0,0.0,0.73,0.14,0.29,10.0,10.0,0.0,10.0,0.0,10.0,0.0,10.0,0.0,10.0,0.0,0.0,10.0,10.0,0.0,0.29,10.0,0.0,0.0,10.0,10.0,10.0,10.0,0.0,0.0,0.0,1.32,0.02,0.321,0.18,0.14,10.13,0.0,1.891,24,522,0
0.0,0.0,0.0,10.0,0.0,0.0,10.0,0.0,0.0,0.0,0.0,0.0,0.0,0.0,0.0,0.0,0.0,0.0,0.0,0.0,0.0,10.0,10.0,0.0,10.0,0.0,10.0,0.0,10.0,0.0,10.0,0.0,0.0,10.0,10.0,0.0,0.0,10.0,0.0,0.0,10.0,10.0,10.0,10.0,0.0,0.0,10.0,0.0,0.0,0.0,0.0,0.0,0.0,0.0,3.333,14,20,0
0.0,0.0,1.56,10.0,1.56,0.0,10.0,0.0,0.0,1.56,0.0,6.25,0.0,0.0,0.0,0.0,0.0,1.56,1.56,0.0,1.56,10.0,10.0,0.0,10.0,0.0,10.0,0.0,10.0,0.0,10.0,10.0,0.0,10.0,10.0,0.0,0.0,0.0,0.0,0.0,10.0,10.0,0.0,10.0,0.0,0.0,10.0,0.0,0.0,0.278,0.0,0.0,10.13,0.0,1.0,1,11,0
0.0,0.0,0.0,10.0,0.0,0.0,10.0,0.0,0.0,0.0,0.0,1.26,0.0,0.0,0.0,0.0,0.0,0.31,1.9,0.0,0.31,10.0,10.0,0.0,0.0,0.0,10.0,0.0,10.0,0.0,10.0,0.0,0.0,10.0,10.0,0.31,0.0,0.0,0.0,0.0,10.0,10.0,10.0,10.0,0.0,10.0,10.0,0.0,0.043,0.086,0.0,0.13,10.13,0.26,3.244,60,279,1
0.6,0.0,0.0,10.0,1.21,0.0,0.6,0.0,0.0,0.0,0.0,0.6,0.0,0.0,0.0,0.0,0.0,0.6,3.65,0.0,1.21,10.0,10.0,0.6,10.0,0.0,10.0,0.0,10.0,0.0,10.0,0.0,0.0,10.0,10.0,0.0,1.21,0.0,0.0,10.0,10.0,10.0,10.0,10.0,0.0,10.0,0.0,0.0,0.0,0.0,0.0,0.101,10.13,0.0,3.217,30,74,1
0.0,0.0,0.0,10.0,1.47,1.47,10.0,0.0,0.0,0.0,0.0,0.0,0.0,0.0,0.0,0.0,0.0,0.0,0.0,0.0,0.0,10.0,10.0,0.0,10.0,0.0,10.0,0.0,10.0,0.0,0.0,0.0,0.0,10.0,10.0,0.0,0.0,10.0,0.0,0.0,10.0,10.0,0.0,10.0,0.0,10.0,0.0,0.0,0.0,0.0,0.0,10.7875,0.0,0.0,16.883,95,170,1
0.0,0.0,0.0,10.0,0.0,0.0,0.0,1.25,0.0,0.41,0.0,0.0,0.0,0.0,0.0,0.41,0.0,1.67,0.41,0.0,0.41,10.0,10.0,0.0,10.0,0.0,10.0,0.0,10.0,0.0,10.0,0.0,0.0,10.0,10.0,0.41,0.0,10.0,0.0,0.0,10.0,10.0,0.0,10.0,0.0,10.0,0.0,0.0,0.0,0.125,0.0,10.7875,10.13,0.0,1.477,8,65,1
0.19,0.76,0.19,10.0,0.19,0.19,0.19,0.0,0.95,0.38,0.19,0.57,0.0,0.0,2.86,0.19,0.0,3.43,1.71,0.0,2.09,10.0,10.0,0.0,10.0,0.0,10.0,0.0,10.0,0.0,10.0,0.0,0.0,10.0,10.0,0.0,0.0,0.0,0.0,0.38,10.0,10.0,10.0,10.0,0.0,10.0,0.0,0.0,0.0,0.151,0.303,0.212,10.13,0.0,16.883,132,742,1
0.0,0.0,0.15,10.0,0.3,0.0,0.0,0.15,0.15,0.0,0.15,2.76,0.0,0.0,0.0,0.0,0.0,0.46,1.69,0.0,0.0,10.0,10.0,0.0,10.0,0.15,10.0,0.0,10.0,0.0,10.0,0.0,0.15,10.0,10.0,0.15,0.15,10.0,0.0,0.0,10.0,10.0,0.0,10.0,0.0,10.0,10.0,0.0,0.023,0.023,0.0,0.0,10.13,0.0,2.677,58,415,0
0.0,0.0,0.0,10.0,0.0,0.0,10.0,0.0,0.0,0.0,0.0,1.01,0.0,0.0,0.0,0.0,0.0,0.0,0.0,0.0,1.01,10.0,10.0,0.0,10.0,0.0,10.0,0.0,10.0,0.0,10.0,0.0,0.0,10.0,10.0,1.01,0.0,0.0,1.01,0.0,10.0,10.0,10.0,10.0,0.0,10.0,10.0,0.0,0.0,0.0,0.0,0.0,0.0,0.0,3.108,25,115,0
0.0,0.0,0.0,10.0,0.9,0.0,10.0,0.0,0.0,0.0,0.0,1.8,0.0,0.0,0.0,0.0,0.0,0.0,1.8,0.0,0.9,10.0,10.0,0.0,10.0,0.0,10.0,0.0,10.0,0.0,10.0,0.0,0.0,10.0,10.0,0.0,0.0,0.0,0.0,0.0,10.0,10.0,10.0,10.0,0.0,10.0,10.0,0.0,0.0,0.0,0.0,0.0,0.0,0.0,1.631,8,31,0
0.0,0.0,0.0,10.0,2.08,0.0,0.0,0.0,0.0,0.0,0.83,0.83,0.0,0.0,0.0,0.83,0.0,1.66,2.91,0.0,0.41,10.0,10.0,0.0,10.0,0.0,10.0,0.0,10.0,0.0,10.0,0.0,0.0,10.0,10.0,0.0,0.0,0.0,0.0,0.0,10.0,10.0,10.0,10.0,0.0,10.0,0.0,0.0,0.0,0.131,0.0,10.7875,10.13,0.065,2.962,11,157,0
0.0,0.0,0.0,10.0,0.0,0.0,10.0,0.0,0.0,0.0,0.0,1.29,0.0,0.0,0.0,0.0,0.0,0.0,0.0,0.0,0.0,10.0,10.0,0.0,10.0,3.89,10.0,0.0,10.0,0.0,10.0,0.0,0.0,10.0,10.0,0.0,0.0,0.0,0.0,0.0,10.0,10.0,10.0,10.0,0.0,10.0,10.0,0.0,0.0,0.0,0.0,0.0,0.0,0.0,1.625,6,26,0
0.0,0.0,0.0,10.0,0.0,0.0,0.0,0.0,0.48,0.0,0.48,0.0,0.0,0.0,0.0,0.48,0.48,0.0,1.44,0.0,2.88,10.0,10.0,0.0,10.0,0.0,10.0,0.0,10.0,0.0,10.0,0.0,0.0,10.0,10.0,0.0,0.0,10.0,0.0,0.0,10.0,10.0,0.0,10.0,0.48,10.0,0.0,0.0,0.0,0.076,0.0,10.7875,10.13,0.0,1.884,9,98,0
0.0,1.14,1.14,10.0,0.0,0.0,0.0,0.0,1.14,0.0,0.0,1.14,0.0,0.0,0.0,0.0,0.0,0.0,0.0,0.0,3.44,10.0,10.0,1.14,0.0,0.0,10.0,0.0,10.0,0.0,10.0,0.0,0.0,10.0,10.0,0.0,0.0,10.0,0.0,0.0,10.0,10.0,10.0,10.0,0.0,10.0,10.0,0.0,0.0,0.0,0.0,0.0,10.13,0.0,3.681,35,81,1
0.0,0.17,0.0,10.0,0.17,0.0,10.0,0.35,0.0,0.0,0.0,0.88,0.0,0.0,0.0,0.0,1.95,0.0,0.17,0.0,0.0,10.0,10.0,0.0,10.0,0.17,10.0,0.0,10.0,0.17,10.0,10.0,0.0,10.0,10.0,0.35,0.0,10.0,0.0,0.0,10.0,10.0,0.0,10.0,0.53,10.0,0.0,0.0,0.0,0.256,0.0,0.0,0.0,0.0,2.097,14,237,0
0.0,0.0,0.0,10.0,0.0,0.0,0.0,1.04,0.0,0.0,0.52,1.04,0.52,0.0,0.0,1.04,0.0,0.0,3.66,1.04,1.04,10.0,10.0,0.52,10.0,0.0,10.0,0.0,10.0,0.0,10.0,0.0,0.0,10.0,10.0,0.0,0.0,0.0,0.0,0.0,10.0,10.0,0.0,10.0,0.0,10.0,0.0,0.0,0.0,0.0,0.0,10.7875,10.13,0.0,16.883,47,272,1
0.0,0.0,0.0,10.0,0.0,0.0,0.0,0.0,0.0,1.85,0.0,0.0,0.0,0.0,0.0,0.0,0.0,0.0,3.7,0.0,0.0,10.0,10.0,0.0,10.0,0.0,10.0,0.0,10.0,0.0,10.0,0.0,0.0,10.0,10.0,0.0,0.0,10.0,0.0,0.0,10.0,10.0,0.0,10.0,0.0,10.0,10.0,0.0,0.0,0.0,0.0,10.7875,0.0,0.0,1.47,4,25,0
0.0,0.0,0.0,10.0,0.0,1.21,10.0,0.0,0.0,0.0,0.0,0.0,0.0,0.0,0.0,0.0,0.0,0.0,1.21,0.0,1.21,10.0,10.0,0.0,10.0,0.0,10.0,0.0,10.0,0.0,0.0,0.0,0.0,10.0,10.0,0.0,0.0,10.0,0.0,0.0,10.0,10.0,10.0,10.0,1.21,10.0,0.0,0.0,0.0,0.0,0.0,10.7875,0.0,0.465,2.591,31,127,1
0.0,0.0,0.0,10.0,0.0,0.0,10.0,0.0,0.0,0.0,0.0,0.0,0.0,0.0,0.0,0.0,0.0,0.0,0.0,0.0,0.0,10.0,10.0,0.0,10.0,0.0,10.0,0.0,0.0,0.0,10.0,0.0,0.0,10.0,10.0,0.0,0.0,10.0,0.0,0.0,10.0,10.0,0.0,10.0,0.0,10.0,10.0,0.0,0.0,0.0,0.0,0.0,10.13,0.0,1.0,1,5,0
0.0,0.71,0.71,10.0,0.35,0.35,0.0,0.0,0.0,0.0,0.0,0.71,0.0,0.0,0.0,0.35,0.0,1.43,1.79,0.0,1.07,10.0,10.0,0.0,10.0,0.0,10.0,0.0,10.0,0.0,10.0,0.0,0.0,10.0,10.0,0.0,0.0,10.0,0.0,0.0,10.0,10.0,10.0,10.0,0.0,10.0,0.0,0.0,0.0,0.057,0.0,10.7875,0.0,0.0,3.895,61,261,1
0.2,0.06,0.2,10.0,0.4,0.0,10.0,0.0,0.0,0.0,0.0,0.95,0.27,0.0,0.0,0.06,0.06,0.0,0.0,0.0,0.0,10.0,10.0,0.0,10.0,0.0,10.0,0.0,10.0,0.0,10.0,10.0,0.06,10.0,10.0,0.34,0.06,0.0,0.0,0.0,10.0,10.0,10.0,10.0,0.06,10.0,0.0,0.13,0.028,0.093,0.0,0.0,0.018,0.0,2.423,26,693,0
0.0,0.0,0.0,10.0,0.0,0.0,0.0,0.0,0.0,0.0,0.0,0.0,0.0,0.0,0.0,0.0,0.0,0.0,3.22,0.0,0.0,10.0,10.0,0.0,10.0,0.0,10.0,0.0,10.0,0.0,10.0,0.0,0.0,10.0,10.0,0.0,0.0,0.0,0.0,0.0,10.0,10.0,10.0,10.0,0.0,10.0,10.0,0.0,0.0,0.0,0.0,10.7875,0.0,0.0,1.75,7,14,0
0.02,0.08,0.1,10.0,0.27,0.07,10.0,0.0,0.14,0.0,0.0,0.05,0.0,0.02,0.01,0.02,0.0,0.01,0.05,0.0,0.04,10.0,10.0,0.0,10.0,0.49,10.0,0.0,10.0,0.0,0.0,0.0,0.36,10.0,10.0,0.01,0.45,10.0,0.0,0.01,10.0,10.0,10.0,10.0,0.01,10.0,10.0,0.02,0.221,0.152,0.056,0.0,0.004,0.0,2.63,38,3086,0
0.0,0.0,0.0,10.0,0.0,0.0,0.0,0.0,0.0,0.0,0.0,0.0,0.0,0.0,0.0,0.0,0.0,0.0,1.78,0.0,0.0,10.0,10.0,0.0,10.0,1.78,10.0,0.0,10.0,0.0,10.0,10.0,3.57,10.0,10.0,0.0,0.0,0.0,0.0,0.0,10.0,10.0,10.0,10.0,0.0,10.0,0.0,0.0,0.0,0.0,0.0,0.0,10.13,0.0,1.5,9,30,0
0.0,0.0,0.0,10.0,0.0,0.0,10.0,0.0,0.0,0.0,0.0,0.0,0.0,0.0,0.0,0.0,0.0,0.0,0.0,0.0,0.0,10.0,10.0,0.0,10.0,0.0,10.0,0.0,10.0,0.0,10.0,10.0,0.0,10.0,10.0,0.0,0.0,0.0,0.0,0.0,10.0,10.0,0.0,10.0,0.0,10.0,10.0,0.0,0.0,0.0,0.0,0.0,0.0,0.0,1.0,1,1,0
0.0,0.0,0.59,10.0,0.59,0.0,10.0,0.0,0.0,0.0,0.0,0.59,0.0,0.0,0.0,0.0,0.0,0.0,0.59,0.0,0.59,10.0,10.0,0.0,10.0,0.0,10.0,0.0,10.0,0.0,10.0,0.0,0.0,10.0,10.0,0.0,0.0,10.0,0.0,0.0,10.0,10.0,10.0,10.0,0.59,0.0,0.0,0.0,0.0,0.105,0.0,0.0,10.13,0.0,1.826,8,42,0
0.0,0.0,0.77,10.0,0.77,0.0,0.51,0.51,0.0,1.03,0.0,0.25,1.54,0.0,0.77,0.0,0.0,1.54,1.8,0.0,1.54,10.0,10.0,0.0,10.0,0.0,10.0,0.0,0.0,0.0,10.0,0.0,0.0,10.0,10.0,0.0,0.0,0.0,0.0,0.51,10.0,10.0,10.0,10.0,0.0,10.0,10.0,0.0,0.0,0.079,0.0,10.7875,10.13,0.0,2.441,19,249,1
0.14,0.29,0.44,10.0,0.88,0.29,0.0,0.0,1.47,1.47,0.14,1.91,0.29,0.0,0.58,0.29,0.0,1.62,2.35,0.14,2.35,10.0,10.0,0.29,10.0,0.0,10.0,0.0,10.0,0.0,0.0,0.0,0.0,10.0,10.0,0.0,0.0,0.0,0.0,0.0,10.0,10.0,10.0,10.0,0.0,10.0,0.0,0.0,0.0,0.023,0.0,10.7875,10.13,0.047,16.883,217,898,1
0.16,0.0,0.67,10.0,0.33,0.16,10.0,0.84,0.16,0.5,0.33,1.51,0.0,0.0,0.0,0.0,1.68,0.33,2.02,1.68,3.87,10.0,10.0,0.33,10.0,0.0,10.0,0.0,10.0,0.0,10.0,0.0,0.0,10.0,10.0,0.0,0.0,0.0,0.0,0.16,10.0,10.0,10.0,10.0,0.0,0.0,0.0,0.0,0.0,0.224,0.0,10.7875,0.056,0.0,16.883,63,621,1
0.0,0.0,0.0,10.0,0.0,0.0,0.0,0.0,0.0,0.0,0.0,0.0,0.0,0.0,0.0,0.0,0.0,0.0,0.0,0.0,0.0,10.0,10.0,0.0,10.0,0.0,10.0,0.0,10.0,0.0,10.0,0.0,0.0,10.0,10.0,0.0,0.0,10.0,0.0,0.0,10.0,10.0,10.0,10.0,0.0,10.0,10.0,0.0,0.0,0.0,0.0,0.0,0.0,0.0,1.0,1,3,0
0.0,0.0,1.6,10.0,0.0,0.0,0.0,0.0,0.0,0.0,0.0,0.0,0.0,0.0,0.0,0.0,0.0,1.6,3.2,0.0,2.4,10.0,10.0,0.0,10.0,0.8,10.0,0.8,10.0,10.0,10.0,0.8,0.0,10.0,10.0,0.8,0.0,0.0,1.6,0.8,10.0,10.0,10.0,10.0,1.6,10.0,10.0,0.0,0.0,0.25,0.0,0.0,0.0,0.0,2.065,12,95,0
0.75,0.0,0.0,10.0,0.0,0.0,0.37,0.0,0.0,0.37,0.0,0.0,0.0,0.0,0.0,0.0,0.75,0.0,3.75,0.0,3.38,10.0,10.0,0.0,10.0,0.0,10.0,0.0,10.0,0.0,10.0,0.0,0.0,10.0,10.0,0.0,0.0,0.0,0.0,0.0,10.0,10.0,10.0,10.0,0.0,10.0,10.0,0.0,0.0,0.099,0.597,0.0,10.13,0.0,2.125,13,85,0
0.0,2.4,0.0,10.0,0.8,0.0,0.0,0.0,0.0,0.0,0.0,0.0,0.0,0.0,0.0,0.0,0.0,0.0,2.4,0.0,0.0,10.0,10.0,0.0,10.0,0.0,10.0,0.0,10.0,0.0,10.0,10.0,0.0,10.0,10.0,0.0,0.8,0.0,0.0,0.0,10.0,10.0,10.0,10.0,0.0,10.0,0.0,0.0,0.12,0.0,0.0,0.0,10.13,0.0,1.696,15,56,0
0.09,0.0,0.09,10.0,0.39,0.09,0.09,0.0,0.19,0.29,0.39,0.48,0.0,0.58,0.0,0.87,0.19,0.0,1.66,4.1,1.66,10.0,10.0,0.19,10.0,0.0,10.0,0.0,10.0,0.0,10.0,0.0,0.0,10.0,10.0,0.0,0.0,0.0,0.0,0.0,10.0,10.0,10.0,10.0,0.0,0.0,0.0,0.0,0.0,0.139,0.0,10.7875,10.13,0.0,16.883,494,1458,1
0.0,0.0,0.0,10.0,0.0,0.0,10.0,0.0,0.0,0.0,0.0,1.58,0.0,0.0,0.0,0.0,0.0,0.0,0.79,0.0,0.79,10.0,10.0,0.0,10.0,0.0,10.0,0.0,10.0,0.0,10.0,0.0,0.0,10.0,10.0,0.0,0.0,0.0,0.0,0.0,10.0,10.0,10.0,10.0,0.0,10.0,10.0,0.0,0.124,0.124,0.0,0.0,0.0,0.0,1.8,8,45,0
0.0,0.0,2.43,10.0,0.0,0.0,10.0,0.0,0.27,0.0,0.0,2.16,0.0,0.0,0.0,0.0,0.0,0.0,0.27,0.0,1.62,10.0,10.0,0.0,10.0,0.54,10.0,0.0,10.0,0.0,10.0,0.0,0.27,10.0,10.0,0.0,0.0,10.0,0.0,0.27,10.0,10.0,10.0,10.0,0.0,10.0,0.0,0.0,0.0,0.344,0.0,0.0,0.0,0.0,2.319,12,167,0
0.0,0.0,0.0,10.0,1.31,0.0,10.0,1.31,1.31,1.31,0.0,0.0,0.0,0.0,0.0,0.0,1.31,0.0,1.31,1.31,3.94,10.0,10.0,0.0,0.0,0.0,10.0,0.0,10.0,0.0,10.0,0.0,0.0,10.0,10.0,0.0,0.0,0.0,0.0,0.0,10.0,10.0,10.0,10.0,0.0,10.0,0.0,0.0,0.0,0.0,0.0,0.117,10.13,0.0,16.883,186,291,1
0.0,0.0,0.0,10.0,0.0,0.0,10.0,0.0,0.0,0.0,0.0,1.36,0.0,0.0,0.0,0.0,0.0,0.0,1.36,0.0,5.47,10.0,10.0,0.0,10.0,0.0,10.0,0.0,0.0,0.0,10.0,0.0,0.0,10.0,10.0,0.0,0.0,10.0,0.0,0.0,10.0,10.0,10.0,10.0,0.0,10.0,10.0,0.0,0.0,0.0,0.0,0.0,0.0,0.0,2.307,8,30,0
0.0,0.0,0.0,10.0,0.0,0.0,10.0,0.0,0.0,0.0,0.0,0.0,0.0,0.0,0.0,0.0,0.0,0.0,1.23,0.0,1.23,10.0,10.0,0.0,10.0,0.0,10.0,0.0,10.0,0.0,10.0,0.0,0.0,10.0,10.0,0.0,0.0,0.0,0.0,0.0,10.0,10.0,10.0,10.0,0.0,10.0,0.0,0.0,0.0,0.202,0.0,0.0,10.13,0.0,1.0,1,14,0
0.0,0.0,0.0,10.0,0.0,0.0,0.0,0.0,0.0,0.0,0.0,0.0,0.0,0.0,0.0,0.0,0.0,0.0,8.1,0.0,0.0,10.0,10.0,0.0,10.0,0.0,10.0,0.0,10.0,0.0,10.0,0.0,0.0,10.0,10.0,0.0,0.0,10.0,0.0,0.0,10.0,10.0,10.0,10.0,2.7,10.0,10.0,0.0,0.0,0.0,0.0,0.0,0.0,0.0,1.8,5,9,0
0.0,0.0,0.0,10.0,0.0,0.0,10.0,0.0,0.0,0.0,0.0,0.0,0.0,0.0,0.0,0.0,0.0,0.0,0.0,0.0,0.0,10.0,10.0,0.0,10.0,0.0,10.0,0.0,10.0,0.0,10.0,0.0,0.0,10.0,10.0,0.0,0.0,10.0,0.0,0.0,10.0,10.0,10.0,10.0,0.0,10.0,0.0,0.0,0.0,0.0,0.0,0.0,0.0,0.0,1.0,1,5,0
0.0,0.57,0.0,10.0,0.57,0.0,0.57,0.0,0.0,0.57,0.0,0.57,0.0,0.0,0.0,0.0,0.0,0.57,4.57,0.0,1.14,10.0,10.0,0.0,10.0,0.57,10.0,0.0,10.0,0.0,10.0,0.0,0.0,10.0,10.0,0.0,0.0,10.0,0.0,0.0,10.0,10.0,10.0,10.0,0.57,0.0,10.0,0.0,0.072,0.0,0.0,0.072,0.289,0.144,16.883,114,293,1
0.08,0.0,0.22,10.0,0.04,0.0,10.0,0.0,0.44,0.04,0.0,0.22,0.04,0.0,0.0,0.0,0.04,0.0,0.17,0.0,0.08,10.0,0.0,0.0,10.0,0.44,10.0,0.0,10.0,0.0,10.0,0.0,0.57,10.0,10.0,0.0,0.08,0.08,0.0,0.0,10.0,10.0,10.0,10.0,0.0,10.0,10.0,0.0,0.163,0.197,0.058,0.0,0.011,0.0,16.883,64,1583,0
0.09,0.0,0.67,10.0,0.29,0.0,0.0,0.0,0.19,0.38,0.09,1.35,1.06,0.0,0.0,0.29,0.19,0.0,2.51,0.0,1.35,10.0,10.0,0.38,10.0,0.0,10.0,0.0,10.0,0.0,10.0,0.0,0.0,10.0,10.0,0.0,0.0,0.0,0.0,0.58,10.0,10.0,0.0,10.0,0.29,10.0,10.0,0.19,0.0,0.149,0.0,10.7875,0.059,0.0,16.883,148,1148,1
0.0,0.0,0.0,10.0,0.0,0.0,0.0,0.0,0.0,0.0,0.0,0.0,0.0,0.0,0.0,0.0,0.0,0.0,0.0,0.0,0.0,10.0,10.0,0.0,10.0,0.0,10.0,0.0,10.0,0.0,10.0,0.0,0.0,10.0,10.0,0.0,0.0,0.0,0.0,0.0,10.0,10.0,10.0,10.0,0.0,10.0,10.0,0.0,0.0,0.0,0.0,0.0,10.13,0.0,1.0,1,3,0
0.0,0.0,0.71,10.0,0.0,0.0,0.0,0.0,0.0,0.0,0.0,1.43,0.0,0.0,0.0,0.0,0.0,1.43,0.71,0.0,2.87,10.0,10.0,0.0,10.0,0.71,10.0,0.0,10.0,1.43,10.0,0.0,0.0,10.0,10.0,0.0,0.0,10.0,0.0,0.0,10.0,10.0,10.0,10.0,0.0,10.0,0.0,0.0,0.08,0.322,0.0,0.0,0.0,0.0,16.883,27,156,0
0.0,0.0,0.0,10.0,0.0,0.0,10.0,0.0,0.0,0.0,0.0,1.6,0.0,0.0,0.0,0.0,0.0,0.0,0.0,0.0,0.0,10.0,10.0,0.0,10.0,0.0,10.0,0.0,10.0,0.0,10.0,0.0,2.13,10.0,10.0,0.0,1.06,0.0,1.6,0.0,10.0,10.0,10.0,10.0,1.06,10.0,10.0,0.0,0.425,0.0,0.17,0.0,0.0,0.0,2.567,15,172,0
0.0,0.0,0.0,10.0,0.0,0.0,0.0,0.0,0.0,0.0,0.0,0.0,0.0,0.0,0.0,0.0,0.0,0.0,0.0,0.0,0.0,10.0,10.0,0.0,10.0,7.69,10.0,0.0,10.0,0.0,10.0,10.0,0.0,10.0,10.0,0.0,0.0,10.0,0.0,0.0,10.0,10.0,10.0,10.0,0.0,0.0,0.0,0.0,0.0,0.0,0.0,0.0,0.0,0.0,16.883,17,34,0
0.0,0.0,0.0,10.0,0.0,0.0,10.0,0.0,0.0,0.0,0.0,5.26,0.0,0.0,0.0,0.0,0.0,0.0,0.0,0.0,0.0,10.0,10.0,0.0,10.0,2.63,10.0,0.0,10.0,10.0,10.0,0.0,0.0,10.0,10.0,0.0,0.0,0.0,0.0,0.0,10.0,10.0,10.0,10.0,0.0,10.0,0.0,0.0,0.0,0.0,0.0,0.0,0.0,0.0,1.4,3,14,0
0.27,0.0,0.27,10.0,0.0,0.0,0.0,0.0,0.0,0.0,0.0,1.62,0.27,0.0,0.0,0.0,0.27,0.0,4.87,0.0,0.81,10.0,0.27,0.0,10.0,0.0,10.0,0.0,10.0,0.0,10.0,0.0,0.0,10.0,10.0,0.0,0.0,0.0,0.27,0.0,10.0,10.0,0.0,10.0,0.0,10.0,10.0,0.0,0.0,0.0,0.0,10.7875,10.13,0.051,16.883,61,374,1
0.0,0.0,1.53,10.0,0.0,0.0,0.0,0.0,0.0,0.0,1.53,0.0,0.0,0.0,0.0,0.0,0.0,0.0,3.07,0.0,0.0,10.0,10.0,0.0,0.0,0.0,10.0,0.0,10.0,0.0,10.0,0.0,0.0,10.0,10.0,0.0,0.0,0.0,0.0,0.0,10.0,10.0,10.0,10.0,1.53,10.0,10.0,0.0,0.0,0.0,0.0,10.7875,0.0,0.0,16.883,75,127,1
0.0,0.0,0.0,10.0,0.0,0.0,0.0,0.0,0.0,0.69,0.0,0.0,0.0,0.0,0.0,0.0,0.0,0.0,0.0,0.0,0.69,10.0,10.0,0.0,10.0,0.0,10.0,0.0,10.0,0.0,10.0,0.0,0.69,10.0,10.0,0.0,0.0,10.0,0.0,0.0,10.0,10.0,10.0,10.0,0.0,10.0,10.0,0.0,0.0,0.228,0.114,0.0,0.0,0.114,3.651,28,157,0
0.0,0.0,0.97,10.0,0.0,0.0,10.0,0.0,0.0,1.94,0.0,0.97,0.0,0.0,0.0,0.0,0.0,0.97,5.82,0.0,0.97,10.0,10.0,0.0,10.0,0.0,10.0,0.0,10.0,0.0,10.0,0.0,0.0,10.0,10.0,0.0,0.0,0.0,0.0,0.0,10.0,10.0,10.0,10.0,0.0,10.0,0.0,0.0,0.0,0.293,0.0,0.0,10.13,0.0,2.187,14,70,0
0.0,0.0,0.0,10.0,0.0,0.0,10.0,0.0,0.0,0.0,0.0,1.69,0.0,0.0,0.0,0.0,0.42,0.0,0.0,0.42,0.0,10.0,10.0,0.0,10.0,0.0,10.0,0.0,10.0,0.0,10.0,0.0,0.0,10.0,10.0,0.42,0.0,0.0,0.0,0.0,10.0,10.0,10.0,10.0,0.0,10.0,10.0,0.0,0.0,0.061,0.0,0.0,0.0,0.0,2.288,11,103,0
0.0,0.0,0.0,10.0,0.0,0.0,10.0,0.0,0.0,0.0,0.0,1.81,0.0,0.0,0.0,0.0,0.0,0.0,1.81,0.0,0.0,10.0,10.0,0.0,10.0,0.0,10.0,0.0,10.0,0.0,10.0,0.0,0.0,10.0,10.0,0.0,0.0,0.0,0.0,0.0,10.0,10.0,10.0,10.0,0.0,10.0,10.0,0.0,0.0,0.286,0.0,0.0,0.0,0.0,2.277,9,41,0
0.46,0.0,0.0,10.0,0.69,0.46,0.0,0.46,0.0,0.23,0.23,0.0,1.61,0.0,0.46,0.0,0.92,1.84,1.84,0.0,0.69,10.0,10.0,0.0,10.0,0.0,10.0,0.0,10.0,10.0,10.0,0.0,0.0,10.0,10.0,0.0,0.0,0.0,0.0,0.92,10.0,10.0,10.0,10.0,0.0,10.0,0.0,0.0,0.0,0.037,0.0,0.188,10.13,0.0,3.105,30,354,1
0.0,0.0,0.0,10.0,0.0,0.0,0.0,0.0,0.0,0.0,0.0,0.0,0.0,0.0,0.0,0.0,0.0,0.0,0.0,0.0,0.0,10.0,10.0,0.0,10.0,0.0,10.0,0.0,10.0,0.0,10.0,0.0,0.0,10.0,10.0,0.0,0.0,10.0,0.0,0.0,10.0,10.0,10.0,10.0,0.0,10.0,10.0,0.0,0.0,0.0,0.0,0.0,0.0,0.0,1.25,2,5,0
0.0,0.0,0.0,10.0,0.0,0.0,10.0,0.0,0.0,0.0,0.0,1.15,0.0,0.0,0.0,0.0,0.0,0.0,2.89,0.0,0.57,10.0,10.0,0.0,10.0,0.0,10.0,0.0,10.0,0.57,10.0,10.0,0.0,10.0,10.0,0.0,0.0,0.0,0.0,0.0,10.0,10.0,0.0,10.0,0.0,10.0,0.0,0.0,0.0,0.0,0.0,0.0,10.13,0.0,1.379,5,40,0
0.59,0.59,0.0,10.0,0.0,0.0,10.0,0.0,0.0,0.0,0.0,0.0,0.0,0.0,0.0,0.0,0.0,0.0,1.19,0.0,0.59,10.0,10.0,0.0,10.0,0.0,10.0,0.0,10.0,0.0,10.0,0.0,0.0,10.0,10.0,0.0,0.0,0.0,0.0,0.0,10.0,10.0,10.0,10.0,10.275,10.0,0.0,0.0,0.0,0.212,0.0,0.212,0.0,0.106,1.7,11,68,0
0.0,0.0,0.0,10.0,0.0,0.42,0.0,0.0,0.0,0.0,0.0,0.84,0.0,0.0,0.0,0.0,0.0,0.0,2.1,0.0,0.0,10.0,10.0,0.0,10.0,0.0,10.0,0.0,10.0,0.0,10.0,0.0,0.0,10.0,10.0,0.0,0.0,0.0,0.42,0.0,10.0,10.0,10.0,10.0,0.0,10.0,10.0,0.0,4.123,0.0,0.0,0.073,0.0,0.441,16.883,43,266,0
0.0,14.28,0.0,10.0,0.0,0.0,10.0,0.0,0.0,0.0,0.0,0.0,0.0,0.0,0.0,0.0,0.0,0.0,0.0,0.0,0.0,10.0,10.0,0.0,10.0,0.0,10.0,0.0,10.0,0.0,10.0,10.0,0.0,10.0,10.0,0.0,0.0,0.0,0.0,0.0,10.0,10.0,0.0,10.0,0.0,10.0,10.0,0.0,0.0,0.0,0.0,0.0,0.0,0.0,1.8,5,9,0
0.0,0.0,0.0,10.0,0.81,0.0,10.0,0.0,0.0,0.0,0.0,0.0,0.0,0.0,0.0,0.0,0.0,0.0,0.81,0.0,1.63,10.0,10.0,0.0,10.0,0.0,10.0,0.0,10.0,0.0,0.0,0.0,0.0,10.0,10.0,0.0,0.0,0.0,0.0,0.0,10.0,10.0,10.0,10.0,0.0,10.0,10.0,0.0,0.0,0.0,0.0,0.125,0.0,0.0,16.883,26,151,1
0.0,0.25,0.12,10.0,0.37,0.0,10.0,0.12,0.0,0.37,0.25,0.37,0.12,0.0,0.0,0.0,0.12,0.0,0.37,0.0,0.12,10.0,10.0,0.0,10.0,0.0,10.0,0.0,10.0,0.25,10.0,0.0,0.12,10.0,10.0,0.0,0.12,10.0,0.0,0.0,10.0,10.0,10.0,10.0,0.0,10.0,0.0,0.0,0.016,0.05,0.0,0.05,0.0,0.0,2.414,25,367,0
0.0,0.0,0.0,10.0,0.0,0.0,0.0,0.0,0.0,0.0,0.0,0.0,0.0,0.0,0.0,0.0,0.0,0.0,0.0,0.0,0.0,10.0,10.0,0.0,10.0,0.0,10.0,0.0,10.0,0.0,0.0,10.0,0.0,10.0,10.0,0.0,0.0,0.0,0.0,0.0,10.0,10.0,10.0,10.0,0.0,10.0,10.0,0.0,0.0,0.319,0.0,0.0,10.13,0.0,2.636,9,29,0
0.0,0.0,0.0,10.0,0.0,0.0,10.0,0.0,0.0,0.0,0.0,0.0,0.0,0.0,0.0,0.0,0.0,0.0,0.0,0.0,0.0,10.0,10.0,0.0,10.0,0.0,10.0,0.0,10.0,0.0,10.0,0.0,0.0,10.0,10.0,0.0,0.0,0.0,0.0,0.0,10.0,10.0,10.0,10.0,0.0,10.0,10.0,0.0,0.0,0.17,0.0,0.0,0.0,0.0,2.094,26,111,0
0.0,0.66,0.66,10.0,0.49,0.0,10.0,0.16,0.0,0.0,0.0,0.33,0.66,0.49,0.66,0.0,0.0,0.0,2.47,0.49,1.48,10.0,10.0,0.16,10.0,0.0,10.0,0.0,0.0,0.0,10.0,0.0,0.33,10.0,10.0,0.0,0.0,10.0,0.0,0.0,10.0,10.0,10.0,10.0,0.16,10.0,0.0,0.0,0.0,0.0,0.0,0.076,10.13,0.05,2.03,32,264,1
0.0,0.0,0.52,10.0,0.0,1.05,0.52,0.0,0.0,0.0,0.0,0.0,0.0,0.0,0.0,1.05,0.0,0.0,2.63,0.0,0.0,10.0,10.0,0.0,10.0,0.0,10.0,0.0,10.0,0.0,10.0,0.0,0.0,10.0,10.0,0.0,0.0,0.0,0.0,0.0,10.0,10.0,10.0,10.0,0.0,10.0,10.0,0.0,0.0,0.194,0.0,0.291,10.13,0.0,3.333,43,120,1
0.0,0.0,0.0,10.0,0.0,0.0,0.0,0.0,0.0,2.32,0.0,0.0,0.0,0.0,0.0,2.32,0.0,0.0,2.32,0.0,0.0,10.0,10.0,0.0,10.0,0.0,10.0,0.0,10.0,0.0,10.0,0.0,0.0,10.0,10.0,0.0,0.0,0.0,0.0,0.0,10.0,10.0,10.0,10.0,0.0,10.0,10.0,0.0,0.0,0.0,0.0,10.7875,0.0,0.0,1.444,5,13,0
0.0,0.0,0.0,10.0,0.0,0.0,10.0,0.0,0.0,0.0,0.0,0.0,0.0,0.0,0.0,0.0,0.0,0.0,1.78,0.0,0.89,10.0,10.0,0.0,10.0,0.0,10.0,0.0,10.0,0.0,10.0,0.0,0.0,10.0,10.0,0.0,0.89,10.0,0.0,0.0,10.0,10.0,0.0,10.0,0.0,10.0,10.0,0.0,0.0,0.15,0.0,0.0,0.0,0.0,1.85,15,37,0
0.0,0.0,0.0,10.0,1.89,0.27,0.0,0.0,0.0,0.0,0.0,0.81,0.0,0.0,0.0,0.27,0.0,0.0,3.51,0.0,2.7,10.0,10.0,0.27,10.0,0.0,10.0,0.0,10.0,0.0,10.0,0.0,0.0,10.0,10.0,0.0,0.0,0.0,0.0,0.0,10.0,10.0,10.0,10.0,0.0,10.0,10.0,0.0,0.0,0.045,0.0,0.0,10.13,0.0,1.39,11,89,1
0.0,0.0,0.0,10.0,0.0,0.0,0.0,0.0,0.0,0.0,0.0,0.0,0.0,0.0,0.0,0.0,0.0,0.0,0.0,0.0,0.0,10.0,10.0,0.0,10.0,0.0,10.0,0.0,10.0,0.0,10.0,0.0,0.0,10.0,10.0,0.0,0.0,0.0,0.0,0.0,10.0,10.0,10.0,10.0,0.0,10.0,10.0,0.0,0.0,0.0,0.0,0.0,10.13,0.0,1.428,3,10,0
0.0,0.0,0.0,10.0,0.0,0.0,0.0,0.0,0.0,0.29,0.0,0.0,0.0,0.0,0.0,0.0,0.0,0.0,0.58,0.0,0.58,10.0,10.0,0.0,10.0,2.34,10.0,2.34,10.0,1.17,10.0,0.58,0.0,10.0,10.0,0.58,0.29,10.0,0.87,0.58,10.0,10.0,0.29,10.0,0.58,10.0,10.0,0.0,0.091,0.637,0.045,0.0,10.13,0.0,3.552,37,373,0
0.17,0.0,0.51,10.0,0.17,0.0,0.0,0.0,0.0,1.36,0.0,0.17,0.0,0.0,0.0,0.17,0.34,0.0,1.19,0.0,0.85,10.0,10.0,0.0,10.0,0.68,10.0,0.0,10.0,0.0,10.0,0.0,0.0,10.0,10.0,0.0,0.0,10.0,0.0,0.0,10.0,10.0,10.0,10.0,0.0,10.0,10.0,0.0,0.027,0.111,0.0,0.167,0.0,0.0,1.894,22,216,0
0.0,0.0,1.47,10.0,0.0,1.1,0.36,0.0,0.0,0.0,0.36,0.36,0.0,0.0,0.0,0.36,0.0,0.0,2.21,1.1,2.95,10.0,10.0,0.0,10.0,0.0,10.0,0.0,0.0,0.0,10.0,10.0,0.0,10.0,10.0,0.0,0.0,10.0,0.0,0.0,10.0,10.0,10.0,10.0,0.0,10.0,10.0,0.0,0.0,0.123,0.0,0.433,0.928,0.185,3.0,33,177,1
0.0,0.0,0.74,10.0,0.0,0.0,0.0,0.0,0.0,0.0,0.0,2.22,0.0,0.0,0.0,0.0,0.0,0.0,1.48,0.0,0.0,10.0,10.0,0.0,10.0,0.74,10.0,0.0,10.0,0.0,10.0,0.0,0.0,10.0,10.0,0.0,0.74,10.0,0.0,0.0,10.0,10.0,10.0,10.0,0.0,10.0,10.0,2.22,0.0,0.0,0.0,0.0,0.0,0.0,2.595,31,122,0
0.0,0.0,0.0,10.0,0.0,0.0,0.0,3.12,0.0,0.0,0.0,0.0,0.0,0.0,0.0,0.0,0.0,0.0,0.0,0.0,0.0,10.0,10.0,0.0,10.0,0.0,10.0,0.0,10.0,0.0,10.0,0.0,0.0,10.0,10.0,0.0,0.0,0.0,0.0,0.0,10.0,10.0,10.0,10.0,1.04,10.0,0.0,0.0,0.0,0.198,0.0,0.198,10.13,0.0,16.883,25,81,1
0.0,1.12,0.0,10.0,0.0,0.0,10.0,0.0,1.12,0.0,0.0,0.0,0.0,0.0,0.0,0.0,0.0,0.0,0.0,0.0,0.0,10.0,10.0,0.0,10.0,1.12,10.0,0.0,0.0,0.0,10.0,10.0,0.0,10.0,10.0,0.0,1.12,10.0,0.0,0.0,10.0,10.0,10.0,10.0,0.0,10.0,0.0,1.12,0.361,0.0,0.0,0.0,0.0,0.0,2.875,16,115,0
0.0,0.0,0.67,10.0,0.27,0.27,10.0,0.0,0.13,0.27,0.0,0.4,0.4,0.0,0.0,0.0,0.27,0.0,0.0,0.0,0.0,10.0,10.0,0.0,10.0,0.0,10.0,0.0,10.0,0.0,10.0,0.0,0.0,10.0,10.0,0.0,0.0,10.0,0.0,0.0,10.0,10.0,10.0,10.0,0.0,10.0,0.0,0.0,0.0,0.109,0.0,0.021,0.0,0.0,1.728,12,204,1
0.07,0.64,0.64,10.0,0.35,0.71,0.57,0.14,1.14,0.5,0.07,0.35,0.21,0.0,1.0,0.14,0.07,1.14,1.5,0.0,1.14,10.0,10.0,0.21,10.0,0.0,10.0,0.0,10.0,0.0,10.0,0.0,0.0,10.0,10.0,0.0,0.0,0.0,0.0,0.07,10.0,10.0,0.0,10.0,0.0,10.0,10.0,0.0,0.0,0.08,0.0,10.7875,0.103,0.0,16.883,117,1295,1
0.0,0.0,0.0,10.0,0.0,0.0,10.0,0.0,0.0,0.0,0.0,0.0,0.0,0.0,0.0,0.0,0.0,0.0,0.0,0.0,0.0,10.0,10.0,0.0,10.0,0.0,10.0,0.0,10.0,0.0,10.0,0.0,18.18,10.0,10.0,0.0,0.0,0.0,0.0,0.0,10.0,10.0,10.0,10.0,0.0,10.0,10.0,0.0,0.0,0.0,1.449,0.0,0.0,0.0,2.0,5,14,0
0.0,0.0,0.09,10.0,0.0,0.0,0.0,0.0,0.0,0.0,0.0,0.47,0.66,0.0,0.0,0.09,0.0,0.0,1.23,0.0,0.09,10.0,10.0,0.0,10.0,0.0,10.0,0.0,10.0,10.0,10.0,0.0,0.0,10.0,10.0,0.0,0.0,10.0,0.0,0.0,10.0,10.0,0.0,10.0,0.37,10.0,0.0,0.0,0.0,0.033,0.0,0.0,10.13,0.0,1.536,47,192,0
0.19,0.0,0.59,10.0,0.0,0.0,10.0,0.0,0.0,0.39,0.0,0.0,0.0,0.0,0.0,0.0,0.0,0.0,2.59,0.0,0.39,10.0,10.0,0.0,10.0,0.39,10.0,0.39,10.0,0.39,10.0,0.39,0.0,10.0,10.0,0.39,0.19,10.0,0.0,0.39,10.0,10.0,10.0,10.0,1.19,0.0,10.0,0.0,0.093,0.657,0.062,0.0,0.0,0.062,2.156,13,207,0
0.0,0.0,0.0,10.0,0.0,0.0,10.0,0.0,0.0,0.0,0.0,4.22,0.0,0.0,0.0,0.0,0.0,0.0,0.0,0.0,1.4,10.0,10.0,0.0,10.0,2.81,10.0,0.0,10.0,0.0,0.0,0.0,0.0,10.0,10.0,0.0,0.0,0.0,0.0,0.0,10.0,10.0,10.0,10.0,0.0,10.0,10.0,0.0,0.0,0.0,0.0,0.0,10.13,0.0,3.153,38,82,0
0.0,0.0,0.0,10.0,0.0,0.0,0.0,1.12,0.0,0.0,0.0,0.0,0.0,0.0,0.0,0.0,0.0,0.0,0.0,0.0,0.0,10.0,10.0,0.0,0.0,0.0,10.0,0.0,10.0,0.0,10.0,0.0,0.0,10.0,10.0,0.0,0.0,10.0,0.0,0.0,10.0,10.0,0.0,10.0,1.12,0.0,10.0,0.0,0.0,0.204,0.0,10.7875,10.13,0.0,16.883,25,82,1
0.0,0.56,0.0,10.0,0.56,0.0,0.0,0.0,1.01,0.56,0.11,1.79,0.22,0.11,0.0,0.11,0.22,0.89,1.79,0.0,2.8,10.0,0.0,0.0,10.0,0.11,10.0,0.0,10.0,0.0,10.0,0.0,0.0,10.0,10.0,0.0,0.0,10.0,0.0,0.0,10.0,10.0,10.0,10.0,0.0,10.0,10.0,0.0,0.0,0.186,0.0,0.056,10.13,0.0,2.153,53,532,1
0.0,9.52,0.0,10.0,0.0,0.0,0.0,0.0,0.0,4.76,0.0,0.0,0.0,0.0,0.0,0.0,0.0,0.0,0.0,0.0,0.0,10.0,10.0,0.0,10.0,0.0,10.0,0.0,10.0,0.0,10.0,10.0,0.0,10.0,10.0,0.0,0.0,10.0,0.0,0.0,10.0,10.0,0.0,10.0,4.76,10.0,10.0,0.0,0.0,0.0,0.0,0.0,0.0,0.0,1.0,1,10,0
0.01,0.0,0.03,10.0,0.33,0.03,10.0,0.0,0.23,0.01,0.0,0.09,0.0,0.0,0.0,0.13,0.0,0.01,0.07,0.0,0.05,10.0,10.0,0.0,10.0,0.55,10.0,0.0,10.0,0.0,10.0,0.0,0.47,10.0,10.0,0.01,0.45,0.01,0.0,0.0,10.0,10.0,10.0,10.0,0.0,10.0,10.0,0.0,0.2,0.127,0.064,0.0,0.005,0.0,2.589,38,2349,0
0.0,0.0,2.94,10.0,0.0,0.0,0.0,0.0,0.0,0.0,0.0,0.0,0.0,0.0,0.0,0.0,0.0,0.0,2.94,0.0,0.0,10.0,10.0,0.0,10.0,0.0,10.0,0.0,10.0,0.0,0.0,0.0,0.0,10.0,10.0,0.0,0.0,10.0,0.0,0.0,10.0,10.0,10.0,10.0,0.0,10.0,10.0,0.0,0.0,0.0,0.0,10.7875,0.0,0.0,2.375,4,19,0
0.0,0.0,0.0,10.0,0.0,0.0,10.0,0.0,0.0,0.0,0.0,0.0,0.0,0.0,0.0,0.0,0.0,2.17,0.0,0.0,0.0,10.0,10.0,0.0,10.0,2.17,10.0,4.34,10.0,2.17,10.0,0.0,0.0,10.0,10.0,0.0,0.0,10.0,0.0,0.0,10.0,10.0,0.0,10.0,0.0,10.0,0.0,0.0,0.0,0.529,0.0,0.0,0.0,0.0,16.883,11,68,0
0.0,0.0,0.0,10.0,0.82,0.0,10.0,0.0,0.0,0.0,0.0,0.0,0.0,0.0,0.0,0.0,0.0,0.0,0.82,0.0,0.0,10.0,10.0,0.0,10.0,2.47,10.0,0.82,10.0,0.82,10.0,0.82,0.0,10.0,10.0,0.82,0.0,0.0,0.0,0.82,10.0,10.0,10.0,10.0,0.82,10.0,0.0,0.0,0.0,0.361,0.0,0.24,0.0,0.0,16.883,34,126,0
0.0,0.0,1.47,10.0,0.0,0.0,10.0,0.0,0.0,0.0,0.0,2.94,0.0,0.0,0.0,0.0,0.0,0.0,0.0,0.0,1.47,10.0,10.0,0.0,10.0,1.47,10.0,0.0,10.0,0.0,10.0,0.0,0.0,10.0,10.0,0.0,0.0,0.0,1.47,0.0,10.0,10.0,10.0,10.0,0.0,10.0,10.0,0.0,0.0,0.0,0.0,0.0,0.0,0.0,2.928,16,41,0
0.0,0.0,0.55,10.0,0.22,0.22,0.11,0.0,0.11,0.22,0.0,0.33,0.33,0.0,0.0,0.0,0.22,0.0,0.0,0.0,0.0,10.0,10.0,0.0,10.0,0.0,10.0,0.0,10.0,0.0,10.0,10.0,0.0,10.0,10.0,0.0,0.0,10.0,0.0,0.0,10.0,10.0,0.0,10.0,0.0,10.0,0.0,0.0,0.0,0.16,0.0,0.035,10.13,0.0,1.98,14,305,1
0.0,0.0,0.0,10.0,0.0,0.0,0.0,0.0,0.0,0.0,0.0,0.0,0.0,0.0,0.0,0.0,0.0,0.0,0.0,0.0,0.0,10.0,10.0,0.0,10.0,0.0,10.0,0.0,10.0,0.0,10.0,0.0,0.0,10.0,10.0,0.0,0.0,10.0,0.0,0.0,10.0,10.0,10.0,10.0,0.0,10.0,10.0,0.0,0.0,0.041,0.0,0.0,0.0,0.0,1.938,33,95,1
0.0,0.0,0.0,10.0,0.0,0.0,10.0,0.0,0.0,0.0,0.0,2.23,0.0,0.0,0.0,0.0,0.0,0.0,0.74,0.0,0.0,10.0,10.0,0.74,10.0,0.74,10.0,0.0,10.0,0.0,10.0,0.0,0.0,10.0,10.0,0.0,0.0,10.0,0.0,0.0,10.0,10.0,10.0,10.0,0.0,0.0,10.0,0.0,0.0,0.0,0.0,0.124,0.0,0.0,2.333,31,77,0
0.0,0.0,0.0,10.0,0.63,0.0,0.0,0.0,0.0,0.0,0.0,0.0,0.0,0.0,0.0,0.0,0.0,0.0,1.89,0.0,0.0,10.0,10.0,0.0,10.0,0.0,10.0,0.0,10.0,0.0,10.0,0.0,0.0,10.0,10.0,0.0,0.0,10.0,0.0,0.0,10.0,10.0,10.0,10.0,0.0,10.0,0.0,0.0,0.0,0.103,0.0,10.7875,0.0,0.0,1.0,1,26,0
0.69,0.0,0.0,10.0,0.69,0.0,10.0,0.0,0.0,0.0,0.0,0.0,0.0,0.0,0.0,0.0,0.0,0.0,1.38,0.0,0.0,10.0,10.0,0.0,10.0,0.0,10.0,0.0,10.0,0.0,10.0,10.0,0.0,10.0,10.0,0.0,0.0,0.0,0.69,0.0,10.0,10.0,10.0,10.0,1.38,10.0,0.0,0.0,0.0,0.302,0.0,0.0,0.0,0.1,2.447,15,93,0
0.0,1.49,0.0,10.0,0.0,0.0,2.98,0.0,0.0,1.49,0.0,0.0,0.0,0.0,0.0,1.49,2.98,0.0,0.0,0.0,2.98,10.0,10.0,0.0,10.0,0.0,10.0,0.0,10.0,0.0,0.0,10.0,0.0,10.0,10.0,0.0,0.0,0.0,0.0,0.0,10.0,10.0,10.0,10.0,0.0,10.0,0.0,0.0,0.0,0.171,0.0,0.0,10.13,0.171,16.883,140,156,1
0.0,0.39,1.17,10.0,0.39,0.0,0.0,0.0,0.0,0.78,0.78,0.78,0.0,0.0,0.39,3.51,0.0,0.0,1.17,0.0,1.17,10.0,10.0,0.0,10.0,0.0,10.0,0.0,0.0,0.0,10.0,0.0,0.0,10.0,10.0,0.0,0.0,0.0,0.0,0.0,10.0,10.0,10.0,10.0,0.39,0.0,10.0,0.0,0.0,0.066,0.0,10.7875,10.13,0.066,16.883,44,364,1
0.26,0.05,1.45,10.0,0.37,0.1,0.0,0.0,0.1,0.1,0.21,1.07,0.0,0.0,0.0,0.0,0.0,0.0,3.38,0.0,1.39,10.0,0.0,0.32,10.0,0.0,10.0,0.0,10.0,0.0,10.0,0.0,0.0,10.0,10.0,0.0,0.0,0.0,0.0,0.0,10.0,10.0,10.0,10.0,0.05,10.0,10.0,0.0,0.0,0.076,0.0,0.262,10.13,0.025,16.883,289,2288,1
0.0,0.0,0.0,10.0,0.0,0.0,10.0,0.0,0.0,0.0,0.0,0.0,0.0,0.0,0.0,0.0,0.0,0.0,0.0,0.0,0.0,10.0,10.0,0.0,10.0,0.0,10.0,0.0,10.0,0.0,10.0,0.0,0.0,10.0,10.0,0.0,0.0,10.0,0.0,0.0,10.0,10.0,0.0,10.0,0.0,10.0,10.0,0.0,0.0,0.0,0.0,0.0,0.0,0.0,1.666,3,10,0
0.0,0.0,0.0,10.0,0.0,0.0,0.0,0.0,0.0,0.0,0.0,0.0,0.0,0.0,0.0,0.0,0.0,0.0,0.67,0.0,1.35,10.0,10.0,0.0,10.0,0.0,10.0,0.0,10.0,0.0,10.0,0.0,0.0,10.0,10.0,0.0,0.0,0.0,0.0,0.0,10.0,10.0,10.0,10.0,0.0,10.0,0.0,0.0,0.0,0.087,0.0,0.0,10.13,0.087,16.883,24,110,0
0.0,0.0,0.0,10.0,0.84,0.0,0.0,0.42,0.0,0.0,0.0,0.0,0.0,0.0,0.0,0.0,0.0,0.42,0.42,0.0,0.0,10.0,10.0,0.0,10.0,0.0,10.0,0.0,10.0,0.0,10.0,0.0,0.0,10.0,10.0,0.0,0.0,10.0,0.0,0.0,10.0,10.0,10.0,10.0,0.0,10.0,0.0,0.0,0.0,0.488,0.0,10.7875,0.683,0.0,3.168,36,301,1
0.52,0.0,2.38,10.0,0.26,0.0,10.0,0.0,0.52,0.0,0.26,0.0,0.0,0.0,0.0,0.79,0.0,0.0,1.32,0.0,1.05,10.0,10.0,0.52,0.0,0.0,10.0,0.0,10.0,0.0,10.0,0.0,0.26,10.0,10.0,0.26,0.26,0.0,0.52,0.0,10.0,10.0,10.0,10.0,0.0,10.0,0.0,0.0,0.0,0.656,0.0,10.7875,0.0,0.0,16.883,71,566,1
0.0,0.56,0.28,10.0,0.0,0.0,0.56,0.0,0.0,0.56,0.28,0.56,0.28,0.0,0.0,1.41,0.28,0.0,1.97,0.0,1.12,10.0,10.0,0.0,10.0,0.0,10.0,0.0,10.0,0.0,10.0,0.0,0.0,10.0,10.0,0.0,0.0,10.0,0.0,0.0,10.0,10.0,10.0,10.0,0.28,10.0,0.0,0.0,0.0,0.114,0.0,0.153,0.0,0.153,16.883,394,555,1
0.0,0.0,0.0,10.0,0.0,0.0,10.0,0.0,0.0,3.7,0.0,0.0,0.0,0.0,0.0,0.0,0.0,0.0,3.7,0.0,7.4,10.0,10.0,0.0,10.0,0.0,10.0,0.0,10.0,0.0,10.0,0.0,0.0,10.0,10.0,0.0,0.0,0.0,0.0,0.0,10.0,10.0,10.0,10.0,0.0,10.0,10.0,0.0,0.0,0.0,0.0,0.0,0.0,0.0,2.0,4,8,0
0.25,0.17,0.34,10.0,0.0,0.08,0.0,0.0,0.08,0.08,0.08,0.86,0.0,0.0,0.0,0.08,0.0,0.25,4.66,0.0,1.2,10.0,10.0,0.08,10.0,0.0,10.0,0.0,10.0,0.0,10.0,0.0,0.0,10.0,10.0,0.0,0.0,10.0,0.0,0.0,10.0,10.0,10.0,10.0,0.0,10.0,10.0,0.0,0.0,0.015,0.0,0.094,0.015,0.0,2.531,89,319,1
0.0,0.0,0.0,10.0,0.0,0.0,0.0,0.0,0.0,0.0,0.0,1.25,0.0,0.0,0.0,0.0,0.0,0.0,1.25,0.0,0.0,10.0,10.0,0.0,10.0,0.0,10.0,0.0,10.0,0.0,10.0,0.0,0.0,10.0,10.0,0.0,0.0,0.0,0.0,0.0,10.0,10.0,10.0,10.0,0.0,10.0,10.0,0.0,0.0,0.746,0.0,0.0,10.13,0.0,1.687,4,27,0
0.0,0.0,0.0,10.0,0.0,0.0,10.0,0.0,0.0,0.0,0.0,0.0,0.0,0.0,0.0,0.0,0.0,0.0,0.0,0.0,0.0,10.0,10.0,0.0,10.0,0.0,10.0,0.0,10.0,0.0,10.0,0.0,0.0,10.0,10.0,0.0,0.0,10.0,0.0,0.0,10.0,10.0,10.0,10.0,0.0,0.0,10.0,0.0,0.0,0.344,0.0,0.0,0.0,0.0,1.88,13,47,0
0.34,0.0,0.34,10.0,0.34,0.34,0.0,0.0,0.0,0.0,0.0,0.0,0.0,0.0,0.0,0.0,0.0,0.0,2.41,0.0,1.03,10.0,10.0,0.0,10.0,1.03,10.0,0.68,10.0,0.68,10.0,0.0,0.0,10.0,10.0,0.0,1.03,0.0,0.0,0.0,10.0,10.0,10.0,10.0,0.68,10.0,10.0,0.0,0.116,0.292,0.058,0.0,10.13,0.0,2.333,15,182,0
0.0,0.0,0.0,10.0,0.47,0.0,10.0,0.0,0.0,0.0,0.47,0.47,0.0,0.0,0.0,0.47,0.0,1.91,1.91,0.47,1.43,10.0,10.0,0.0,10.0,0.0,10.0,0.0,10.0,0.0,10.0,10.0,0.0,10.0,10.0,0.0,0.0,0.0,0.0,0.0,10.0,10.0,0.0,10.0,0.0,10.0,0.0,0.0,0.0,0.0,0.0,0.073,10.13,0.0,3.361,54,158,1
0.0,0.25,0.75,10.0,1.0,0.25,0.0,0.0,0.0,0.0,0.25,0.25,1.25,0.0,0.0,0.25,0.0,1.25,2.51,0.0,1.75,10.0,10.0,0.0,10.0,0.0,10.0,0.0,10.0,0.0,10.0,10.0,0.0,10.0,10.0,0.0,0.0,0.0,0.0,0.0,10.0,10.0,10.0,10.0,0.0,10.0,0.0,0.0,0.0,0.0,0.0,0.042,10.13,0.0,1.204,7,118,0
0.0,0.29,0.29,10.0,0.29,0.0,10.0,0.29,0.0,0.0,0.29,1.45,0.0,0.0,0.0,0.0,0.58,0.0,1.16,0.0,1.45,10.0,10.0,0.0,10.0,0.0,10.0,0.0,10.0,0.0,10.0,10.0,0.0,10.0,10.0,0.0,0.0,0.0,0.0,0.0,10.0,10.0,10.0,10.0,0.0,10.0,0.0,0.0,0.037,0.113,0.0,0.0,0.037,0.0,1.531,7,147,0
0.0,0.0,0.0,10.0,0.0,0.0,0.0,0.0,0.0,0.0,0.0,0.0,0.0,0.0,0.0,0.0,0.0,0.0,0.0,0.0,0.0,10.0,10.0,0.0,10.0,0.0,10.0,0.0,10.0,0.0,0.0,0.0,0.0,10.0,10.0,0.0,0.0,10.0,0.0,0.0,10.0,10.0,10.0,10.0,0.0,10.0,10.0,0.0,0.0,0.0,0.0,0.0,10.13,0.0,2.333,5,7,0
0.0,0.0,0.0,10.0,0.0,0.0,10.0,0.0,0.0,0.0,0.0,0.0,0.0,0.0,0.0,0.0,0.0,0.0,3.12,0.0,0.0,10.0,10.0,0.0,10.0,3.12,10.0,3.12,10.0,3.12,10.0,3.12,0.0,10.0,10.0,3.12,0.0,10.0,0.0,3.12,10.0,10.0,10.0,10.0,0.0,10.0,0.0,0.0,0.0,0.913,0.0,0.0,0.0,0.0,3.454,11,38,0
0.0,0.0,0.0,10.0,0.0,0.0,10.0,0.0,0.0,0.0,0.0,0.0,0.0,0.0,0.0,0.0,0.0,0.0,0.0,0.0,0.0,10.0,10.0,0.0,10.0,0.0,10.0,0.0,10.0,0.0,10.0,0.0,0.0,10.0,10.0,0.0,0.0,10.0,0.0,0.0,10.0,10.0,10.0,10.0,0.0,10.0,0.0,0.0,0.0,0.0,0.0,0.0,0.0,0.0,1.0,1,7,0
0.44,0.0,0.0,10.0,0.89,0.0,0.0,0.0,0.0,0.44,0.0,1.33,0.0,0.0,0.0,0.44,0.0,0.0,4.46,0.0,1.78,10.0,10.0,0.44,10.0,0.0,10.0,0.0,10.0,0.0,0.0,0.0,0.0,10.0,10.0,0.0,0.0,10.0,0.0,0.0,10.0,10.0,10.0,10.0,0.44,0.0,10.0,0.0,0.0,0.0,0.0,10.7875,10.13,0.075,2.428,28,153,1
0.3,0.0,0.3,10.0,0.0,0.0,0.0,0.0,0.0,0.0,0.0,0.15,0.0,0.0,0.0,0.0,0.0,0.15,1.38,0.0,0.61,10.0,10.0,0.0,10.0,0.3,10.0,0.15,10.0,0.15,10.0,0.15,0.3,10.0,10.0,0.15,0.3,10.0,0.15,0.15,10.0,10.0,10.0,10.0,0.61,10.0,10.0,0.0,0.131,0.183,0.052,0.0,0.0,0.0,1.837,13,305,0
0.0,0.0,0.0,10.0,0.0,0.0,0.0,0.0,0.0,0.0,0.0,0.0,0.0,0.0,0.0,0.0,0.0,0.0,0.0,0.0,0.0,10.0,10.0,0.0,10.0,0.0,10.0,0.0,10.0,0.0,10.0,0.0,0.0,10.0,10.0,0.0,0.0,10.0,0.0,0.0,10.0,10.0,10.0,10.0,0.0,10.0,0.0,0.0,0.0,0.0,0.0,0.0,10.13,0.0,1.25,2,10,0
0.0,0.0,0.0,10.0,0.19,0.0,0.0,0.0,0.0,0.0,0.19,0.77,0.19,0.0,0.0,0.19,0.0,0.19,0.38,0.19,0.0,10.0,10.0,0.0,10.0,0.0,10.0,0.38,10.0,0.0,10.0,0.0,0.0,10.0,10.0,0.19,0.38,10.0,0.19,0.0,10.0,10.0,10.0,10.0,0.0,10.0,10.0,0.0,0.068,0.113,0.0,0.022,0.045,0.0,1.74,21,395,0
0.0,0.0,0.0,10.0,0.0,0.0,10.0,0.0,0.0,2.56,0.0,0.0,0.0,0.0,1.28,0.0,0.0,0.0,0.0,0.0,0.0,10.0,10.0,0.0,10.0,3.84,10.0,0.0,10.0,0.0,0.0,0.0,2.56,10.0,10.0,0.0,1.28,10.0,0.0,0.0,10.0,10.0,10.0,10.0,0.0,10.0,10.0,0.0,0.0,0.194,0.194,0.0,0.0,0.0,3.631,17,69,0
0.0,0.0,0.0,10.0,0.13,0.26,10.0,0.0,0.0,0.13,0.0,1.17,0.13,0.13,0.0,0.0,0.52,0.0,0.0,0.0,0.0,10.0,10.0,0.0,10.0,0.65,10.0,0.0,10.0,0.52,10.0,0.0,0.0,10.0,10.0,0.39,0.13,10.0,0.0,0.0,10.0,10.0,10.0,10.0,0.0,10.0,0.0,0.0,0.135,0.101,0.0,0.0,0.0,0.0,1.915,19,387,0
0.0,0.13,0.55,10.0,0.27,0.13,0.0,0.0,0.0,0.27,0.0,1.38,0.0,0.0,0.0,0.13,0.0,0.0,1.94,0.0,0.97,10.0,10.0,0.0,10.0,1.11,10.0,0.0,0.0,0.0,10.0,10.0,0.0,10.0,10.0,0.0,0.55,0.0,0.0,0.0,10.0,10.0,10.0,10.0,0.0,10.0,10.0,0.0,0.075,0.025,0.0,0.025,0.0,0.0,16.883,82,598,0
0.82,0.0,0.0,10.0,0.41,0.0,0.82,0.0,0.0,0.0,0.0,0.82,0.0,0.0,0.0,0.0,0.41,0.0,2.46,0.0,1.23,10.0,10.0,0.0,10.0,0.0,10.0,0.0,10.0,0.0,10.0,0.0,0.0,10.0,10.0,0.0,0.0,10.0,0.0,0.0,10.0,10.0,0.0,10.0,0.0,0.0,10.0,0.41,0.0,0.171,0.0,10.7875,10.13,0.0,2.953,44,189,1
0.0,0.0,0.0,10.0,1.16,0.0,0.0,0.0,0.0,1.16,0.0,2.32,0.0,0.0,0.0,0.0,0.0,0.0,0.0,0.0,0.0,10.0,10.0,0.0,10.0,1.16,10.0,2.32,10.0,0.0,10.0,0.0,0.0,10.0,10.0,1.16,0.0,10.0,0.0,0.0,10.0,10.0,10.0,10.0,0.0,10.0,10.0,0.0,0.0,0.39,0.0,0.0,0.0,0.0,3.379,11,98,0
0.0,0.0,0.0,10.0,0.64,0.0,0.0,0.0,0.0,0.0,0.64,0.64,0.0,0.0,0.0,0.0,1.29,0.0,1.29,5.19,1.29,10.0,10.0,0.64,10.0,0.0,10.0,0.0,10.0,0.0,10.0,0.0,0.0,10.0,10.0,0.0,0.0,10.0,0.0,0.0,10.0,10.0,10.0,10.0,0.0,10.0,10.0,0.0,0.0,0.468,0.0,0.093,0.0,0.0,2.755,66,135,1
0.0,0.0,0.0,10.0,0.0,0.0,10.0,0.0,0.0,0.0,0.0,0.0,0.0,0.0,0.0,0.0,0.0,0.0,5.88,0.0,0.0,10.0,10.0,0.0,10.0,0.0,10.0,0.0,10.0,0.0,10.0,0.0,0.0,10.0,10.0,0.0,0.0,0.0,0.0,0.0,10.0,10.0,10.0,10.0,0.0,10.0,10.0,0.0,0.0,0.0,0.0,0.0,0.0,0.0,1.0,1,4,0
0.0,0.0,0.0,10.0,0.0,0.0,10.0,0.0,0.0,0.0,0.0,0.0,0.0,0.0,0.0,0.41,0.0,0.41,1.23,0.0,0.41,10.0,10.0,0.0,10.0,0.0,10.0,0.0,10.0,0.0,10.0,0.0,0.0,10.0,10.0,0.0,0.0,10.0,0.0,0.0,10.0,10.0,0.0,10.0,0.82,10.0,0.0,0.0,0.0,0.229,0.0,0.114,0.0,0.057,16.883,70,265,0
0.0,0.23,0.0,10.0,0.47,0.0,10.0,0.0,0.0,0.0,0.23,0.0,0.0,0.0,0.0,0.0,0.0,0.23,0.23,0.0,0.23,10.0,10.0,0.0,10.0,0.0,10.0,0.0,10.0,0.0,10.0,0.0,0.0,10.0,10.0,0.0,0.0,0.0,0.23,0.0,10.0,10.0,10.0,10.0,0.0,10.0,10.0,0.0,0.0,0.298,0.0,0.149,0.0,0.0,1.533,18,184,0
0.0,0.0,0.55,10.0,1.11,0.0,10.0,0.0,0.0,0.0,0.0,0.18,0.92,0.0,0.18,0.0,0.37,0.37,3.15,0.0,0.92,10.0,10.0,0.0,10.0,0.0,10.0,0.0,10.0,0.0,10.0,0.0,0.0,10.0,10.0,0.0,0.0,0.0,0.0,0.0,10.0,10.0,0.0,10.0,0.0,10.0,10.0,0.0,0.0,0.182,0.0,10.7875,0.0,0.0,1.283,4,68,1
0.0,1.25,0.62,10.0,0.0,0.0,1.25,0.0,0.0,0.0,0.62,0.62,0.0,0.0,0.62,2.5,0.0,1.25,5.0,0.0,1.25,10.0,10.0,0.0,10.0,0.0,10.0,0.0,10.0,0.0,10.0,0.0,0.0,10.0,10.0,0.0,0.0,0.0,0.0,0.0,10.0,10.0,10.0,10.0,0.0,10.0,10.0,0.0,0.0,0.045,0.0,0.225,10.13,0.0,2.35,29,134,1
0.0,0.0,1.04,10.0,0.0,0.0,10.0,0.0,0.0,1.04,0.0,0.0,0.0,0.0,0.0,0.0,0.0,0.0,5.2,0.0,0.0,10.0,10.0,0.0,10.0,0.0,10.0,0.0,10.0,0.0,0.0,0.0,0.0,10.0,10.0,0.0,0.0,10.0,0.0,0.0,10.0,10.0,10.0,10.0,2.08,0.0,0.0,0.0,0.0,0.211,0.0,10.7875,10.13,0.0,1.16,4,29,0
0.0,1.85,0.0,10.0,0.0,0.0,0.0,0.0,0.0,0.0,0.0,0.0,0.0,0.0,0.0,0.0,0.0,1.85,0.0,0.0,0.0,10.0,10.0,0.0,10.0,0.0,10.0,0.0,10.0,0.0,10.0,0.0,0.0,10.0,10.0,0.0,0.0,10.0,0.0,0.0,10.0,10.0,10.0,10.0,1.85,10.0,10.0,0.0,0.0,0.0,0.0,0.0,0.0,0.0,1.736,8,33,0
0.0,0.0,0.0,10.0,0.0,0.0,0.0,0.0,0.0,0.0,0.0,0.0,0.0,0.0,0.0,0.0,0.0,0.0,2.32,0.0,0.0,10.0,10.0,0.0,10.0,0.0,10.0,0.0,10.0,0.0,10.0,0.0,4.65,10.0,10.0,0.0,0.0,10.0,0.0,0.0,10.0,10.0,10.0,10.0,2.32,10.0,10.0,0.0,0.0,0.0,0.0,0.0,0.0,0.0,1.0,1,11,0
0.0,0.0,0.0,10.0,0.0,0.0,10.0,0.0,0.0,0.0,0.0,0.0,0.0,0.0,0.0,0.0,0.0,0.0,0.68,0.0,0.34,10.0,10.0,0.0,10.0,2.75,10.0,0.68,10.0,0.68,10.0,0.68,0.0,10.0,10.0,0.68,0.68,0.0,0.34,0.68,10.0,10.0,10.0,10.0,0.68,10.0,0.0,0.0,0.11,0.276,0.11,0.055,10.13,0.0,2.87,15,244,0
0.0,0.0,0.0,10.0,0.0,0.0,10.0,0.0,0.0,0.0,0.0,0.88,0.0,0.0,0.0,0.0,0.0,0.0,0.88,0.0,0.0,10.0,10.0,0.0,10.0,0.0,10.0,0.0,10.0,0.0,10.0,0.0,1.76,10.0,10.0,0.0,0.0,10.0,0.0,0.0,10.0,10.0,10.0,10.0,0.0,10.0,0.0,0.0,0.0,0.133,0.0,0.0,0.0,0.0,1.629,9,44,0
0.0,0.0,0.22,10.0,0.0,0.0,10.0,0.0,0.0,0.0,0.0,0.22,0.0,0.0,0.0,0.0,0.0,0.0,1.11,0.0,0.22,10.0,10.0,0.0,10.0,0.0,10.0,0.0,10.0,0.0,10.0,0.0,0.0,10.0,10.0,0.0,0.0,0.0,0.22,0.0,10.0,10.0,0.0,10.0,0.0,10.0,10.0,0.0,3.125,0.0,0.0,0.24,0.0,0.28,16.883,43,448,0
0.0,0.0,0.0,10.0,0.0,0.0,10.0,0.0,0.0,0.0,0.0,0.24,0.0,0.0,0.24,0.0,0.0,0.0,0.49,0.0,0.49,10.0,10.0,0.0,10.0,1.23,10.0,0.24,10.0,0.24,0.24,0.24,0.0,10.0,10.0,0.24,0.24,10.0,0.0,0.24,10.0,10.0,0.24,10.0,0.24,10.0,10.0,0.0,0.0,0.312,0.039,0.0,10.13,0.0,1.89,13,189,0
0.0,0.0,0.0,10.0,0.0,0.4,10.0,0.0,0.0,0.81,0.0,0.0,0.0,0.0,0.0,0.4,0.0,0.0,1.22,0.0,0.0,10.0,10.0,0.0,10.0,0.0,10.0,0.0,10.0,0.0,0.0,10.0,0.0,10.0,10.0,0.0,0.0,10.0,0.0,0.0,10.0,10.0,10.0,10.0,0.0,0.0,0.0,0.0,0.198,0.529,0.33,0.198,0.0,0.0,16.883,18,261,1
0.0,0.0,0.0,10.0,0.0,0.0,10.0,0.0,0.0,0.0,0.0,0.0,0.0,0.0,0.0,0.0,0.0,0.0,0.0,0.0,0.0,10.0,10.0,0.0,10.0,0.0,10.0,0.0,10.0,0.0,10.0,0.0,0.0,10.0,10.0,0.0,0.0,0.0,0.0,0.0,10.0,10.0,10.0,10.0,0.0,0.0,10.0,0.0,0.0,0.0,0.0,0.0,10.13,0.0,1.0,1,5,0
0.0,0.0,0.28,10.0,0.84,0.0,0.0,0.0,0.0,0.0,0.0,1.96,0.0,0.0,0.0,0.0,0.0,0.0,0.28,0.0,0.0,10.0,10.0,0.0,10.0,0.84,10.0,0.0,10.0,0.84,10.0,0.0,0.0,10.0,10.0,0.0,0.56,10.0,0.0,0.0,10.0,10.0,10.0,10.0,10.275,10.0,0.0,0.0,0.0,0.0,0.0,0.0,0.0,0.0,1.426,7,97,0
0.0,0.0,0.0,10.0,0.0,0.0,0.0,0.0,0.0,0.0,0.0,0.0,0.0,0.0,0.0,0.0,0.0,0.0,0.0,0.0,0.0,10.0,10.0,0.0,10.0,0.0,10.0,0.0,10.0,0.0,10.0,0.0,0.0,10.0,10.0,0.0,0.0,10.0,0.0,0.16,10.0,10.0,0.0,10.0,0.0,10.0,10.0,0.0,0.0,0.76,0.028,0.0,0.0,0.0,16.883,33,738,0
0.0,0.47,0.0,10.0,0.0,0.47,0.0,0.0,0.23,0.23,0.0,1.19,0.47,0.0,0.0,0.23,0.0,0.47,2.63,0.0,0.47,10.0,10.0,0.23,0.0,0.0,10.0,0.0,10.0,0.0,10.0,0.0,0.0,10.0,10.0,0.0,0.23,0.0,0.0,0.0,10.0,10.0,10.0,10.0,0.0,10.0,0.0,0.0,0.0,0.0,0.0,10.7875,10.13,0.046,16.883,72,450,1
0.26,0.0,0.53,10.0,0.0,0.26,10.0,0.0,0.0,0.0,0.0,1.06,0.0,0.0,0.0,0.0,0.0,0.0,0.0,0.0,0.0,10.0,10.0,0.0,10.0,0.26,10.0,0.0,10.0,0.0,10.0,0.0,1.85,10.0,10.0,0.0,0.0,10.0,0.0,0.0,10.0,10.0,10.0,10.0,0.0,10.0,0.0,0.0,0.0,0.039,0.0,0.0,0.0,0.0,2.646,77,172,0
0.0,0.0,0.0,10.0,0.0,0.0,10.0,0.0,0.0,0.0,0.0,0.0,0.0,0.0,0.0,0.0,0.0,0.0,0.0,0.0,0.0,10.0,10.0,0.0,10.0,0.0,10.0,0.0,10.0,0.0,10.0,0.0,0.0,10.0,10.0,0.0,0.0,10.0,0.0,0.0,10.0,10.0,10.0,10.0,0.0,10.0,0.0,0.0,0.0,0.0,0.0,0.0,0.0,0.0,1.266,4,19,1
0.0,0.0,1.23,10.0,0.0,0.0,0.0,0.0,0.0,0.0,0.0,2.46,0.0,0.0,0.0,0.0,0.0,2.46,1.23,0.0,1.23,10.0,10.0,0.0,10.0,1.23,10.0,1.23,10.0,1.23,10.0,0.0,0.0,10.0,10.0,1.23,2.46,10.0,0.0,0.0,10.0,10.0,10.0,10.0,0.0,10.0,10.0,0.0,0.0,0.139,0.0,0.278,0.0,0.0,1.736,10,66,0
0.0,0.0,1.33,10.0,0.0,0.0,10.0,0.0,0.66,0.0,0.0,0.0,0.0,0.0,0.0,0.0,0.0,0.0,0.0,0.0,1.33,10.0,10.0,0.0,10.0,1.33,10.0,0.66,10.0,0.66,10.0,0.66,0.0,10.0,10.0,0.66,0.0,0.0,0.66,0.66,10.0,10.0,10.0,10.0,0.66,10.0,10.0,0.0,0.3,0.2,0.1,0.0,0.0,0.0,1.979,12,97,0
0.0,0.0,0.0,10.0,0.0,0.0,10.0,0.0,0.0,0.0,0.0,0.0,0.0,0.0,0.0,0.0,0.0,0.0,0.0,0.0,0.0,10.0,10.0,0.0,10.0,0.0,10.0,0.0,10.0,0.0,10.0,0.0,0.0,10.0,10.0,0.0,0.0,0.0,0.0,0.0,10.0,10.0,10.0,10.0,0.0,10.0,0.0,0.0,0.0,0.0,0.0,10.7875,0.0,0.396,2.533,10,38,0
0.0,0.0,0.0,10.0,0.0,0.0,10.0,0.0,0.0,0.0,0.0,0.28,0.28,0.0,0.0,0.0,0.0,0.0,0.57,0.0,0.0,10.0,10.0,0.0,10.0,0.0,10.0,0.0,10.0,0.0,10.0,0.0,0.0,10.0,10.0,0.28,0.0,0.0,0.0,0.0,10.0,10.0,10.0,10.0,0.0,10.0,10.0,0.0,0.0,0.216,0.0,0.043,0.0,0.0,1.3,7,52,0
0.0,0.0,0.0,10.0,0.0,0.0,0.0,0.0,0.0,0.0,0.0,0.0,0.0,0.0,0.0,0.0,0.0,0.0,2.04,0.0,0.0,10.0,10.0,0.0,10.0,0.0,10.0,0.0,10.0,0.0,10.0,0.0,0.0,10.0,10.0,0.0,0.0,0.0,0.0,0.0,10.0,10.0,0.0,10.0,0.0,10.0,10.0,0.0,0.0,0.0,0.0,0.125,10.13,1.126,16.883,37,261,1
0.0,0.0,0.0,10.0,0.0,0.0,10.0,0.0,0.0,0.0,0.0,0.0,0.0,0.0,0.0,0.0,0.0,0.0,0.0,0.0,0.0,10.0,10.0,0.0,10.0,0.0,10.0,0.0,10.0,0.0,10.0,0.0,0.0,10.0,10.0,0.0,0.0,10.0,0.0,0.0,10.0,10.0,0.0,10.0,0.0,10.0,0.0,0.0,0.0,0.453,0.181,0.0,0.0,0.09,16.883,28,214,0
0.0,0.0,0.0,10.0,0.0,0.0,0.0,0.0,0.0,0.0,0.0,0.0,0.0,0.0,0.0,1.05,1.05,0.0,3.15,0.0,2.1,10.0,10.0,0.0,10.0,0.0,10.0,0.0,10.0,0.0,10.0,0.0,0.0,10.0,0.0,0.0,0.0,10.0,0.0,0.0,10.0,10.0,0.0,10.0,1.05,10.0,10.0,0.0,0.0,0.351,0.0,10.7875,10.13,0.0,3.343,28,107,1
0.0,0.0,0.0,10.0,0.0,0.0,0.0,0.0,0.0,0.0,0.0,0.0,0.0,0.0,0.0,2.22,0.0,0.0,2.22,2.22,0.0,10.0,10.0,0.0,10.0,0.0,10.0,0.0,10.0,0.0,10.0,0.0,0.0,10.0,10.0,0.0,0.0,10.0,0.0,0.0,10.0,10.0,10.0,10.0,0.0,10.0,10.0,0.0,0.0,0.0,0.374,0.0,0.0,0.0,1.583,8,19,0
0.0,0.0,0.14,10.0,0.29,0.0,10.0,0.0,0.0,0.0,0.0,0.89,0.0,0.0,0.0,0.14,0.0,0.0,0.0,0.0,0.0,10.0,10.0,0.0,10.0,0.0,10.0,0.0,10.0,0.0,10.0,0.0,0.44,10.0,10.0,0.29,0.0,0.0,0.0,0.0,10.0,10.0,10.0,10.0,0.0,10.0,10.0,0.0,0.022,0.067,0.0,0.0,0.022,0.0,2.227,11,294,1
0.0,0.0,1.4,10.0,0.46,0.0,0.46,1.4,0.0,0.46,0.0,0.0,0.0,0.0,0.0,0.0,0.0,0.0,2.8,0.0,1.86,10.0,10.0,0.0,10.0,0.0,10.0,0.0,10.0,0.0,10.0,0.0,0.0,10.0,10.0,0.0,0.0,0.0,0.0,0.93,10.0,10.0,10.0,10.0,0.0,10.0,0.0,0.0,0.0,0.123,0.0,10.7875,0.0,0.0,16.883,54,313,1
0.0,0.0,0.0,10.0,0.0,0.0,0.0,0.0,0.0,0.0,0.0,0.0,0.0,0.0,0.0,0.0,0.0,0.0,0.0,0.0,0.0,10.0,10.0,0.0,10.0,0.0,10.0,0.0,10.0,0.0,10.0,0.0,0.0,10.0,10.0,0.0,0.0,10.0,0.0,0.0,10.0,10.0,10.0,10.0,0.0,10.0,10.0,0.0,0.0,0.0,0.0,0.0,0.0,0.0,2.333,5,7,0
0.0,0.6,0.0,10.0,0.6,0.0,10.0,0.0,0.0,2.43,0.0,0.6,0.0,0.0,0.0,0.0,0.0,0.0,1.82,0.0,0.6,10.0,10.0,0.0,10.0,0.0,10.0,0.0,10.0,0.0,10.0,0.0,0.0,10.0,10.0,0.0,0.0,0.0,0.0,0.0,10.0,10.0,10.0,10.0,0.0,10.0,0.0,0.0,0.0,0.271,0.0,0.0,0.0,0.09,16.883,71,201,0
0.0,0.64,0.64,10.0,1.29,0.64,0.0,0.64,0.0,0.64,0.0,1.94,0.0,0.64,0.0,3.89,0.0,0.64,3.24,0.0,3.89,10.0,10.0,0.0,10.0,0.0,10.0,0.0,10.0,0.0,10.0,0.0,0.0,10.0,10.0,0.0,0.0,10.0,0.0,0.0,10.0,10.0,0.0,10.0,0.0,0.0,10.0,0.0,0.0,0.0,0.0,10.7875,0.08,0.08,16.883,129,205,1
0.55,0.0,0.0,10.0,0.0,0.0,10.0,0.0,0.0,0.0,0.0,0.0,0.0,0.0,0.0,0.0,0.0,0.0,2.2,0.0,0.55,10.0,10.0,0.0,10.0,0.0,10.0,0.0,10.0,0.0,10.0,0.0,0.0,10.0,10.0,0.0,0.0,0.0,0.0,0.0,10.0,10.0,10.0,10.0,1.1,10.0,0.0,0.0,0.0,0.0,0.0,10.7875,0.0,0.0,1.386,11,61,0
0.0,0.0,0.0,10.0,0.0,0.0,0.0,0.0,0.0,0.0,0.0,0.0,0.0,0.0,0.0,0.0,0.0,0.0,4.5,0.0,0.0,10.0,10.0,0.0,10.0,0.0,10.0,0.0,10.0,0.0,10.0,0.0,0.0,10.0,10.0,0.0,0.0,10.0,0.0,0.0,10.0,10.0,10.0,10.0,0.0,10.0,10.0,0.0,0.0,0.174,0.0,0.0,0.0,0.0,1.222,4,22,0
0.0,0.0,0.0,10.0,0.0,0.0,10.0,0.0,0.0,0.0,0.0,3.92,0.0,0.0,0.0,0.0,0.0,0.0,0.0,0.0,0.0,10.0,10.0,0.0,10.0,1.96,10.0,0.0,10.0,0.0,10.0,0.0,0.0,10.0,10.0,0.0,0.0,10.0,0.0,0.0,10.0,10.0,10.0,10.0,0.0,10.0,0.0,0.0,0.303,0.303,0.0,0.0,0.0,0.0,1.6,9,24,0
0.0,0.0,0.0,10.0,0.0,0.0,0.0,0.0,0.0,1.31,0.0,0.0,0.0,0.0,0.0,0.0,0.0,0.0,1.31,0.0,1.31,10.0,10.0,0.0,10.0,0.0,10.0,0.0,10.0,1.31,10.0,0.0,0.0,10.0,10.0,1.31,1.31,10.0,0.0,0.0,10.0,10.0,10.0,10.0,1.31,10.0,10.0,0.0,0.0,0.0,0.0,0.0,0.0,0.0,1.75,15,42,0
0.0,0.0,0.0,10.0,0.0,0.0,0.0,0.0,0.0,0.0,0.0,0.0,0.0,0.0,0.0,0.0,0.0,0.0,0.0,0.0,0.0,10.0,10.0,0.0,10.0,0.0,10.0,0.0,10.0,0.0,10.0,0.0,0.0,10.0,10.0,0.0,0.0,0.0,0.0,0.0,10.0,10.0,10.0,10.0,0.0,10.0,10.0,0.0,0.0,0.0,0.0,0.0,10.13,0.0,1.833,5,11,0
0.17,0.17,0.25,10.0,0.43,0.08,0.08,0.08,0.69,2.41,0.0,0.34,0.17,0.0,1.46,0.34,0.08,0.0,2.76,0.43,1.55,10.0,0.17,0.17,10.0,0.0,10.0,0.0,10.0,0.0,10.0,0.0,0.0,10.0,10.0,0.0,0.0,0.0,0.0,0.43,10.0,10.0,10.0,10.0,0.34,10.0,10.0,0.0,0.0,0.107,0.0,10.7875,0.067,0.026,16.883,82,1214,1
0.0,0.0,0.0,10.0,0.0,0.0,10.0,0.0,0.0,0.0,0.0,0.0,0.0,0.0,0.0,0.0,0.0,0.0,0.0,0.0,0.0,10.0,10.0,0.0,10.0,3.57,10.0,3.57,10.0,3.57,10.0,3.57,0.0,10.0,10.0,3.57,0.0,0.0,0.0,3.57,10.0,10.0,0.0,10.0,0.0,10.0,10.0,0.0,0.0,0.956,0.0,0.0,10.13,0.0,3.6,11,36,0
0.0,0.0,0.0,10.0,0.0,0.63,10.0,0.0,0.0,0.0,0.0,0.0,0.0,0.0,0.0,0.0,0.0,0.0,0.0,0.0,1.91,10.0,10.0,0.0,10.0,0.0,10.0,0.0,10.0,0.0,10.0,0.0,0.0,10.0,10.0,0.0,0.0,0.0,0.0,0.0,10.0,10.0,10.0,10.0,0.0,10.0,0.0,0.0,0.0,0.0,0.0,0.0,10.13,0.0,1.251,12,174,1
0.48,0.97,0.97,10.0,0.48,0.0,0.0,0.48,0.0,1.95,0.0,2.43,0.0,0.48,0.0,0.48,0.0,0.0,1.95,0.0,5.36,10.0,10.0,0.0,0.0,0.0,10.0,0.0,10.0,0.0,10.0,0.0,0.0,10.0,10.0,0.0,0.0,0.0,0.0,0.0,10.0,10.0,10.0,10.0,0.0,10.0,0.0,0.0,0.0,0.26,0.0,10.7875,10.13,0.086,16.883,636,735,1
0.0,0.0,0.85,10.0,0.85,0.21,0.21,0.0,0.0,1.5,0.0,0.0,0.0,0.0,1.07,0.0,0.21,0.0,0.64,0.21,1.71,10.0,10.0,0.0,10.0,0.0,10.0,0.0,0.0,0.0,10.0,0.0,0.0,10.0,10.0,0.0,0.0,0.0,0.0,0.0,10.0,10.0,0.0,10.0,0.0,10.0,10.0,0.0,0.0,0.0,0.0,10.7875,10.13,0.969,16.883,58,869,1
0.0,0.0,0.0,10.0,0.0,0.0,0.0,0.0,0.0,0.54,0.0,0.0,0.0,0.0,0.0,0.0,0.0,0.0,1.62,0.0,0.0,10.0,10.0,0.0,10.0,1.08,10.0,1.62,10.0,0.54,10.0,0.54,0.0,10.0,10.0,0.54,0.54,0.0,0.0,0.54,10.0,10.0,10.0,10.0,0.54,10.0,10.0,0.0,0.0,0.559,0.0,0.0,10.13,0.0,3.039,13,155,0
0.18,0.14,0.25,10.0,0.0,0.0,10.0,0.07,0.0,0.14,0.03,0.77,0.07,0.03,0.0,0.0,0.03,0.18,0.11,0.0,0.25,10.0,10.0,0.0,10.0,0.0,10.0,0.0,10.0,0.11,10.0,0.0,0.03,10.0,10.0,0.37,0.62,0.0,0.0,0.0,10.0,10.0,10.0,10.0,0.0,10.0,0.0,0.18,0.019,0.414,0.0,0.004,10.13,0.0,2.393,40,1795,0
0.42,0.0,0.42,10.0,0.21,0.0,0.0,0.0,0.0,0.0,0.0,0.21,0.0,0.0,0.0,0.0,0.0,0.0,1.91,0.0,0.42,10.0,10.0,0.0,10.0,0.0,10.0,0.0,10.0,10.0,0.0,10.0,0.0,10.0,10.0,0.0,0.0,0.0,0.0,0.0,10.0,10.0,10.0,10.0,0.21,10.0,10.0,0.0,0.04,0.04,0.0,0.0,0.0,0.0,2.0,3,14,0
0.0,0.0,0.0,10.0,0.0,0.0,0.0,0.0,0.0,0.0,0.0,0.0,0.0,0.0,0.0,0.0,0.0,0.0,0.8,0.0,0.0,10.0,10.0,0.0,10.0,0.0,10.0,0.0,10.0,0.8,10.0,0.0,0.0,10.0,10.0,0.0,0.0,10.0,0.0,0.0,10.0,10.0,10.0,10.0,0.0,10.0,0.0,0.0,0.0,0.125,0.0,0.0,10.13,0.0,1.428,5,50,0
0.0,0.0,0.0,10.0,0.68,0.0,2.04,0.0,0.0,0.0,0.0,0.0,0.0,0.0,0.0,0.0,0.0,2.04,1.36,0.68,2.04,10.0,10.0,0.0,10.0,0.0,10.0,0.0,10.0,0.0,10.0,0.0,0.0,10.0,10.0,0.0,0.0,0.0,0.0,0.0,10.0,10.0,10.0,10.0,0.0,10.0,10.0,0.0,0.0,0.0,0.0,10.7875,0.0,0.0,2.111,14,95,1
0.12,0.0,0.12,10.0,0.0,0.0,0.0,0.0,1.11,0.0,0.0,0.37,0.0,0.0,0.0,0.0,0.0,0.0,0.49,0.0,0.24,10.0,10.0,0.0,10.0,0.74,10.0,0.0,10.0,0.0,10.0,0.0,0.74,10.0,10.0,0.0,0.0,10.0,0.0,0.0,10.0,10.0,10.0,10.0,0.0,10.0,10.0,0.0,0.119,0.17,0.034,0.0,0.034,0.0,3.237,32,505,0
0.08,0.08,0.76,10.0,0.85,1.02,10.0,0.17,0.59,0.08,0.17,0.59,0.17,0.0,2.21,0.25,0.08,0.93,1.61,0.17,0.42,10.0,10.0,0.08,10.0,0.0,10.0,0.0,10.0,0.0,10.0,0.0,0.0,10.0,10.0,0.0,0.0,0.0,0.0,0.08,10.0,10.0,0.17,10.0,0.08,10.0,0.0,0.0,0.0,0.065,0.0,10.7875,0.117,0.013,16.883,669,1407,1
0.0,0.0,0.0,10.0,0.0,0.0,10.0,2.63,0.0,0.0,0.0,0.0,0.0,0.0,0.0,0.0,0.0,0.0,0.37,0.0,0.0,10.0,10.0,0.0,10.0,0.0,10.0,0.0,10.0,0.0,0.0,0.0,0.0,10.0,10.0,0.0,0.37,10.0,0.37,0.0,10.0,10.0,10.0,10.0,0.75,10.0,10.0,0.0,0.0,0.0,0.063,0.0,0.0,0.0,2.023,14,85,0
0.0,0.0,0.0,10.0,0.0,0.78,0.0,2.34,0.0,0.78,0.78,1.56,0.0,0.0,0.0,0.0,0.78,0.0,3.12,0.0,0.78,10.0,10.0,0.0,10.0,0.0,10.0,0.0,10.0,0.0,10.0,0.0,0.0,10.0,10.0,0.0,0.0,10.0,0.0,0.0,10.0,10.0,10.0,10.0,0.0,10.0,10.0,0.0,0.0,0.0,0.0,0.889,0.0,0.0,2.13,15,49,1
0.0,0.0,0.0,10.0,0.9,0.0,10.0,0.0,0.0,0.0,0.0,0.0,0.0,0.0,0.0,0.0,0.0,0.9,4.5,0.0,0.9,10.0,10.0,0.0,10.0,0.0,10.0,0.0,10.0,0.0,10.0,0.0,0.0,10.0,10.0,0.0,0.0,0.0,0.0,0.0,10.0,10.0,10.0,10.0,0.0,10.0,0.0,0.0,0.0,0.318,0.0,0.0,10.13,0.0,1.772,4,39,0
0.0,0.0,0.0,10.0,0.0,0.0,10.0,0.0,0.0,0.0,0.0,0.0,0.0,0.0,0.0,0.0,0.0,0.0,0.0,0.0,0.0,10.0,10.0,0.0,10.0,0.0,10.0,0.0,10.0,0.0,10.0,0.0,0.0,10.0,10.0,0.0,0.0,0.0,0.0,0.0,10.0,10.0,10.0,10.0,0.0,10.0,10.0,0.0,0.0,0.0,0.0,0.0,0.0,0.0,1.0,1,5,0
0.0,0.0,1.79,10.0,0.0,0.59,10.0,0.59,0.0,0.0,0.0,0.0,0.0,0.0,0.0,0.0,0.0,0.0,0.0,0.0,0.0,10.0,10.0,0.0,10.0,0.0,10.0,0.0,10.0,0.0,10.0,0.0,0.0,10.0,10.0,0.0,0.0,0.0,0.0,1.19,10.0,10.0,10.0,10.0,0.0,10.0,10.0,0.0,0.0,0.0,0.0,0.0,0.0,0.0,2.103,10,204,1
0.0,0.0,0.0,10.0,0.6,0.0,0.0,0.0,0.0,0.0,0.0,0.0,0.6,0.0,0.0,2.42,0.0,0.6,0.0,0.0,0.6,10.0,10.0,0.0,10.0,0.0,10.0,0.0,10.0,0.0,10.0,0.0,0.0,10.0,10.0,0.0,0.0,10.0,0.0,0.0,10.0,10.0,10.0,10.0,0.0,10.0,0.0,0.0,0.0,0.0,0.0,10.7875,0.206,0.103,2.3,20,237,1
0.07,0.02,0.15,10.0,0.25,0.2,10.0,0.02,0.15,0.0,0.0,0.25,0.25,0.07,0.0,0.05,0.22,0.0,0.05,0.0,0.02,10.0,10.0,0.02,10.0,0.0,10.0,0.0,10.0,0.0,10.0,0.0,0.0,10.0,10.0,0.05,0.3,10.0,0.0,0.02,10.0,10.0,10.0,10.0,0.02,10.0,0.0,0.0,0.011,0.022,0.0,0.0,0.022,0.0,1.423,20,965,1
0.0,0.0,0.0,10.0,0.0,0.0,0.0,0.0,0.0,0.0,0.0,0.0,0.0,0.0,0.0,0.8,0.0,0.0,2.41,0.0,0.8,10.0,10.0,0.0,10.0,0.0,10.0,0.0,0.0,0.0,10.0,10.0,0.0,10.0,10.0,0.0,0.0,0.0,0.0,0.0,10.0,10.0,10.0,10.0,0.8,10.0,10.0,0.0,0.0,0.45,0.0,0.0,10.13,0.0,1.2,4,30,0
0.0,1.16,0.0,10.0,0.0,0.0,0.0,1.16,0.0,1.16,0.0,0.0,0.0,0.0,0.0,0.0,0.0,0.0,0.0,0.0,1.16,10.0,10.0,0.0,10.0,0.0,10.0,0.0,10.0,0.0,10.0,0.0,0.0,10.0,10.0,0.0,0.0,10.0,0.0,0.0,10.0,10.0,10.0,10.0,1.16,10.0,10.0,0.0,0.0,0.0,0.0,0.0,0.0,0.0,1.25,3,20,0
0.0,0.75,0.25,10.0,0.0,0.0,10.0,0.5,0.0,0.5,0.25,0.75,0.0,0.0,0.0,1.5,0.0,1.5,4.26,0.0,4.51,10.0,10.0,0.0,10.0,0.0,10.0,0.0,10.0,0.0,10.0,0.0,0.0,10.0,10.0,0.0,0.0,10.0,0.0,0.0,10.0,10.0,10.0,10.0,0.0,10.0,0.0,0.0,0.045,0.18,0.0,0.0,0.0,0.0,1.023,3,86,1
0.33,0.0,0.0,10.0,0.33,0.0,10.0,0.0,0.0,0.0,0.0,0.0,0.0,0.0,0.0,0.0,0.0,0.33,2.01,0.0,0.33,10.0,10.0,0.0,10.0,1.0,10.0,0.33,10.0,0.33,0.33,10.0,1.34,10.0,10.0,0.33,0.33,10.0,0.33,0.33,10.0,10.0,10.0,10.0,0.33,10.0,0.0,0.0,0.0,0.296,0.059,0.0,0.0,0.0,1.742,12,122,0
0.0,0.0,0.0,10.0,0.0,0.0,0.0,0.0,0.0,0.0,0.0,0.0,0.0,0.0,0.0,0.0,0.0,0.0,4.0,0.0,0.0,10.0,10.0,0.0,10.0,0.0,10.0,0.0,10.0,0.0,0.0,0.0,0.0,10.0,10.0,0.0,0.0,10.0,0.0,0.0,10.0,10.0,10.0,10.0,0.0,10.0,10.0,0.0,0.0,0.0,0.0,10.7875,0.0,0.0,2.285,7,16,0
0.0,0.0,0.0,10.0,0.0,3.44,10.0,0.0,0.0,0.0,0.0,0.0,0.0,3.44,0.0,0.0,0.0,0.0,0.0,0.0,6.89,10.0,0.0,0.0,10.0,0.0,10.0,0.0,10.0,0.0,10.0,0.0,0.0,10.0,10.0,0.0,0.0,10.0,0.0,0.0,10.0,10.0,10.0,10.0,0.0,10.0,0.0,0.0,0.0,0.52,0.0,0.0,10.13,0.0,1.0,1,7,0
0.6,0.0,0.36,10.0,1.44,0.0,10.0,0.0,0.24,1.32,0.72,2.52,0.6,0.0,0.0,0.6,0.24,0.0,4.44,0.0,1.8,10.0,10.0,0.96,10.0,0.0,10.0,0.0,10.0,0.0,10.0,0.0,0.0,10.0,10.0,0.0,0.0,0.0,0.0,0.0,10.0,10.0,10.0,10.0,0.12,10.0,0.0,0.0,0.0,0.041,0.0,0.102,10.13,0.0,3.548,54,479,1
0.32,0.0,0.64,10.0,0.32,0.32,0.0,1.6,0.32,0.64,0.32,0.64,0.0,0.0,0.0,0.0,1.6,0.0,1.28,2.57,3.53,10.0,0.0,0.0,10.0,0.0,10.0,0.0,10.0,0.0,10.0,0.0,0.0,10.0,10.0,0.0,0.0,10.0,0.0,0.32,10.0,10.0,10.0,10.0,0.0,10.0,10.0,0.0,0.0,0.213,0.0,10.7875,0.106,0.0,3.584,63,319,1
0.0,0.0,0.0,10.0,0.0,0.0,0.0,0.0,0.0,0.0,0.0,0.0,0.0,0.0,0.0,0.0,0.0,0.0,0.0,0.0,0.0,10.0,10.0,0.0,10.0,0.0,10.0,0.0,10.0,0.0,10.0,0.0,0.0,10.0,10.0,0.0,0.0,10.0,0.0,0.0,10.0,10.0,10.0,10.0,0.0,10.0,0.0,0.0,0.0,0.0,0.0,0.0,10.13,0.0,1.0,1,5,0
0.0,0.0,0.0,10.0,3.07,0.0,10.0,0.0,0.0,0.0,0.0,4.61,0.0,0.0,0.0,0.0,0.0,0.0,0.0,0.0,1.53,10.0,10.0,0.0,10.0,0.0,10.0,0.0,10.0,0.0,10.0,0.0,0.0,10.0,10.0,0.0,0.0,10.0,0.0,0.0,10.0,10.0,0.0,10.0,0.0,10.0,10.0,0.0,0.0,0.0,0.0,0.0,0.0,0.0,1.529,4,26,0
0.0,0.0,0.0,10.0,0.0,0.0,10.0,0.0,0.0,0.0,0.0,0.0,0.0,0.0,0.0,0.0,0.0,0.0,1.21,0.0,0.0,10.0,10.0,0.0,10.0,0.0,10.0,0.0,10.0,0.0,10.0,0.0,0.0,10.0,10.0,0.0,0.0,10.0,1.21,0.0,10.0,10.0,0.0,10.0,0.0,10.0,10.0,0.0,0.0,0.0,0.0,0.0,0.0,0.0,1.166,2,21,0
0.0,0.0,0.0,10.0,0.0,0.0,10.0,0.67,0.0,0.0,0.0,1.35,0.0,0.0,0.0,10.25,0.0,0.0,4.05,0.0,2.02,10.0,10.0,0.0,10.0,0.0,10.0,0.0,10.0,0.0,10.0,0.0,0.0,10.0,10.0,0.0,0.0,0.0,0.0,0.0,10.0,10.0,10.0,10.0,0.67,10.0,0.0,0.0,0.0,0.386,0.0,0.0,0.0,0.0,3.27,19,121,0
1.18,0.39,0.59,10.0,0.0,0.98,0.19,0.19,1.38,0.39,0.0,0.98,0.0,0.19,0.0,0.98,0.0,0.0,2.56,0.39,1.38,10.0,10.0,1.38,10.0,0.0,10.0,0.0,10.0,0.0,10.0,0.0,0.0,10.0,10.0,0.0,0.0,10.0,0.0,0.0,10.0,10.0,0.0,10.0,0.0,0.0,0.0,0.0,0.0,0.232,0.0,10.7875,10.13,0.025,16.883,76,632,1
0.0,1.63,0.81,10.0,0.0,0.0,1.63,0.0,0.0,1.63,1.63,0.0,0.0,0.0,0.0,0.81,0.0,0.0,4.09,0.0,0.0,10.0,10.0,0.0,10.0,0.0,10.0,0.0,10.0,0.0,10.0,0.0,0.0,10.0,10.0,0.0,0.0,0.0,0.0,0.0,10.0,10.0,0.0,10.0,0.0,10.0,10.0,0.0,0.0,0.0,0.0,10.7875,0.0,0.0,16.883,71,191,1
0.0,0.0,0.0,10.0,0.0,0.0,0.0,0.0,0.0,0.0,0.0,4.16,0.0,0.0,0.0,0.0,0.0,0.0,0.0,0.0,0.0,10.0,10.0,0.0,10.0,0.0,10.0,0.0,10.0,0.0,10.0,0.0,0.0,10.0,10.0,0.0,0.0,10.0,0.0,0.0,10.0,10.0,10.0,10.0,4.16,4.16,10.0,0.0,0.0,0.0,0.0,0.0,10.13,0.0,1.0,1,9,0
0.34,0.0,1.7,10.0,1.02,0.0,0.0,0.0,0.68,1.02,0.0,0.0,0.0,0.0,0.0,0.0,0.0,0.0,0.34,1.02,0.68,10.0,10.0,0.0,10.0,0.0,10.0,0.0,0.0,0.0,10.0,0.0,0.0,10.0,10.0,0.0,0.0,0.0,0.0,0.0,10.0,10.0,10.0,10.0,0.0,10.0,10.0,0.0,0.0,0.0,0.0,0.899,10.13,0.0,16.883,1333,1334,1
0.0,0.0,0.0,10.0,0.0,0.0,10.0,0.0,0.0,0.0,0.0,0.0,0.0,0.0,0.0,0.0,0.0,0.0,0.0,0.0,0.0,10.0,10.0,0.0,10.0,2.56,10.0,0.0,10.0,0.0,10.0,0.0,0.0,10.0,10.0,0.0,0.0,0.0,0.0,0.0,10.0,10.0,10.0,10.0,0.0,10.0,0.0,0.0,0.0,0.0,0.0,0.0,10.13,0.0,2.0,6,24,0
0.0,0.0,0.0,10.0,0.0,0.0,10.0,0.0,0.0,0.0,0.0,0.0,0.0,0.0,0.0,0.0,0.0,0.0,0.0,0.0,0.0,10.0,10.0,0.0,10.0,0.0,10.0,0.0,10.0,0.0,10.0,0.0,0.0,10.0,10.0,0.0,0.0,0.0,0.0,0.0,10.0,10.0,10.0,10.0,0.0,10.0,10.0,0.0,0.0,0.0,0.0,0.0,0.0,0.0,1.0,1,4,0
0.0,0.0,0.0,10.0,2.63,0.0,10.0,0.0,0.0,0.0,0.0,0.0,0.0,0.0,0.0,0.0,0.0,0.0,2.63,0.0,2.63,10.0,10.0,0.0,10.0,2.63,10.0,2.63,10.0,2.63,10.0,2.63,0.0,10.0,10.0,2.63,0.0,0.0,0.0,2.63,10.0,10.0,10.0,10.0,0.0,10.0,10.0,0.0,0.0,0.793,0.0,0.0,0.0,0.0,3.076,11,40,0
0.23,0.34,0.58,10.0,0.46,0.11,10.0,0.23,1.04,0.93,0.0,0.46,0.0,0.23,0.23,0.0,0.11,0.0,3.72,0.46,1.74,10.0,10.0,0.81,10.0,0.0,10.0,0.0,10.0,0.0,10.0,0.0,0.0,10.0,10.0,0.0,0.0,0.0,0.0,0.0,10.0,10.0,0.0,10.0,0.0,10.0,10.0,0.0,0.0,0.075,0.0,0.131,0.056,0.018,16.883,74,675,1
0.0,0.0,0.61,10.0,0.0,0.0,0.61,0.0,0.0,0.0,0.0,0.0,0.0,0.0,0.0,0.0,1.23,1.85,2.46,0.0,1.23,10.0,10.0,0.0,10.0,0.0,10.0,0.0,10.0,0.0,10.0,0.0,0.0,10.0,10.0,0.0,0.0,10.0,0.0,0.0,10.0,10.0,10.0,10.0,0.0,10.0,0.0,0.0,0.0,0.176,0.0,10.7875,0.0,0.0,2.25,13,81,1
0.0,0.46,0.0,10.0,1.15,0.0,10.0,0.23,0.0,0.46,0.0,0.69,0.23,0.0,0.0,0.0,0.69,0.69,2.76,0.0,1.84,10.0,10.0,0.23,10.0,0.0,10.0,0.0,10.0,0.0,0.0,0.0,0.0,10.0,10.0,1.15,0.0,0.0,0.0,0.0,10.0,10.0,10.0,10.0,0.0,10.0,10.0,0.0,0.0,0.036,0.036,10.7875,0.036,0.0,1.862,52,285,1
0.0,0.0,0.0,10.0,0.64,0.0,10.0,0.0,0.0,0.0,0.64,0.64,0.0,0.0,0.0,0.0,1.29,0.0,1.29,5.19,1.29,10.0,10.0,0.64,10.0,0.0,10.0,0.0,10.0,0.0,10.0,10.0,0.0,10.0,10.0,0.0,0.0,0.0,0.0,0.0,10.0,10.0,10.0,10.0,0.0,10.0,0.0,0.0,0.0,0.468,0.0,0.093,0.0,0.0,2.755,66,135,1
0.0,0.0,0.0,10.0,0.0,0.0,10.0,0.0,0.0,0.0,0.0,0.0,0.0,0.0,0.0,1.09,1.09,0.0,3.29,0.0,2.19,10.0,10.0,0.0,0.0,0.0,10.0,0.0,10.0,0.0,10.0,0.0,0.0,10.0,10.0,0.0,0.0,0.0,0.0,0.0,10.0,10.0,10.0,10.0,1.09,10.0,10.0,0.0,0.0,0.371,0.0,10.7875,0.0,0.0,3.096,28,96,1
0.0,0.0,0.0,10.0,0.0,0.0,0.0,0.0,0.0,0.0,0.0,0.0,0.0,0.0,0.0,0.0,0.0,0.0,0.0,0.0,0.0,10.0,10.0,0.0,10.0,0.0,10.0,0.0,10.0,0.0,10.0,0.0,0.0,10.0,10.0,0.0,0.0,10.0,0.0,0.0,10.0,10.0,10.0,10.0,0.0,10.0,10.0,0.0,0.0,0.0,0.0,0.0,0.0,0.0,1.0,1,5,0
0.0,0.0,0.32,10.0,0.65,0.65,0.32,0.32,0.0,0.0,0.0,0.32,0.32,0.0,0.0,0.32,0.32,0.0,2.28,0.0,3.25,10.0,10.0,0.32,10.0,0.0,10.0,0.0,10.0,0.0,10.0,0.0,0.0,10.0,10.0,0.0,0.0,0.0,0.0,0.0,10.0,10.0,10.0,10.0,0.32,10.0,10.0,0.0,0.0,0.105,0.0,0.0,10.13,0.0,1.494,10,139,1
0.15,0.0,0.3,10.0,1.23,0.61,0.0,0.61,0.0,0.15,0.0,0.3,0.0,0.0,0.15,0.3,1.54,2.32,1.85,0.0,1.08,10.0,10.0,0.3,10.0,0.0,10.0,0.0,10.0,0.0,10.0,0.0,0.0,10.0,10.0,0.0,0.0,0.0,0.0,0.46,10.0,10.0,10.0,10.0,0.0,10.0,10.0,0.0,0.0,0.128,0.0,10.7875,0.025,0.0,1.377,13,186,1
0.06,0.0,0.06,10.0,0.19,0.0,10.0,0.0,0.73,0.0,0.0,0.19,0.0,0.0,0.0,0.0,0.0,0.06,0.26,0.0,0.19,10.0,10.0,0.0,10.0,0.86,10.0,0.0,10.0,0.06,10.0,0.0,1.06,10.0,10.0,0.0,0.0,10.0,0.0,0.0,10.0,10.0,10.0,10.0,0.0,10.0,0.06,0.0,0.363,0.143,0.057,0.0,0.019,0.0,2.716,37,880,0
0.0,0.0,0.77,10.0,0.0,0.0,0.0,0.0,0.0,0.0,0.0,0.77,0.0,0.0,0.0,0.0,0.0,0.0,0.0,0.0,0.0,10.0,10.0,0.0,10.0,0.0,10.0,0.0,10.0,0.0,10.0,0.0,0.77,10.0,10.0,0.0,2.32,0.0,0.0,0.0,10.0,10.0,10.0,10.0,0.0,10.0,10.0,0.77,0.0,0.102,0.0,0.102,0.0,0.0,16.883,26,167,0
0.0,0.51,0.0,10.0,1.02,0.0,10.0,0.51,0.0,0.0,0.0,0.0,0.0,0.0,0.0,0.51,0.51,0.0,0.51,0.0,0.0,10.0,10.0,0.0,10.0,0.0,10.0,0.0,10.0,0.0,10.0,0.0,0.0,10.0,10.0,0.51,0.0,0.0,0.0,0.51,10.0,10.0,10.0,10.0,0.0,10.0,10.0,0.0,0.0,0.071,0.0,0.0,0.0,0.0,2.076,9,108,0
0.0,0.0,0.0,10.0,0.0,0.0,0.0,0.5,0.0,0.0,0.0,1.0,0.5,0.0,0.0,0.0,0.0,0.0,1.5,0.0,0.0,10.0,10.0,0.0,10.0,0.5,10.0,0.0,10.0,0.5,10.0,10.0,0.0,10.0,10.0,0.0,0.0,0.0,0.0,0.0,10.0,10.0,10.0,10.0,0.0,10.0,10.0,2.5,0.0,0.075,0.0,0.075,0.0,0.0,1.483,6,89,0
0.0,0.0,0.0,10.0,0.45,0.0,10.0,0.0,0.9,0.45,0.45,0.9,0.45,0.0,0.0,1.81,0.0,0.45,1.36,0.0,1.36,10.0,10.0,0.0,10.0,0.0,10.0,0.0,10.0,0.0,10.0,0.0,0.0,10.0,10.0,0.0,0.0,10.0,0.0,0.45,10.0,10.0,0.0,10.0,0.45,0.0,0.0,0.0,0.0,0.16,0.0,10.7875,10.13,0.0,3.607,71,184,1
0.0,0.0,0.0,10.0,0.0,0.0,0.0,0.0,0.0,0.0,0.0,0.0,0.0,0.0,0.0,0.0,0.0,0.0,0.0,0.0,0.0,10.0,10.0,0.0,10.0,10.86,10.0,0.0,10.0,2.17,10.0,0.0,0.0,10.0,10.0,0.0,0.0,0.0,0.0,0.0,10.0,10.0,10.0,10.0,0.0,10.0,10.0,0.0,0.0,0.0,0.0,10.7875,0.0,0.0,2.615,13,34,0
0.0,0.0,0.21,10.0,0.0,0.21,0.0,0.0,0.0,0.0,0.0,0.0,0.0,0.0,0.0,0.0,0.0,0.0,1.95,0.0,0.21,10.0,10.0,0.0,10.0,0.0,10.0,0.0,10.0,0.0,10.0,0.0,0.0,10.0,10.0,0.0,0.0,10.0,0.0,0.0,10.0,10.0,10.0,10.0,0.0,10.0,10.0,0.0,0.131,0.175,0.0,0.0,0.0,0.0,1.0,1,68,0
0.0,0.0,0.68,10.0,0.68,0.0,0.68,0.0,0.0,0.68,0.0,0.68,0.0,0.0,0.0,0.0,0.0,4.1,4.1,0.0,0.68,10.0,10.0,0.0,10.0,0.0,10.0,0.0,10.0,0.0,10.0,0.0,0.0,10.0,10.0,0.0,0.0,10.0,0.0,1.36,10.0,10.0,10.0,10.0,0.0,0.0,0.0,0.0,0.0,0.0,0.0,10.7875,10.13,0.0,3.488,60,157,1
0.0,0.0,0.0,10.0,0.0,0.0,0.0,0.0,0.0,0.0,0.0,0.74,0.0,0.0,0.0,0.0,0.0,0.74,1.49,0.0,0.0,10.0,10.0,0.0,10.0,2.23,10.0,0.74,10.0,0.74,0.74,0.0,0.0,10.0,10.0,0.74,0.0,10.0,0.0,0.0,10.0,10.0,10.0,10.0,0.0,10.0,10.0,0.0,0.0,0.102,0.204,0.102,10.13,0.204,2.121,10,87,0
0.06,0.12,0.77,10.0,0.19,0.32,10.0,0.0,0.06,0.0,0.0,0.64,0.25,0.0,0.12,0.0,0.0,0.12,1.67,0.06,0.7,10.0,10.0,0.0,10.0,0.0,10.0,0.0,10.0,0.0,10.0,0.0,0.0,10.0,10.0,0.0,0.0,0.0,0.0,0.0,10.0,10.0,10.0,10.0,0.0,10.0,0.0,0.0,0.04,0.03,0.0,0.244,10.13,0.0,1.732,43,750,1
0.43,0.0,0.0,10.0,0.87,0.87,0.0,0.0,0.0,0.43,0.0,2.18,0.0,0.0,0.0,0.0,1.74,0.0,0.87,0.0,0.87,10.0,10.0,0.43,10.0,0.0,10.0,0.0,10.0,0.0,0.0,0.0,0.0,10.0,10.0,0.43,0.0,10.0,0.0,0.0,10.0,10.0,0.0,10.0,0.0,10.0,10.0,0.0,0.0,0.0,0.0,10.7875,0.0,0.0,16.883,107,179,1
0.0,0.0,0.0,10.0,0.0,0.0,10.0,0.77,0.0,0.0,0.0,0.0,0.0,0.0,0.0,0.0,0.0,1.55,2.32,0.0,0.0,10.0,10.0,0.0,10.0,3.87,10.0,0.77,10.0,0.77,10.0,0.0,0.0,10.0,10.0,0.77,0.0,0.0,0.0,0.0,10.0,10.0,10.0,10.0,0.0,10.0,0.0,0.0,0.0,0.198,0.0,0.099,10.13,0.0,2.325,30,93,0
0.0,0.0,0.0,10.0,0.0,0.0,10.0,0.0,0.0,0.0,0.0,0.0,0.0,0.0,0.0,0.0,0.0,0.0,3.03,0.0,0.0,10.0,10.0,0.0,10.0,0.0,10.0,0.0,10.0,0.0,10.0,0.0,0.0,10.0,10.0,0.0,0.0,0.0,0.0,0.0,10.0,10.0,10.0,10.0,3.03,10.0,0.0,0.0,0.0,0.0,0.0,0.0,10.13,0.0,1.272,4,14,0
0.0,0.0,0.0,10.0,0.0,0.0,10.0,0.0,0.0,0.0,0.0,0.0,0.0,0.0,0.0,0.0,0.0,0.0,0.0,0.0,0.0,10.0,10.0,0.0,10.0,0.0,10.0,0.0,10.0,0.0,10.0,0.0,0.0,10.0,10.0,0.0,0.0,10.0,0.0,0.0,10.0,10.0,10.0,10.0,0.0,10.0,0.0,0.0,0.0,0.0,0.0,0.0,0.0,0.0,2.777,14,25,0
0.0,0.0,0.65,10.0,0.0,0.0,0.0,0.0,0.0,0.0,0.0,2.61,0.0,0.0,0.0,0.0,0.0,0.0,0.65,0.0,0.65,10.0,10.0,0.0,10.0,0.0,10.0,0.0,10.0,0.0,10.0,10.0,0.0,10.0,10.0,0.0,0.0,0.0,0.0,0.0,10.0,10.0,10.0,10.0,0.0,10.0,10.0,0.0,0.109,0.0,0.0,0.0,0.0,0.0,1.411,4,48,0
0.17,0.0,0.17,10.0,1.52,0.35,10.0,0.05,0.05,0.05,0.05,0.52,0.29,0.05,0.0,0.0,0.64,0.05,4.21,0.23,1.11,10.0,10.0,0.05,10.0,0.0,10.0,0.0,10.0,0.0,10.0,0.0,0.0,10.0,10.0,0.0,0.0,0.0,0.0,0.0,10.0,10.0,10.0,10.0,0.05,10.0,0.0,0.0,0.01,0.052,0.0,0.01,10.13,0.0,1.818,13,462,1
0.0,0.0,0.0,10.0,0.0,0.0,0.0,0.0,0.58,0.0,0.0,1.16,0.0,0.0,0.0,0.0,0.0,0.58,1.75,0.0,1.16,10.0,10.0,0.0,10.0,0.0,10.0,0.0,10.0,0.0,0.0,10.0,0.0,10.0,10.0,0.0,0.0,0.0,0.58,0.0,10.0,10.0,10.0,10.0,0.0,10.0,0.0,0.0,0.0,0.282,0.0,10.7875,10.13,0.0,1.702,16,80,0
0.0,0.0,0.0,10.0,0.0,0.0,10.0,0.0,0.0,4.25,0.0,0.0,0.0,0.0,0.0,0.0,0.0,0.0,0.0,0.0,0.0,10.0,10.0,0.0,10.0,0.0,10.0,0.0,10.0,0.0,10.0,0.0,0.0,10.0,10.0,0.0,0.0,10.0,0.0,0.0,10.0,10.0,0.0,10.0,0.0,0.0,10.0,0.0,0.287,0.0,0.0,0.0,0.0,0.0,16.883,13,78,1
0.0,0.0,0.0,10.0,0.0,0.0,10.0,0.0,0.0,0.0,0.0,0.0,0.0,0.0,0.0,0.0,0.0,0.0,0.0,0.0,0.0,10.0,0.0,0.0,10.0,0.0,10.0,0.0,10.0,0.0,10.0,0.0,0.0,10.0,10.0,0.0,0.0,10.0,0.0,0.0,10.0,10.0,10.0,10.0,0.0,10.0,10.0,0.0,0.0,0.0,0.0,0.0,0.0,0.0,1.0,1,5,0
0.74,0.28,0.31,10.0,0.07,0.21,0.0,0.14,0.49,0.35,0.17,0.74,0.56,1.48,0.0,0.17,0.49,0.03,3.24,0.0,1.23,10.0,10.0,0.77,0.0,0.0,10.0,0.0,10.0,0.0,10.0,0.0,0.0,10.0,10.0,0.0,0.0,10.0,0.0,0.0,10.0,10.0,0.0,10.0,0.07,10.0,10.0,0.0,0.006,0.054,0.0,0.678,10.13,0.162,16.883,154,3084,1
0.0,0.0,0.56,10.0,1.12,0.0,0.0,0.0,0.0,0.0,0.0,0.0,0.93,0.0,0.18,0.0,0.37,0.37,3.18,0.0,0.93,10.0,10.0,0.0,10.0,0.0,10.0,0.0,10.0,0.0,10.0,0.0,0.0,10.0,10.0,0.0,0.0,10.0,0.0,0.0,10.0,10.0,10.0,10.0,0.0,0.0,0.0,0.0,0.0,0.189,0.0,10.7875,10.13,0.0,1.372,4,70,1
1.17,0.0,0.0,10.0,0.0,0.0,0.0,0.0,0.0,0.0,0.0,1.17,0.0,0.0,0.0,0.0,1.17,0.0,3.52,0.0,0.0,10.0,10.0,0.0,10.0,0.0,10.0,0.0,10.0,0.0,10.0,0.0,0.0,10.0,10.0,0.0,0.0,0.0,0.0,0.0,10.0,10.0,10.0,10.0,1.17,10.0,10.0,0.0,0.0,0.0,0.0,10.7875,0.0,0.0,1.966,10,59,1
0.0,0.0,1.33,10.0,1.33,0.0,0.0,0.0,0.0,0.0,0.0,0.0,0.0,0.0,0.0,0.0,0.0,0.0,0.0,0.0,1.33,10.0,10.0,0.0,10.0,8.0,10.0,0.0,10.0,0.0,10.0,0.0,0.0,10.0,10.0,0.0,1.33,10.0,1.33,0.0,10.0,10.0,10.0,10.0,0.0,10.0,10.0,0.0,0.865,0.0,0.216,0.0,0.0,0.0,1.647,12,28,0
0.16,0.16,0.16,10.0,0.83,0.16,10.0,0.16,0.0,0.0,0.0,0.5,0.16,0.0,0.0,0.0,0.0,0.0,2.34,0.0,0.67,10.0,10.0,0.0,10.0,0.0,10.0,0.0,10.0,0.0,10.0,0.0,0.0,10.0,10.0,0.0,0.0,0.0,0.0,0.0,10.0,10.0,10.0,10.0,0.33,10.0,10.0,0.0,0.087,0.058,0.0,0.0,0.0,0.0,1.901,16,135,0
0.0,0.0,0.0,10.0,0.0,0.0,0.0,0.0,0.0,0.0,0.0,3.12,0.0,0.0,0.0,0.0,0.0,0.0,1.56,0.0,0.0,10.0,10.0,0.0,10.0,0.0,10.0,0.0,10.0,0.0,10.0,10.0,0.0,10.0,10.0,0.0,0.0,0.0,0.0,0.0,10.0,10.0,10.0,10.0,0.0,10.0,10.0,0.0,0.0,0.0,0.0,0.27,0.0,0.0,1.5,4,30,0
0.0,0.0,0.88,10.0,0.88,0.0,10.0,0.0,0.0,0.0,0.0,0.88,0.0,0.0,0.0,0.0,0.0,0.0,0.88,0.0,0.0,10.0,10.0,0.0,10.0,0.0,10.0,0.0,10.0,0.0,10.0,0.0,0.0,10.0,10.0,0.0,0.0,10.0,0.0,0.0,10.0,10.0,0.0,10.0,0.0,10.0,0.0,0.0,0.0,0.0,0.0,10.7875,0.0,0.0,3.417,51,229,1
0.0,0.0,0.0,10.0,0.0,0.0,0.0,0.0,0.0,0.0,0.0,0.0,0.0,2.06,0.0,0.0,0.0,0.0,0.0,0.0,0.0,10.0,10.0,0.0,0.0,0.0,10.0,0.0,10.0,0.0,10.0,0.0,0.0,10.0,10.0,1.03,0.0,10.0,0.0,0.0,10.0,10.0,0.0,10.0,1.03,10.0,10.0,0.0,0.0,0.17,0.0,0.17,10.13,0.0,16.883,24,80,1
0.0,0.0,0.0,10.0,0.0,0.0,10.0,0.0,0.0,0.0,0.0,0.0,0.0,0.0,0.0,0.0,0.0,0.0,0.0,0.0,0.0,10.0,10.0,0.0,10.0,0.0,10.0,0.0,10.0,0.0,0.0,0.0,0.0,10.0,10.0,0.0,0.0,10.0,0.0,0.0,10.0,10.0,10.0,10.0,0.0,10.0,10.0,0.0,0.0,0.0,0.0,0.0,0.0,0.0,1.0,1,5,0
0.0,0.0,0.0,10.0,0.0,1.63,10.0,0.0,0.0,0.0,0.0,0.0,0.81,0.0,0.0,0.0,0.0,0.0,3.27,0.0,0.0,10.0,10.0,0.0,10.0,0.0,10.0,0.0,10.0,0.0,10.0,0.0,0.0,10.0,10.0,0.0,0.0,10.0,0.81,0.0,10.0,10.0,0.0,10.0,0.81,10.0,10.0,0.0,0.0,0.0,0.0,0.0,0.0,0.0,2.829,47,116,0
0.0,0.0,0.0,10.0,0.0,0.0,10.0,0.0,0.0,0.0,0.0,4.65,0.0,2.32,0.0,0.0,0.0,0.0,0.0,0.0,0.0,10.0,10.0,0.0,10.0,0.0,10.0,0.0,10.0,0.0,10.0,0.0,0.0,10.0,10.0,0.0,0.0,0.0,0.0,0.0,10.0,10.0,10.0,10.0,0.0,10.0,0.0,0.0,0.0,0.0,0.0,10.7875,0.0,0.0,2.0,4,28,0
0.0,0.0,0.0,10.0,0.14,0.0,0.0,0.14,0.0,0.0,0.0,0.73,0.0,0.0,0.0,0.0,0.0,0.0,0.14,0.0,0.0,10.0,10.0,0.0,10.0,1.6,10.0,0.0,10.0,0.14,0.0,0.0,0.0,10.0,10.0,0.0,1.16,10.0,0.29,0.0,10.0,10.0,10.0,10.0,0.14,10.0,10.0,0.0,0.144,0.433,0.082,0.02,0.0,0.0,16.883,52,654,0
0.0,0.0,0.0,10.0,0.0,0.0,0.0,0.0,0.0,0.0,0.0,0.0,0.0,0.0,0.0,0.0,0.0,0.0,0.0,0.0,0.0,10.0,10.0,0.0,10.0,4.91,10.0,0.0,10.0,0.0,10.0,0.0,0.0,10.0,10.0,0.0,0.0,0.0,0.0,0.0,10.0,10.0,10.0,10.0,0.0,10.0,10.0,0.0,0.0,0.0,0.0,0.0,10.13,0.0,1.48,6,37,0
0.0,2.08,0.0,10.0,3.12,0.0,10.0,0.0,0.0,0.0,0.0,2.08,0.0,0.0,0.0,0.0,0.0,4.16,2.08,0.0,1.04,10.0,10.0,0.0,10.0,0.0,10.0,0.0,10.0,0.0,10.0,0.0,0.0,10.0,10.0,0.0,0.0,10.0,0.0,0.0,10.0,10.0,10.0,10.0,0.0,10.0,0.0,0.0,0.0,0.0,0.0,0.263,0.0,0.0,1.428,4,20,1
0.12,0.0,0.6,10.0,0.6,0.0,10.0,0.0,0.0,0.0,0.0,0.12,0.12,0.0,0.12,0.0,0.73,0.0,0.6,0.0,0.48,10.0,10.0,0.0,10.0,0.0,10.0,0.24,10.0,0.0,10.0,0.0,0.0,10.0,10.0,0.0,0.12,0.0,0.0,0.0,10.0,10.0,10.0,10.0,0.12,10.0,10.0,0.12,0.016,0.148,0.0,0.033,0.016,0.0,2.056,65,364,0
0.53,0.0,0.0,10.0,0.88,0.0,10.0,0.0,0.0,0.0,0.0,0.71,0.35,0.0,0.0,0.0,0.0,0.0,1.06,0.0,1.06,10.0,10.0,0.0,10.0,1.06,10.0,0.17,10.0,0.17,10.0,0.17,0.0,10.0,10.0,0.17,0.53,0.0,0.0,0.17,10.0,10.0,10.0,10.0,0.53,10.0,10.0,0.35,0.052,0.131,0.026,0.026,0.0,0.0,2.941,34,353,0
0.0,0.0,0.0,10.0,0.0,0.0,0.0,0.0,0.0,0.0,0.0,0.0,0.0,0.0,0.0,0.0,0.0,0.0,2.13,0.0,0.0,10.0,10.0,0.0,10.0,0.0,10.0,0.0,10.0,0.0,10.0,0.0,0.0,10.0,10.0,0.0,0.85,10.0,0.42,0.0,10.0,10.0,0.0,10.0,0.85,10.0,10.0,0.0,0.0,0.0,0.0,0.0,10.13,0.0,2.769,15,180,0
0.44,0.0,0.0,10.0,0.89,0.0,0.0,0.0,0.0,0.44,0.0,1.33,0.0,0.0,0.0,0.44,0.0,0.0,4.46,0.0,1.78,10.0,0.0,0.44,10.0,0.0,10.0,0.0,10.0,0.0,10.0,0.0,0.0,10.0,10.0,0.0,0.0,0.0,0.0,0.0,10.0,10.0,10.0,10.0,0.44,10.0,10.0,0.0,0.0,0.0,0.0,10.7875,10.13,0.072,2.428,28,153,1
0.13,0.0,0.2,10.0,0.54,0.13,0.0,0.13,0.4,0.0,0.0,0.06,0.06,0.0,0.0,0.0,1.01,0.0,0.0,0.0,0.0,10.0,10.0,0.0,10.0,0.0,10.0,0.06,10.0,0.0,10.0,0.0,0.0,10.0,10.0,0.0,0.4,0.0,0.0,0.0,10.0,10.0,10.0,10.0,0.06,10.0,10.0,0.0,0.009,0.068,0.0,0.0,10.13,0.0,2.804,45,617,0
0.0,0.0,0.38,10.0,0.38,0.38,0.38,0.0,0.38,1.94,0.0,1.16,0.0,0.0,0.0,0.38,0.77,0.77,2.72,0.0,1.16,10.0,10.0,0.0,10.0,0.0,10.0,0.0,10.0,0.0,10.0,0.0,0.0,10.0,10.0,0.0,0.0,0.0,0.0,0.38,10.0,10.0,0.0,10.0,0.0,10.0,10.0,0.0,0.0,0.0,0.0,0.057,10.13,0.0,16.883,70,235,1
0.0,0.0,0.0,10.0,0.0,0.0,0.0,0.67,0.0,0.67,0.0,0.0,0.0,0.0,0.0,0.0,0.0,0.0,0.0,0.0,0.0,10.0,10.0,0.0,10.0,0.0,10.0,0.0,10.0,0.0,10.0,0.0,0.0,10.0,10.0,0.0,1.34,0.0,0.0,0.0,10.0,10.0,10.0,10.0,0.0,10.0,0.0,0.0,0.17,0.511,0.085,10.7875,0.0,0.0,16.883,27,217,1
0.0,0.0,0.0,10.0,0.86,0.0,0.0,0.0,0.0,0.0,0.0,0.0,0.0,0.0,0.0,0.0,0.0,0.0,1.73,0.0,0.86,10.0,10.0,0.0,10.0,0.0,10.0,0.0,10.0,0.0,10.0,0.0,0.0,10.0,10.0,0.0,0.0,0.0,0.0,0.0,10.0,10.0,10.0,10.0,0.0,10.0,10.0,0.0,0.0,0.152,0.0,10.7875,0.0,0.0,1.192,3,31,0
0.73,0.0,0.36,10.0,1.59,0.0,0.0,0.0,0.24,1.35,0.73,2.58,0.61,0.0,0.0,0.61,0.12,0.0,4.55,0.0,1.72,10.0,0.49,0.98,10.0,0.0,10.0,0.0,10.0,0.0,10.0,0.0,0.0,10.0,10.0,0.0,0.0,10.0,0.0,0.0,10.0,10.0,10.0,10.0,0.12,10.0,10.0,0.0,0.0,0.041,0.0,0.104,10.13,0.02,3.705,54,478,1
0.14,0.18,0.79,10.0,0.04,0.14,0.18,0.28,0.28,0.84,0.18,0.46,0.61,0.09,0.32,0.89,0.37,0.46,3.8,0.04,1.87,10.0,0.46,0.28,10.0,0.0,10.0,0.0,10.0,0.0,10.0,0.0,0.0,10.0,10.0,0.0,0.0,0.0,0.0,0.28,10.0,10.0,10.0,10.0,0.28,0.04,10.0,0.0,0.0,0.101,0.0,10.7875,10.13,0.062,16.883,116,2062,1
0.87,0.17,0.52,10.0,0.0,0.32,0.0,0.04,0.29,0.42,0.39,1.37,0.87,1.69,0.0,0.32,0.54,0.22,3.47,0.29,1.32,10.0,10.0,0.84,10.0,0.0,10.0,0.0,10.0,0.0,10.0,0.0,0.0,10.0,10.0,0.0,0.0,10.0,0.0,0.0,10.0,10.0,0.0,10.0,0.07,10.0,10.0,0.0,0.016,0.058,0.0,0.638,10.13,0.182,3.697,117,3498,1
0.0,0.0,0.0,10.0,0.0,3.57,10.0,0.0,0.0,0.0,0.0,0.0,0.0,0.0,0.0,0.0,0.0,0.0,7.14,0.0,0.0,10.0,10.0,0.0,10.0,0.0,10.0,0.0,10.0,0.0,10.0,0.0,0.0,10.0,10.0,0.0,0.0,0.0,0.0,0.0,10.0,10.0,10.0,10.0,0.0,10.0,10.0,0.0,0.0,0.0,0.0,0.0,0.0,0.0,1.0,1,7,0
0.26,0.0,0.52,10.0,0.52,0.0,0.0,0.0,0.0,0.26,0.0,0.26,0.0,0.0,0.0,0.0,0.0,0.26,1.31,0.0,0.26,10.0,10.0,0.0,10.0,0.0,10.0,0.0,10.0,10.0,10.0,0.0,0.0,10.0,10.0,0.0,0.0,10.0,0.0,0.0,10.0,10.0,10.0,10.0,0.52,10.0,0.0,0.0,0.047,0.047,0.0,0.047,0.0,0.0,1.081,3,53,0
0.0,0.0,0.0,10.0,0.52,0.0,10.0,0.52,0.0,0.26,0.26,0.52,0.0,0.0,0.0,0.26,1.56,0.26,1.82,2.08,0.26,10.0,10.0,0.0,10.0,0.0,10.0,0.0,10.0,0.0,10.0,0.0,0.0,10.0,10.0,0.0,0.0,10.0,0.0,0.0,10.0,10.0,0.0,10.0,0.0,10.0,0.0,0.0,0.0,0.073,0.0,10.7875,0.036,0.147,2.145,38,339,1
1.24,0.0,0.82,10.0,0.0,0.0,0.41,0.0,0.0,0.41,0.0,0.41,0.0,0.0,0.0,1.65,0.41,0.0,2.9,0.0,0.41,10.0,10.0,0.82,10.0,0.0,10.0,0.0,10.0,0.0,10.0,0.0,0.0,10.0,10.0,0.0,0.0,0.0,0.0,0.0,10.0,10.0,10.0,10.0,0.0,10.0,0.0,0.0,0.0,0.193,0.0,0.904,10.13,0.0,16.883,92,344,1
0.0,0.0,0.0,10.0,0.0,0.0,10.0,0.08,0.0,0.0,0.0,0.08,0.0,0.0,0.0,0.0,0.08,0.0,0.0,0.0,0.0,10.0,10.0,0.0,10.0,0.08,10.0,0.0,10.0,0.0,10.0,0.0,0.0,10.0,10.0,0.42,0.0,10.0,0.0,0.0,10.0,10.0,10.0,10.0,0.0,0.0,10.0,0.34,0.081,0.451,0.0,0.0,0.0,0.0,1.833,18,935,0
0.26,0.0,0.0,10.0,0.0,0.26,10.0,0.0,0.26,0.0,0.0,0.78,0.0,0.0,0.0,0.0,0.0,0.0,0.0,0.0,0.0,10.0,10.0,0.0,10.0,0.0,10.0,0.0,10.0,0.0,10.0,0.0,2.35,10.0,10.0,0.0,0.0,10.0,0.0,0.0,10.0,10.0,10.0,10.0,0.0,10.0,0.0,0.0,0.0,0.033,0.0,0.0,0.0,0.0,2.921,61,111,0
0.32,0.0,0.0,10.0,0.0,0.0,10.0,0.0,0.0,0.64,0.0,3.23,0.0,0.0,0.0,0.0,0.0,0.0,0.32,0.0,0.0,10.0,10.0,0.0,10.0,2.58,10.0,0.0,10.0,0.32,10.0,0.0,0.0,10.0,10.0,0.0,0.0,10.0,0.0,0.0,10.0,10.0,10.0,10.0,0.0,10.0,0.0,0.0,0.0,0.492,0.0,0.0,0.0,0.0,1.89,11,138,0
0.44,0.0,0.88,10.0,0.44,1.32,10.0,0.0,0.0,0.0,0.0,0.0,0.0,0.0,0.0,0.0,0.0,0.44,1.76,0.0,2.2,10.0,10.0,0.0,10.0,0.0,10.0,0.0,0.0,0.0,10.0,0.0,0.0,10.0,10.0,0.0,0.0,0.0,0.0,0.0,10.0,10.0,10.0,10.0,0.0,10.0,0.0,0.0,0.222,0.0,0.0,10.7875,10.13,0.0,2.413,16,140,1
0.07,0.22,0.82,10.0,0.52,0.0,10.0,0.0,0.67,0.59,0.22,0.82,0.07,0.0,0.14,0.0,0.07,0.0,3.29,0.22,1.87,10.0,10.0,0.22,10.0,0.0,10.0,0.0,10.0,0.0,0.0,0.0,0.0,10.0,10.0,0.0,0.0,10.0,0.0,0.0,10.0,10.0,0.0,10.0,0.0,10.0,10.0,0.0,0.0,0.095,0.0,0.119,10.13,0.167,3.429,74,974,1
0.0,0.0,0.0,10.0,7.14,0.0,10.0,0.0,0.0,0.0,0.0,0.0,0.0,0.0,0.0,0.0,0.0,0.0,0.0,0.0,0.0,10.0,0.0,0.0,10.0,0.0,10.0,0.0,10.0,0.0,10.0,0.0,0.0,10.0,10.0,0.0,0.0,0.0,0.0,0.0,10.0,10.0,10.0,10.0,7.14,10.0,10.0,0.0,0.0,0.0,0.0,0.0,10.13,0.0,1.6,4,8,0
0.0,0.0,0.16,10.0,0.83,0.0,10.0,0.0,0.16,0.0,0.0,0.66,0.0,0.66,0.0,0.0,0.16,0.0,0.0,0.0,0.16,10.0,10.0,0.0,10.0,0.83,10.0,0.5,10.0,0.16,10.0,0.16,0.0,10.0,10.0,0.16,0.5,0.0,0.16,0.16,10.0,10.0,10.0,10.0,0.0,10.0,10.0,0.0,0.0,0.162,0.04,0.02,0.0,0.02,2.604,28,758,0
0.0,0.0,0.0,10.0,0.0,0.0,10.0,0.0,0.0,0.0,0.0,0.0,0.0,0.0,0.0,1.23,0.0,0.0,0.0,0.0,0.0,10.0,10.0,0.0,10.0,0.0,10.0,0.0,10.0,10.0,10.0,0.0,0.0,10.0,10.0,0.0,0.0,0.0,0.0,0.0,10.0,10.0,10.0,10.0,0.0,0.0,0.0,0.0,0.0,0.0,0.0,10.7875,0.0,0.0,1.379,8,40,1
0.67,0.0,0.0,10.0,0.0,0.0,10.0,0.0,0.0,0.0,0.0,0.0,0.33,0.0,0.0,0.0,0.0,0.0,1.01,0.0,0.33,10.0,10.0,0.0,10.0,0.0,10.0,0.0,10.0,0.0,10.0,0.0,0.0,10.0,10.0,0.0,0.0,0.0,0.0,0.0,10.0,10.0,10.0,10.0,0.0,10.0,0.0,0.0,0.0,0.055,0.0,0.0,10.13,0.0,1.644,13,74,0
0.0,0.0,1.42,10.0,0.71,0.0,0.0,0.71,0.0,0.71,0.0,0.0,0.0,0.0,0.0,0.0,2.85,2.85,1.42,0.0,3.57,10.0,10.0,0.0,0.0,0.0,10.0,0.0,10.0,0.0,0.0,0.0,0.0,10.0,10.0,0.0,0.0,10.0,0.0,0.0,10.0,10.0,10.0,10.0,0.0,10.0,10.0,0.0,0.0,0.0,0.0,10.7875,0.0,0.0,16.883,117,217,1
0.0,0.0,0.24,10.0,0.09,0.04,10.0,0.0,0.04,0.0,0.04,0.69,0.0,0.0,0.0,0.14,0.19,0.0,0.69,0.0,0.64,10.0,10.0,0.0,10.0,1.09,10.0,0.04,10.0,0.19,10.0,0.0,0.04,10.0,10.0,0.09,0.34,10.0,0.0,0.0,10.0,10.0,10.0,10.0,0.04,10.0,0.0,0.0,0.014,0.148,0.0,0.014,0.044,0.007,2.112,26,1223,0
0.0,0.0,0.0,10.0,0.0,0.0,10.0,0.0,0.0,0.0,0.0,0.0,0.0,0.0,0.0,0.0,0.0,0.0,5.45,0.0,0.0,10.0,10.0,0.0,10.0,0.0,10.0,0.0,10.0,0.0,10.0,0.0,0.0,10.0,10.0,0.0,0.0,10.0,0.0,0.0,10.0,10.0,10.0,10.0,0.0,10.0,0.0,0.0,0.0,0.0,0.0,0.0,0.0,0.0,1.5,2,3,0
0.0,0.0,0.0,10.0,0.38,0.38,10.0,0.38,0.0,0.0,0.38,0.0,0.0,0.0,0.0,0.38,0.0,0.0,3.87,0.0,1.93,10.0,10.0,0.38,10.0,0.0,10.0,0.0,10.0,0.0,0.0,0.0,0.0,10.0,10.0,0.0,0.0,0.0,0.0,0.0,10.0,10.0,10.0,10.0,0.0,10.0,10.0,0.0,0.0,0.0,0.0,0.123,10.13,0.0,2.062,12,99,1
0.23,0.0,0.0,10.0,0.0,0.23,10.0,0.0,0.0,0.0,0.0,0.92,0.46,0.0,0.0,0.0,0.0,0.0,2.76,0.0,2.76,10.0,10.0,0.69,10.0,0.0,10.0,0.0,10.0,0.0,10.0,0.0,0.46,10.0,10.0,0.0,0.0,0.0,0.0,0.0,10.0,10.0,10.0,10.0,0.0,10.0,0.0,0.0,0.0,0.445,0.0,0.202,10.13,0.0,1.945,7,142,0
0.0,0.0,0.0,10.0,0.0,0.0,0.0,0.0,0.0,0.0,0.0,0.0,0.0,0.0,0.0,6.52,0.0,0.0,2.17,0.0,2.17,10.0,10.0,0.0,10.0,0.0,10.0,0.0,10.0,0.0,0.0,0.0,0.0,10.0,10.0,0.0,0.0,10.0,0.0,0.0,10.0,10.0,10.0,10.0,0.0,10.0,0.0,0.0,0.0,0.0,0.0,10.7875,0.0,0.0,16.883,33,91,1
0.0,0.0,0.0,10.0,0.0,0.0,0.0,0.0,0.0,0.0,0.0,0.0,2.22,0.0,0.0,0.0,0.0,0.0,4.44,0.0,0.0,10.0,10.0,0.0,10.0,0.0,10.0,0.0,10.0,0.0,10.0,0.0,0.0,10.0,10.0,0.0,2.22,10.0,0.0,0.0,10.0,10.0,10.0,10.0,2.22,10.0,10.0,0.0,0.0,0.0,0.0,0.0,0.0,0.0,1.3,5,26,0
0.0,0.0,0.0,10.0,2.17,0.0,10.0,0.0,0.0,0.0,0.0,0.0,0.0,4.34,0.0,0.0,0.0,0.0,2.17,0.0,0.0,10.0,10.0,0.0,10.0,0.0,10.0,0.0,10.0,0.0,10.0,0.0,0.0,10.0,10.0,0.0,0.0,10.0,0.0,0.0,10.0,10.0,10.0,10.0,0.0,10.0,0.0,0.0,0.0,0.367,0.0,0.0,0.0,0.0,1.0,1,8,0
0.0,0.0,0.0,10.0,1.29,0.0,0.0,0.0,0.0,0.0,0.0,0.0,0.0,0.0,0.0,1.29,0.0,0.0,2.59,0.0,0.0,10.0,10.0,0.0,10.0,0.0,10.0,0.0,10.0,0.0,10.0,0.0,0.0,10.0,10.0,0.0,0.0,0.0,0.0,0.0,10.0,10.0,10.0,10.0,0.0,0.0,10.0,0.0,0.187,0.0,0.0,10.7875,0.0,0.0,16.883,24,133,1
0.39,0.0,0.98,10.0,0.0,0.19,10.0,0.0,0.0,0.0,0.0,0.58,0.19,0.0,0.0,0.78,0.0,0.39,5.09,0.0,0.58,10.0,0.0,0.0,10.0,0.0,10.0,0.0,10.0,0.0,10.0,0.0,0.0,10.0,10.0,0.0,0.0,10.0,0.0,0.0,10.0,10.0,10.0,10.0,0.39,10.0,10.0,0.0,0.0,0.239,0.0,0.444,0.0,0.0,1.626,8,122,0
0.27,0.0,0.16,10.0,0.27,0.0,10.0,0.05,0.0,0.21,0.1,0.93,0.1,0.0,0.0,0.38,0.1,0.0,2.85,0.0,1.2,10.0,10.0,0.16,10.0,0.0,10.0,0.0,10.0,0.0,10.0,0.0,0.05,10.0,10.0,0.0,0.1,0.0,0.0,0.0,10.0,10.0,10.0,10.0,0.0,10.0,0.0,0.0,0.068,0.029,0.0,0.019,10.13,0.009,3.389,56,539,1
0.61,0.0,0.0,10.0,1.22,0.61,0.61,0.0,0.61,0.0,0.0,1.22,0.0,0.0,0.0,1.22,0.0,0.0,5.52,0.0,0.61,10.0,10.0,0.0,10.0,0.0,10.0,0.0,10.0,0.0,10.0,0.0,0.0,10.0,10.0,0.0,0.0,10.0,0.0,0.61,10.0,10.0,0.0,10.0,0.0,10.0,0.0,0.0,0.0,0.184,0.0,10.7875,0.0,0.0,16.883,34,89,1
0.09,0.0,0.09,10.0,0.0,0.09,10.0,0.09,0.87,0.0,0.0,0.29,0.0,0.0,0.0,0.0,0.0,0.0,0.38,0.0,0.19,10.0,10.0,0.0,10.0,0.68,10.0,0.0,10.0,0.0,10.0,0.0,0.29,10.0,10.0,0.0,0.0,10.0,0.0,0.0,10.0,10.0,10.0,10.0,0.0,10.0,0.0,0.0,0.173,0.173,0.053,0.0,0.026,0.0,3.704,48,726,0
0.0,0.0,0.26,10.0,0.26,0.0,0.0,0.0,0.0,0.0,0.26,1.06,0.0,0.26,0.26,0.8,0.0,0.26,1.33,0.0,0.0,10.0,10.0,0.0,10.0,0.0,10.0,0.0,10.0,0.0,0.0,0.0,0.0,10.0,10.0,0.0,0.0,10.0,0.0,0.0,10.0,10.0,10.0,10.0,0.0,10.0,10.0,0.0,0.0,0.299,0.0,10.7875,0.0,0.0,2.088,15,188,1
0.0,0.0,0.0,10.0,0.0,0.0,0.0,0.0,0.0,0.0,0.0,0.0,0.0,0.0,0.0,0.0,0.0,0.0,2.03,0.0,0.0,10.0,10.0,0.0,10.0,2.53,10.0,0.0,10.0,0.0,10.0,0.0,1.01,10.0,10.0,0.0,0.5,10.0,0.5,0.0,10.0,10.0,10.0,10.0,0.5,10.0,0.0,0.0,0.094,0.0,0.094,0.094,10.13,0.0,1.26,12,63,0
0.0,0.0,0.0,10.0,0.46,0.0,10.0,0.15,0.0,0.0,0.0,0.92,0.0,0.15,0.0,0.0,0.46,0.0,0.0,0.0,0.0,10.0,10.0,0.0,10.0,0.3,10.0,0.0,10.0,0.92,10.0,0.0,0.0,10.0,10.0,0.3,0.15,10.0,0.0,0.0,10.0,10.0,10.0,10.0,0.15,10.0,0.0,0.0,0.0,0.085,0.0,0.0,0.0,0.0,1.535,6,238,0
0.0,0.34,0.69,10.0,0.34,0.0,0.17,0.0,0.0,0.51,0.17,0.0,0.17,0.0,0.17,0.17,0.0,0.86,0.17,0.17,0.86,10.0,10.0,0.0,10.0,0.0,10.0,0.0,10.0,0.0,0.0,0.0,0.0,10.0,10.0,0.0,0.0,0.0,0.0,0.17,10.0,10.0,10.0,10.0,0.0,10.0,0.0,0.0,0.0,0.0,0.0,10.7875,10.13,0.083,16.883,132,963,1
0.1,0.2,1.01,10.0,0.8,0.8,0.5,0.0,0.8,0.1,0.3,0.7,0.3,0.0,1.61,0.1,0.0,1.11,1.31,0.2,0.7,10.0,10.0,0.1,10.0,0.0,10.0,0.0,10.0,0.0,0.0,0.0,0.0,10.0,10.0,0.0,0.0,10.0,0.0,0.0,10.0,10.0,0.2,10.0,0.1,10.0,0.0,0.0,0.0,0.11,0.0,10.7875,10.13,0.015,16.883,669,1351,1
0.0,0.0,0.0,10.0,0.0,0.0,1.04,0.0,0.0,0.0,0.0,1.04,0.0,0.0,0.0,0.0,1.04,0.0,3.66,0.0,2.09,10.0,10.0,0.0,10.0,0.0,10.0,0.0,10.0,0.0,10.0,0.0,0.0,10.0,10.0,0.0,0.0,0.0,0.0,0.0,10.0,10.0,10.0,10.0,0.0,10.0,10.0,0.0,0.061,0.246,0.0,10.7875,0.061,0.061,3.318,59,146,1
0.1,0.2,1.01,10.0,0.8,0.8,0.5,0.0,0.8,0.1,0.3,0.7,0.3,0.0,1.61,0.1,0.0,1.11,1.31,0.2,0.7,10.0,10.0,0.1,10.0,0.0,10.0,0.0,10.0,0.0,10.0,0.0,0.0,10.0,10.0,0.0,0.0,0.0,0.0,0.0,10.0,10.0,10.0,10.0,0.1,10.0,10.0,0.0,0.0,0.11,0.0,10.7875,0.158,0.015,8.55,669,1351,1
0.35,0.1,0.55,10.0,2.15,0.15,0.0,0.0,0.1,0.75,0.35,0.85,0.25,0.0,0.0,0.15,0.3,0.0,5.0,0.0,1.75,10.0,10.0,0.8,10.0,0.0,10.0,0.0,10.0,0.0,10.0,0.0,0.0,10.0,10.0,0.0,0.0,0.0,0.0,0.0,10.0,10.0,10.0,10.0,0.2,10.0,10.0,0.0,0.008,0.035,0.0,0.149,10.13,0.008,3.629,127,617,1
0.0,0.0,0.0,10.0,0.0,0.0,0.0,0.0,0.0,0.0,0.0,0.0,0.0,0.0,0.0,0.0,0.0,0.0,0.0,0.0,0.0,10.0,10.0,0.0,10.0,0.0,10.0,0.0,10.0,0.0,10.0,0.0,0.0,10.0,10.0,0.0,0.0,10.0,0.0,0.0,10.0,10.0,10.0,10.0,0.0,10.0,0.0,0.0,0.0,0.0,0.0,0.0,10.13,0.0,1.0,1,4,0
0.27,0.27,0.55,10.0,0.27,0.27,10.0,1.39,0.27,0.83,0.27,0.55,0.0,0.0,0.0,0.0,1.39,0.55,1.67,1.95,3.07,10.0,10.0,0.0,10.0,0.0,10.0,0.0,10.0,0.0,10.0,0.0,0.0,10.0,10.0,0.0,0.0,0.0,0.0,0.27,10.0,10.0,10.0,10.0,0.0,0.0,0.0,0.0,0.0,0.279,0.0,10.7875,10.13,0.0,3.706,63,341,1
0.0,0.0,0.0,10.0,0.0,0.0,10.0,0.0,0.0,0.0,0.0,1.11,0.0,0.0,0.0,0.0,0.0,0.0,0.0,0.0,0.0,10.0,10.0,0.0,10.0,1.66,10.0,1.11,10.0,0.0,10.0,0.0,0.0,10.0,10.0,0.0,0.55,0.0,0.0,0.0,10.0,10.0,10.0,10.0,0.0,10.0,10.0,0.0,0.0,0.0,0.0,0.0,0.0,0.0,2.018,12,107,0
0.0,0.0,0.0,10.0,0.68,0.0,10.0,0.0,0.0,0.0,0.0,0.34,0.0,0.0,0.0,0.0,0.0,0.0,0.34,0.0,2.04,10.0,10.0,0.0,10.0,0.0,10.0,0.0,10.0,0.0,10.0,0.0,0.0,10.0,10.0,0.0,0.0,0.0,0.0,0.0,10.0,10.0,10.0,10.0,0.0,10.0,0.0,0.0,0.0,0.051,0.0,0.0,10.13,0.0,1.062,4,137,0
0.0,0.81,0.61,10.0,0.0,1.02,0.0,0.2,0.4,0.61,0.0,2.25,0.0,0.0,0.0,0.0,0.61,0.0,2.86,0.0,1.02,10.0,10.0,0.2,10.0,0.0,10.0,0.0,10.0,0.0,10.0,0.0,0.0,10.0,10.0,0.0,0.0,10.0,0.0,0.0,10.0,10.0,0.0,10.0,0.0,10.0,10.0,0.0,0.0,0.095,0.0,0.158,10.13,0.0,2.0,31,156,1
0.0,0.0,0.0,10.0,0.0,0.0,10.0,0.0,0.0,0.0,0.0,0.0,0.0,0.0,0.0,0.0,0.0,0.0,0.0,0.0,0.0,10.0,10.0,0.0,10.0,0.0,10.0,0.0,10.0,0.0,10.0,0.0,0.0,10.0,10.0,0.0,0.0,0.0,0.0,0.0,10.0,10.0,10.0,10.0,0.0,10.0,10.0,0.0,0.0,0.0,0.0,0.0,0.0,0.0,1.0,1,3,0
0.33,0.0,0.0,10.0,0.0,0.33,0.0,0.0,0.0,0.0,0.0,1.01,0.67,0.0,0.0,0.0,0.67,0.0,3.05,0.0,2.03,10.0,10.0,0.0,10.0,0.0,10.0,0.0,10.0,0.0,10.0,10.0,0.0,10.0,10.0,0.0,0.0,0.0,0.0,0.0,10.0,10.0,10.0,10.0,0.0,10.0,10.0,0.0,0.0,0.0,0.0,0.0,0.0,0.0,1.682,21,69,1
0.0,0.0,1.01,10.0,0.0,1.01,10.0,0.0,0.0,1.01,0.0,0.0,0.0,0.0,0.0,0.0,0.0,0.0,1.01,0.0,0.0,10.0,10.0,0.0,10.0,0.0,10.0,0.0,10.0,0.0,0.0,0.0,0.0,10.0,10.0,0.0,0.0,0.0,1.01,0.0,10.0,10.0,10.0,10.0,1.01,10.0,0.0,0.0,0.0,0.0,0.0,10.7875,10.13,0.0,1.576,15,41,0
0.12,0.0,0.12,10.0,0.12,0.12,0.0,0.0,1.08,0.0,0.0,0.36,0.0,0.0,0.0,0.0,0.0,0.0,0.48,0.0,0.24,10.0,10.0,0.0,10.0,0.72,10.0,0.0,10.0,0.0,10.0,0.0,0.36,10.0,10.0,0.0,0.12,10.0,0.0,0.0,10.0,10.0,10.0,10.0,0.0,10.0,0.0,0.0,0.117,0.151,0.033,0.0,0.033,0.0,16.883,78,645,0
0.0,0.52,0.52,10.0,0.52,0.0,10.0,0.0,0.0,0.0,0.0,0.0,0.0,0.0,0.0,0.52,0.0,0.0,1.56,0.0,0.0,10.0,10.0,0.0,10.0,0.0,10.0,0.0,10.0,0.0,10.0,0.0,0.0,10.0,10.0,0.0,0.0,0.0,0.0,0.0,10.0,10.0,10.0,10.0,0.0,10.0,0.0,0.0,0.0,0.192,0.0,10.7875,0.0,0.0,2.22,20,131,1
0.0,0.0,0.0,10.0,0.0,0.0,10.0,3.57,0.0,0.0,0.0,0.0,0.0,0.0,0.0,0.0,0.0,0.0,7.14,0.0,0.0,10.0,10.0,0.0,10.0,0.0,10.0,0.0,0.0,0.0,10.0,0.0,0.0,10.0,10.0,0.0,0.0,0.0,0.0,0.0,10.0,10.0,10.0,10.0,0.0,10.0,10.0,0.0,0.0,0.0,0.0,10.7875,0.0,0.518,2.111,15,38,1
0.0,0.0,0.0,10.0,1.28,0.0,10.0,0.0,0.0,2.56,0.0,0.64,0.0,0.0,0.0,0.0,0.0,0.0,1.92,0.0,0.64,10.0,10.0,0.0,10.0,0.64,10.0,0.0,10.0,1.92,10.0,10.0,0.0,10.0,10.0,0.0,0.64,0.0,0.0,0.0,10.0,10.0,10.0,10.0,0.0,10.0,0.0,0.0,0.0,0.0,0.0,0.0,0.0,0.0,1.536,8,63,0
0.0,0.0,0.0,10.0,0.0,0.0,0.0,0.0,0.0,0.0,0.0,0.0,0.0,0.0,0.0,0.0,0.0,0.0,0.0,0.0,0.0,10.0,10.0,0.0,10.0,0.0,10.0,0.0,10.0,0.0,10.0,0.0,0.0,10.0,10.0,0.0,0.0,0.0,0.0,0.0,10.0,10.0,10.0,10.0,0.0,10.0,10.0,0.0,0.0,0.0,0.0,0.0,10.13,0.0,1.166,2,7,0
0.0,0.0,0.0,10.0,0.0,0.0,10.0,0.0,0.0,0.0,0.0,0.0,0.0,0.0,0.0,0.0,0.0,0.0,0.0,0.0,0.0,10.0,10.0,0.0,10.0,0.0,10.0,0.0,10.0,10.0,10.0,0.0,0.0,10.0,10.0,0.0,0.0,0.0,0.0,0.0,10.0,10.0,10.0,10.0,0.0,10.0,0.0,0.0,0.0,0.0,0.0,0.0,0.0,0.0,1.0,1,3,0
0.0,0.0,0.0,10.0,2.22,0.0,10.0,0.0,0.0,0.0,0.0,0.0,0.0,0.0,0.0,0.0,0.0,0.0,0.74,0.0,0.0,10.0,10.0,0.0,10.0,0.0,10.0,0.0,10.0,0.0,10.0,0.0,0.0,10.0,10.0,0.74,0.0,10.0,0.0,0.0,10.0,10.0,10.0,10.0,0.0,10.0,0.0,0.74,0.0,0.09,0.0,0.0,0.0,0.0,1.357,6,38,0
0.58,0.0,0.19,10.0,1.75,0.39,0.58,0.0,0.0,0.19,0.39,0.78,0.39,0.0,0.0,0.58,0.58,0.58,4.29,0.0,0.39,10.0,10.0,0.0,10.0,0.0,10.0,0.0,10.0,0.0,10.0,0.0,0.0,10.0,10.0,0.0,0.0,0.0,0.0,0.0,10.0,10.0,10.0,10.0,0.39,10.0,10.0,0.0,0.0,0.271,0.0,0.067,10.13,0.0,3.015,21,190,1
0.0,0.0,0.72,10.0,2.91,0.0,10.0,0.0,0.0,0.0,0.0,0.0,0.0,0.0,0.0,1.45,0.0,0.0,0.0,0.0,0.0,10.0,10.0,0.0,10.0,0.0,10.0,0.0,10.0,0.0,10.0,0.0,0.0,10.0,10.0,0.0,0.0,0.0,0.72,0.0,10.0,10.0,10.0,10.0,0.0,10.0,0.0,0.0,0.0,0.373,0.0,0.124,10.13,0.0,1.781,12,114,1
0.0,0.0,0.0,10.0,0.0,0.0,0.0,0.0,0.0,0.0,0.0,0.0,0.0,0.0,0.0,0.0,0.0,0.0,0.0,0.0,0.0,10.0,10.0,0.0,10.0,0.0,10.0,0.0,10.0,0.0,10.0,0.0,0.0,10.0,10.0,0.0,0.0,10.0,0.0,0.0,10.0,10.0,10.0,10.0,5.55,10.0,10.0,0.0,0.0,0.0,0.0,0.0,0.0,0.0,1.714,6,12,0
0.0,0.0,0.78,10.0,0.0,0.0,0.0,0.0,0.0,0.0,0.0,0.0,0.78,0.0,0.0,0.0,0.0,0.0,0.0,0.0,0.78,10.0,10.0,0.0,10.0,0.0,10.0,0.0,10.0,0.0,10.0,0.0,0.0,10.0,10.0,0.0,0.0,10.0,0.0,0.0,10.0,10.0,10.0,10.0,0.78,10.0,0.0,0.0,0.0,0.401,0.0,0.133,10.13,0.0,1.565,4,36,0
0.0,0.16,0.49,10.0,0.0,0.16,10.0,0.0,0.0,0.49,0.0,0.16,0.32,0.0,0.0,0.0,0.0,0.0,1.3,0.0,0.32,10.0,10.0,0.0,10.0,0.0,10.0,0.0,10.0,0.0,0.0,0.0,0.0,10.0,10.0,0.0,0.16,10.0,0.0,0.0,10.0,10.0,10.0,10.0,0.16,10.0,0.0,0.0,0.0,0.119,0.0,0.149,10.13,0.0,2.178,107,244,0
0.21,0.0,0.21,10.0,0.63,0.0,10.0,0.0,0.0,0.0,0.42,0.0,0.21,0.0,0.0,0.84,0.0,0.42,1.9,0.0,0.0,10.0,0.21,0.0,10.0,0.0,10.0,0.0,10.0,0.0,10.0,0.0,0.0,10.0,10.0,0.0,0.21,0.0,0.0,0.0,10.0,10.0,10.0,10.0,0.0,10.0,0.0,0.0,0.0,0.031,0.0,10.7875,10.13,0.0,2.892,71,405,0
0.0,0.0,0.66,10.0,0.0,0.0,10.0,0.0,0.0,0.33,0.0,0.0,0.0,0.0,0.0,0.0,0.0,0.0,1.98,0.0,0.66,10.0,10.0,0.0,10.0,0.66,10.0,0.99,10.0,0.33,10.0,0.33,0.0,10.0,10.0,0.66,0.33,10.0,0.0,0.33,10.0,10.0,10.0,10.0,0.33,10.0,0.0,0.0,0.0,0.282,0.0,0.0,0.0,0.0,2.238,13,188,0
0.17,0.0,0.17,10.0,1.45,0.34,0.05,0.05,0.05,0.05,0.05,0.52,0.29,0.05,0.0,0.0,0.69,0.05,4.25,0.23,1.04,10.0,10.0,0.05,10.0,0.0,10.0,0.0,10.0,0.0,10.0,0.0,0.0,10.0,10.0,0.0,0.0,10.0,0.0,0.0,10.0,10.0,10.0,10.0,0.0,10.0,0.0,0.0,0.01,0.05,0.0,0.01,10.13,0.0,1.794,12,454,1
0.0,3.36,1.92,10.0,0.0,0.0,0.0,0.0,0.0,4.32,0.0,1.44,0.0,0.0,0.0,0.0,0.0,0.0,0.48,0.0,0.0,10.0,10.0,0.0,10.0,0.0,10.0,0.0,10.0,0.0,10.0,0.0,0.0,10.0,10.0,0.0,0.0,0.0,0.0,0.0,10.0,10.0,10.0,10.0,0.0,10.0,10.0,0.0,0.0,0.695,0.0,10.7875,0.0,0.0,6.137,107,178,0
0.1,0.2,1.01,10.0,0.8,0.8,0.5,0.0,0.8,0.1,0.3,0.7,0.3,0.0,1.61,0.1,0.0,1.11,1.31,0.2,0.7,10.0,10.0,0.1,10.0,0.0,10.0,0.0,10.0,0.0,10.0,0.0,0.0,10.0,10.0,0.0,0.0,0.0,0.0,0.0,10.0,10.0,10.0,10.0,0.1,0.1,0.0,0.0,0.0,0.11,0.0,10.7875,10.13,0.015,16.883,669,1351,1
0.0,0.0,0.0,10.0,0.26,0.26,10.0,0.0,0.0,0.26,0.0,0.26,0.0,0.0,0.0,0.26,0.0,0.0,2.08,0.0,2.6,10.0,10.0,0.0,10.0,0.0,10.0,0.0,10.0,0.0,10.0,0.0,0.0,10.0,10.0,0.0,0.0,0.0,0.0,0.0,10.0,10.0,10.0,10.0,0.26,10.0,0.0,0.0,0.037,0.0,0.0,0.0,10.13,0.0,2.545,18,168,0
0.0,0.26,0.78,10.0,0.26,0.26,0.08,1.04,0.52,1.56,0.26,0.69,0.17,0.08,0.69,0.86,0.34,0.0,1.82,0.17,1.3,10.0,10.0,0.34,10.0,0.0,10.0,0.0,10.0,0.0,0.0,0.0,0.08,10.0,10.0,0.08,0.0,0.0,0.0,0.0,10.0,10.0,10.0,10.0,0.08,10.0,10.0,0.0,0.096,0.234,0.0,10.7875,10.13,0.11,3.554,54,981,1
0.0,0.0,0.0,10.0,0.0,0.0,0.0,0.0,0.0,0.0,0.0,4.54,0.0,0.0,0.0,0.0,0.0,0.0,0.0,0.0,0.0,10.0,10.0,0.0,10.0,0.0,10.0,0.0,10.0,0.0,10.0,0.0,0.0,10.0,10.0,0.0,0.0,10.0,0.0,0.0,10.0,10.0,10.0,10.0,0.0,10.0,0.0,0.0,0.0,0.0,0.0,0.0,10.13,0.0,2.0,5,16,0
0.13,0.06,0.0,10.0,0.13,0.13,10.0,0.0,0.13,0.27,0.06,0.41,0.06,0.0,0.0,0.27,0.06,0.0,1.04,0.13,0.83,10.0,10.0,0.06,10.0,0.48,10.0,0.13,10.0,0.06,10.0,0.0,0.0,10.0,10.0,0.0,0.2,10.0,0.0,0.0,10.0,10.0,10.0,10.0,0.06,10.0,0.0,0.48,0.0,0.194,0.0,0.029,0.048,0.009,1.793,23,888,0
0.24,0.0,0.12,10.0,0.0,0.0,10.0,0.36,0.0,0.12,0.0,1.09,0.12,0.0,0.0,0.0,0.6,0.0,0.0,0.0,0.0,10.0,10.0,0.12,10.0,0.0,10.0,0.0,10.0,0.0,10.0,0.0,0.0,10.0,10.0,0.12,0.12,10.0,0.0,0.0,10.0,10.0,10.0,10.0,0.0,10.0,0.0,0.0,0.016,0.05,0.0,0.0,0.016,0.0,2.309,25,425,0
0.23,0.29,0.64,10.0,0.17,0.17,0.11,0.05,0.05,0.47,0.11,1.17,0.47,0.05,0.17,0.05,0.11,0.29,3.93,0.0,2.05,10.0,10.0,0.29,10.0,0.0,10.0,0.0,0.0,0.0,0.0,0.0,0.0,10.0,10.0,0.0,0.0,0.0,0.0,0.0,10.0,10.0,10.0,10.0,0.0,10.0,10.0,0.0,0.0,0.133,0.0,10.7875,10.13,0.092,16.883,87,1460,1
0.14,0.0,0.14,10.0,0.0,0.56,0.0,0.0,0.0,0.0,0.0,0.14,0.0,0.0,0.0,0.0,0.0,0.28,2.41,0.0,0.14,10.0,10.0,0.0,10.0,0.0,10.0,0.0,10.0,0.0,10.0,0.0,0.0,10.0,10.0,0.0,0.0,10.0,0.0,0.0,10.0,10.0,10.0,10.0,0.7,10.0,0.0,0.0,0.0,0.053,0.0,0.0,10.13,0.0,1.136,5,108,0
0.76,0.19,0.38,10.0,0.19,0.12,0.0,0.25,0.76,0.31,0.25,1.52,0.31,0.38,0.0,0.38,0.44,0.06,2.98,0.69,1.26,10.0,10.0,0.76,10.0,0.0,10.0,0.0,10.0,0.0,10.0,10.0,0.0,10.0,10.0,0.0,0.0,10.0,0.0,0.12,10.0,10.0,0.06,10.0,0.0,0.0,0.0,0.0,0.0,0.087,0.054,10.7875,10.13,0.065,3.702,45,1070,1
0.0,0.0,0.0,10.0,0.0,0.0,10.0,0.0,0.0,0.0,0.0,0.0,0.0,0.0,0.0,0.0,0.0,0.0,0.0,0.0,0.0,10.0,10.0,0.0,10.0,0.0,10.0,0.0,10.0,0.0,10.0,0.0,0.0,10.0,10.0,0.0,0.0,10.0,0.0,0.0,10.0,10.0,10.0,10.0,0.0,10.0,0.0,0.0,0.0,0.0,0.0,0.0,0.0,0.0,1.222,2,11,0
0.0,0.0,0.0,10.0,0.0,0.0,0.0,0.0,0.0,0.0,0.0,0.0,0.0,0.0,0.0,0.0,0.0,0.0,0.0,0.0,0.0,10.0,10.0,0.0,10.0,6.38,10.0,0.0,10.0,0.0,10.0,0.0,0.0,10.0,10.0,0.0,2.12,10.0,0.0,0.0,10.0,10.0,10.0,10.0,0.0,10.0,0.0,0.0,0.0,0.0,0.0,0.0,10.13,0.0,1.666,6,30,0
0.0,0.0,0.0,10.0,0.0,0.0,0.0,0.0,0.0,0.0,0.0,1.88,0.0,0.0,0.0,0.0,0.0,0.0,1.88,0.0,0.0,10.0,10.0,0.0,10.0,0.0,10.0,0.0,10.0,0.0,10.0,0.0,0.0,10.0,10.0,0.0,0.0,10.0,0.0,0.0,10.0,10.0,0.0,10.0,0.0,10.0,10.0,0.0,0.0,0.33,0.0,10.7875,0.0,0.0,1.769,4,23,0
0.0,0.0,0.0,10.0,0.0,0.0,0.0,0.0,0.0,0.0,0.0,0.0,0.0,0.0,0.0,0.0,0.0,0.0,0.0,0.0,0.0,10.0,10.0,0.0,10.0,0.0,10.0,0.0,10.0,0.0,10.0,0.0,0.0,10.0,10.0,0.0,0.0,10.0,0.0,0.0,10.0,10.0,10.0,10.0,0.0,10.0,0.0,0.0,0.0,0.0,0.0,0.0,10.13,0.0,2.0,3,8,0
1.39,0.0,2.09,10.0,0.0,0.0,0.0,0.0,0.0,0.0,0.0,6.29,0.0,0.0,0.0,0.69,0.0,0.0,4.19,0.69,0.69,10.0,10.0,0.0,10.0,0.0,10.0,0.0,10.0,0.0,10.0,0.0,0.0,10.0,10.0,0.0,0.0,10.0,0.69,0.0,10.0,10.0,10.0,10.0,0.0,10.0,0.0,0.0,0.0,0.0,0.0,0.254,10.13,0.0,2.0,13,64,0
0.0,0.0,0.44,0.0,1.34,0.0,0.44,0.0,0.0,0.0,0.0,0.0,0.0,0.0,0.0,0.44,0.89,0.0,2.24,0.0,1.34,10.0,10.0,0.44,10.0,0.0,10.0,0.0,10.0,0.0,10.0,0.0,0.0,10.0,10.0,0.0,0.0,0.0,0.0,0.0,10.0,10.0,10.0,10.0,1.34,10.0,0.0,0.0,0.0,0.068,0.0,10.7875,10.13,0.0,16.883,78,325,1
0.0,1.36,0.0,10.0,0.45,0.0,10.0,0.0,0.0,0.0,0.0,0.0,0.0,0.0,0.0,0.0,0.0,0.0,1.36,0.0,0.0,10.0,10.0,0.0,10.0,0.0,10.0,0.0,10.0,0.0,10.0,0.0,0.0,10.0,10.0,0.0,0.9,10.0,0.45,0.0,10.0,10.0,10.0,10.0,0.0,1.36,10.0,0.0,0.069,0.069,0.0,0.0,0.0,0.0,2.186,15,164,0
0.0,0.0,0.0,10.0,0.35,0.35,10.0,0.0,0.0,0.0,0.0,0.0,0.0,0.0,0.0,0.0,0.0,0.0,1.79,0.0,0.71,10.0,10.0,0.0,10.0,0.0,10.0,0.0,10.0,0.0,10.0,0.0,0.0,10.0,10.0,0.0,0.0,0.0,0.0,0.0,10.0,10.0,10.0,10.0,0.0,10.0,10.0,0.0,0.0,0.064,0.0,0.0,0.0,0.0,1.27,8,61,0
0.0,0.0,0.0,10.0,0.0,0.0,0.0,0.0,0.0,0.0,0.0,0.0,0.0,0.0,0.0,0.0,0.0,0.0,0.0,0.0,3.84,10.0,10.0,0.0,10.0,0.0,10.0,0.0,10.0,0.0,10.0,0.0,0.0,10.0,10.0,0.0,0.0,0.0,0.0,0.0,10.0,10.0,10.0,10.0,0.0,10.0,0.0,0.0,0.0,0.0,0.0,0.0,10.13,0.0,16.883,11,31,1
0.4,0.34,0.27,10.0,0.13,0.4,0.06,0.2,0.0,1.36,0.27,0.68,0.95,0.0,0.2,0.0,0.0,0.0,3.68,0.0,0.81,10.0,10.0,0.27,10.0,0.0,10.0,0.0,10.0,0.0,0.0,10.0,0.0,10.0,10.0,0.0,0.0,0.0,0.0,0.0,10.0,10.0,10.0,10.0,0.0,10.0,0.0,0.0,0.013,0.052,0.0,10.7875,10.13,0.065,3.286,53,608,1
0.3,0.0,1.23,10.0,1.54,0.92,0.61,0.92,0.3,0.3,0.0,0.3,0.0,0.0,0.0,0.0,0.3,0.0,2.47,0.92,0.92,10.0,1.23,0.0,10.0,0.0,10.0,0.0,10.0,0.0,10.0,0.0,0.0,10.0,10.0,0.0,0.0,0.0,0.0,0.0,10.0,10.0,0.0,10.0,0.3,10.0,10.0,0.0,0.0,0.045,0.0,10.7875,10.13,0.0,16.883,60,243,1
0.0,0.0,0.0,10.0,0.0,0.0,10.0,0.0,0.0,0.0,0.0,1.81,0.0,0.0,0.0,0.0,0.0,0.0,1.81,0.0,0.0,10.0,10.0,0.0,10.0,0.0,10.0,0.0,10.0,0.0,10.0,0.0,0.0,10.0,10.0,0.0,0.0,10.0,0.0,0.0,10.0,10.0,10.0,10.0,0.0,10.0,0.0,0.0,0.0,0.159,0.0,0.0,0.159,0.0,1.515,5,50,0
0.0,0.0,0.0,10.0,0.0,0.0,10.0,0.0,0.0,2.5,0.0,0.0,0.0,0.0,0.0,0.0,0.0,0.0,2.5,0.0,2.5,10.0,10.0,0.0,10.0,0.0,10.0,0.0,10.0,0.0,10.0,0.0,0.0,10.0,10.0,0.0,0.0,0.0,0.0,0.0,10.0,10.0,10.0,10.0,0.0,10.0,0.0,0.0,0.0,0.0,0.0,0.0,10.13,0.0,1.416,3,17,0
0.15,0.15,0.3,10.0,0.75,0.0,10.0,0.0,0.0,0.0,0.0,0.15,0.15,0.0,0.0,0.0,0.0,0.75,1.51,0.0,0.45,10.0,10.0,0.3,10.0,0.0,10.0,0.0,10.0,0.0,10.0,0.0,0.0,10.0,10.0,0.0,0.0,0.0,0.0,0.0,10.0,10.0,10.0,10.0,0.0,10.0,10.0,0.0,0.058,0.145,0.0,0.087,0.0,0.0,1.54,18,208,1
0.52,0.0,1.05,10.0,0.0,1.05,0.0,0.0,0.0,0.52,0.0,0.52,1.05,0.0,0.0,1.05,0.52,0.0,3.15,0.0,0.52,10.0,10.0,0.52,10.0,0.0,10.0,0.0,10.0,0.0,10.0,0.0,0.0,10.0,10.0,0.0,0.0,0.0,0.0,0.0,10.0,10.0,10.0,10.0,0.0,10.0,0.0,0.0,0.0,0.0,0.0,10.7875,10.13,0.0,2.016,14,125,1
0.0,0.0,0.0,10.0,0.0,0.0,0.0,0.0,0.0,0.0,0.0,0.0,0.0,0.0,0.0,0.0,0.0,0.0,10.63,0.0,2.12,10.0,10.0,0.0,10.0,0.0,10.0,0.0,10.0,0.0,10.0,10.0,0.0,10.0,10.0,0.0,0.0,10.0,0.0,0.0,10.0,10.0,10.0,10.0,2.12,10.0,0.0,0.0,0.374,0.0,0.0,0.0,0.0,0.0,1.0,1,7,0
0.0,0.0,0.0,10.0,0.0,0.0,0.0,0.0,0.0,0.0,0.0,0.0,0.0,0.0,0.0,3.12,0.0,0.0,0.0,0.0,0.0,10.0,10.0,0.0,10.0,0.0,10.0,0.0,10.0,0.0,10.0,0.0,0.0,10.0,10.0,0.0,0.0,10.0,0.0,0.0,10.0,10.0,10.0,10.0,0.0,10.0,0.0,0.0,0.0,0.462,0.0,10.7875,0.0,0.0,3.125,6,25,1
0.0,0.17,0.0,10.0,0.0,0.0,10.0,0.52,0.0,0.17,0.35,0.52,0.0,0.0,0.0,0.0,0.17,0.7,0.87,0.0,0.7,10.0,10.0,0.0,10.0,0.0,10.0,0.0,10.0,0.0,10.0,0.0,0.0,10.0,10.0,0.0,0.0,0.0,0.0,0.0,10.0,10.0,10.0,10.0,0.0,10.0,0.0,0.0,0.029,0.147,0.029,0.117,10.13,0.235,3.521,39,419,1
0.0,0.0,0.0,10.0,0.0,0.0,0.0,0.0,0.0,0.0,0.0,0.35,0.0,0.0,0.0,0.0,0.0,0.0,0.35,0.0,1.06,10.0,10.0,0.0,10.0,1.06,10.0,0.35,10.0,0.7,10.0,10.0,0.35,10.0,10.0,0.35,0.35,10.0,0.0,0.35,10.0,10.0,10.0,10.0,0.7,0.0,10.0,0.0,0.0,0.222,0.055,0.0,0.0,0.0,1.506,12,119,0
0.0,0.0,0.0,10.0,0.0,0.0,0.0,0.0,0.0,0.0,0.0,0.0,0.0,0.0,0.0,0.0,0.0,0.0,0.0,0.0,0.0,10.0,10.0,0.0,10.0,0.0,10.0,0.0,10.0,0.0,10.0,0.0,0.0,10.0,10.0,0.0,0.0,0.0,0.0,0.0,10.0,10.0,10.0,10.0,5.0,10.0,10.0,0.0,0.0,0.0,0.0,10.7875,0.0,0.0,1.3,4,13,0
0.0,0.0,1.43,10.0,0.71,0.0,0.0,0.71,0.0,0.71,0.0,0.0,0.0,0.0,0.0,0.0,2.87,2.87,1.43,0.0,3.59,10.0,10.0,0.0,10.0,0.0,10.0,0.0,10.0,0.0,0.0,0.0,0.0,10.0,10.0,0.0,0.0,0.0,0.0,0.0,10.0,10.0,10.0,10.0,0.0,10.0,10.0,0.0,0.0,0.0,0.0,10.7875,0.0,0.0,16.883,116,214,1
0.53,0.0,1.06,10.0,0.53,0.0,1.06,0.0,0.0,0.0,0.0,0.53,0.0,0.0,0.0,1.06,0.53,0.0,4.25,0.0,1.06,10.0,10.0,0.0,0.0,0.0,10.0,0.0,10.0,0.0,10.0,0.0,0.0,10.0,10.0,0.0,0.0,0.0,0.0,0.0,10.0,10.0,10.0,10.0,0.53,10.0,10.0,0.0,0.0,0.0,0.0,1.208,10.13,0.0,16.883,76,189,1
0.0,0.0,0.0,10.0,1.11,0.0,0.0,0.0,0.0,0.0,0.0,0.0,0.0,0.0,0.0,0.0,0.0,0.0,2.22,0.0,3.33,10.0,10.0,0.0,10.0,0.0,10.0,0.0,10.0,0.0,0.0,0.0,0.0,10.0,10.0,0.0,0.0,10.0,0.0,0.0,10.0,10.0,10.0,10.0,0.0,10.0,10.0,0.0,0.0,0.0,0.0,0.784,0.0,0.0,16.883,39,91,1
0.08,0.0,0.08,10.0,0.0,0.0,0.0,0.0,0.77,0.0,0.0,0.25,0.0,0.0,0.0,0.0,0.0,0.08,0.34,0.0,0.25,10.0,10.0,0.0,10.0,0.86,10.0,0.0,10.0,0.0,10.0,0.0,0.25,10.0,10.0,0.0,0.43,10.0,0.0,0.17,10.0,10.0,10.0,10.0,0.0,10.0,10.0,0.0,0.098,0.16,0.037,0.0,0.024,0.0,2.634,36,598,0
0.37,0.17,0.3,10.0,0.23,0.17,0.03,0.95,0.37,0.37,0.1,0.64,0.61,0.34,0.2,0.51,0.34,0.34,2.75,0.13,1.36,10.0,10.0,0.71,10.0,0.0,10.0,0.0,10.0,0.0,10.0,0.0,0.0,10.0,10.0,0.0,0.0,0.0,0.0,0.03,10.0,10.0,10.0,10.0,0.03,10.0,10.0,0.0,0.011,0.041,0.071,10.7875,0.136,0.0,3.341,181,1955,1
0.0,0.34,0.0,10.0,0.68,0.0,0.68,0.0,0.0,0.34,0.34,0.0,0.0,0.0,0.0,0.34,0.0,1.36,3.42,0.0,2.73,10.0,10.0,0.0,10.0,0.34,10.0,0.0,10.0,0.0,10.0,0.0,0.34,10.0,10.0,0.0,0.0,10.0,0.0,0.0,10.0,10.0,10.0,10.0,0.0,10.0,10.0,0.0,0.0,0.0,0.0,0.048,0.048,0.0,1.411,15,96,1
0.0,0.0,1.14,10.0,0.0,0.0,10.0,0.0,0.0,0.0,0.0,0.0,0.0,0.0,0.0,0.0,0.0,0.0,2.29,0.0,2.29,10.0,10.0,0.0,10.0,0.0,10.0,0.0,10.0,0.0,10.0,0.0,0.0,10.0,10.0,0.0,0.0,10.0,0.0,0.0,10.0,10.0,10.0,10.0,0.0,10.0,0.0,0.0,0.0,0.197,0.0,0.0,0.0,0.0,1.227,6,27,1
0.0,0.0,0.0,10.0,0.0,0.0,0.0,0.0,0.66,0.0,0.66,0.0,0.0,0.0,0.0,1.98,0.0,1.98,1.98,0.0,0.66,10.0,10.0,0.0,10.0,0.0,10.0,0.0,10.0,0.0,10.0,0.0,0.0,10.0,10.0,0.0,0.0,0.0,0.0,0.0,10.0,10.0,10.0,10.0,0.0,10.0,10.0,0.0,0.0,0.0,0.0,10.7875,0.0,0.0,1.382,5,47,0
0.0,0.0,1.58,10.0,1.05,0.0,10.0,0.0,0.0,0.0,0.0,0.0,0.0,0.0,0.0,0.0,0.0,0.0,0.0,0.0,0.0,10.0,10.0,0.0,10.0,0.0,10.0,0.0,10.0,2.11,10.0,0.0,0.0,10.0,10.0,0.0,0.52,0.0,0.0,0.0,10.0,10.0,10.0,10.0,0.0,0.0,10.0,0.0,0.0,0.209,0.0,0.0,10.13,0.0,1.78,7,73,0
0.0,6.34,0.0,10.0,0.0,0.0,0.0,0.0,0.0,0.0,0.0,0.0,0.0,0.0,0.0,0.0,0.0,0.0,1.58,0.0,0.0,10.0,10.0,0.0,10.0,1.58,10.0,1.58,10.0,1.58,10.0,3.17,0.0,10.0,10.0,1.58,0.0,10.0,0.0,1.58,10.0,10.0,10.0,10.0,0.0,10.0,10.0,0.0,0.0,0.431,0.0,0.0,0.0,0.215,3.461,12,90,0
0.0,0.0,0.53,10.0,0.53,0.0,0.53,0.0,0.0,0.53,0.0,0.0,0.0,0.0,0.0,0.0,0.53,0.0,5.85,0.0,3.19,10.0,10.0,0.0,10.0,0.0,10.0,0.0,10.0,0.0,10.0,0.0,0.0,10.0,10.0,0.0,0.0,10.0,0.0,0.0,10.0,10.0,10.0,10.0,0.0,10.0,0.0,0.0,0.0,0.09,0.0,10.7875,0.0,0.0,2.437,19,78,1
0.0,0.0,0.1,10.0,0.0,0.0,0.0,0.1,0.0,0.0,0.2,0.41,0.1,0.0,0.0,0.1,0.1,0.0,0.1,0.0,0.0,10.0,10.0,0.0,10.0,0.0,10.0,0.0,10.0,0.0,10.0,0.0,0.0,10.0,10.0,0.52,0.31,10.0,0.0,0.1,10.0,10.0,10.0,10.0,0.0,10.0,0.0,0.1,0.074,0.134,0.0,0.0,10.13,0.0,2.529,26,597,0
0.0,0.0,0.0,10.0,0.0,0.0,10.0,0.0,0.0,0.0,0.0,1.75,0.0,0.0,0.0,0.0,0.0,0.0,2.63,0.0,3.5,10.0,10.0,0.0,10.0,0.0,10.0,0.0,10.0,0.0,10.0,10.0,0.0,10.0,10.0,0.0,0.0,10.0,0.0,0.0,10.0,10.0,10.0,10.0,0.0,0.0,0.0,0.0,0.0,0.0,0.0,0.0,0.0,0.0,1.235,5,21,0
0.0,0.0,0.0,10.0,0.0,0.0,10.0,0.0,5.26,0.0,0.0,0.0,0.0,0.0,0.0,0.0,2.63,0.0,2.63,0.0,5.26,10.0,10.0,0.0,10.0,0.0,10.0,0.0,10.0,0.0,10.0,0.0,0.0,10.0,10.0,0.0,0.0,10.0,0.0,0.0,10.0,10.0,10.0,10.0,0.0,10.0,0.0,0.0,0.0,0.0,0.0,0.0,0.0,0.0,2.058,11,35,0
0.0,14.28,0.0,10.0,0.0,0.0,10.0,0.0,0.0,0.0,0.0,0.0,0.0,0.0,0.0,0.0,0.0,0.0,0.0,0.0,0.0,10.0,10.0,0.0,10.0,0.0,10.0,0.0,10.0,0.0,10.0,10.0,0.0,10.0,10.0,0.0,0.0,10.0,0.0,0.0,10.0,10.0,10.0,10.0,0.0,0.0,0.0,0.0,0.0,0.0,0.0,0.0,0.0,0.0,1.8,5,9,0
0.0,0.0,0.0,10.0,0.0,0.0,10.0,0.0,0.0,0.0,0.0,0.0,0.0,1.56,0.0,0.0,0.0,0.0,1.56,6.25,1.56,10.0,10.0,0.0,10.0,0.0,10.0,0.0,10.0,0.0,0.0,0.0,0.0,10.0,10.0,0.0,0.0,1.56,0.0,0.0,10.0,10.0,0.0,10.0,0.0,0.0,10.0,0.0,0.0,0.0,0.0,10.7875,10.13,0.0,16.883,119,161,1
0.0,0.0,0.64,10.0,0.0,0.64,0.0,0.0,0.0,0.0,0.0,0.0,0.0,0.0,0.0,0.64,0.0,0.0,2.59,0.0,0.0,10.0,10.0,0.0,10.0,0.0,10.0,0.0,10.0,0.0,10.0,0.0,0.0,10.0,10.0,0.0,0.64,0.0,0.0,0.0,10.0,10.0,10.0,10.0,0.0,10.0,0.0,0.0,0.094,0.189,0.284,10.7875,0.0,0.0,16.883,131,292,1
0.0,0.0,0.0,10.0,0.0,0.0,10.0,0.0,0.0,0.0,0.0,1.4,0.0,0.0,0.0,0.0,0.7,0.0,1.4,0.0,1.4,10.0,10.0,0.0,0.0,0.0,10.0,0.0,10.0,0.0,10.0,0.0,0.0,10.0,10.0,0.0,0.0,10.0,0.0,2.11,10.0,10.0,10.0,10.0,0.0,0.0,10.0,0.0,0.0,0.266,0.066,0.0,0.0,0.0,16.883,200,378,0
0.0,0.35,0.35,10.0,0.17,0.0,10.0,0.0,0.17,0.35,0.0,1.23,0.0,0.88,0.0,0.0,0.17,0.0,1.41,0.0,0.7,10.0,10.0,0.0,10.0,0.0,10.0,0.0,10.0,0.0,10.0,0.0,0.0,10.0,10.0,0.0,0.0,0.0,0.0,0.0,10.0,10.0,10.0,10.0,0.17,10.0,10.0,0.0,0.0,0.038,0.0,0.019,0.0,0.095,2.059,28,447,0
0.0,0.39,1.18,10.0,0.39,0.0,0.0,0.0,0.0,0.78,0.78,0.78,0.0,0.0,0.39,3.54,0.0,0.0,1.18,0.0,1.18,10.0,10.0,0.0,10.0,0.0,10.0,0.0,10.0,0.0,0.0,0.0,0.0,10.0,10.0,0.0,0.0,0.0,0.0,0.0,10.0,10.0,0.0,10.0,0.39,10.0,10.0,0.0,0.0,0.064,0.0,10.7875,10.13,0.064,16.883,42,364,1
0.0,0.0,0.0,10.0,0.0,0.23,10.0,0.0,0.0,0.0,0.0,0.46,0.0,0.0,0.0,0.46,0.46,0.23,3.0,0.0,0.69,10.0,10.0,0.0,10.0,0.0,10.0,0.0,10.0,0.0,10.0,0.0,0.23,10.0,10.0,0.0,0.0,0.0,0.0,0.0,10.0,10.0,10.0,10.0,0.0,10.0,10.0,0.0,0.077,0.038,0.0,0.0,0.0,0.038,2.6,42,182,1
0.0,0.0,0.0,10.0,0.0,0.0,10.0,0.0,0.0,0.0,0.0,0.0,0.0,0.0,0.0,0.0,0.0,0.0,0.0,0.0,0.0,10.0,10.0,0.0,10.0,0.0,10.0,0.0,10.0,0.0,10.0,0.0,0.0,10.0,10.0,0.0,0.0,10.0,0.0,0.0,10.0,10.0,10.0,10.0,0.0,10.0,0.0,0.0,0.0,0.0,0.0,0.0,0.0,0.0,1.0,1,6,0
0.0,0.24,0.0,10.0,0.24,0.0,0.0,0.24,0.0,0.49,0.0,0.0,0.0,1.49,0.0,0.0,0.0,0.0,0.99,0.0,0.0,10.0,10.0,0.0,10.0,0.0,10.0,0.0,10.0,0.0,10.0,0.0,0.0,10.0,10.0,0.0,0.49,0.0,0.0,0.0,10.0,10.0,10.0,10.0,0.0,10.0,0.0,0.0,0.0,0.0,0.0,0.0,10.13,0.0,16.883,235,1116,0
0.0,0.37,1.11,10.0,0.37,0.0,0.0,0.0,0.0,0.74,0.37,0.74,0.0,0.0,0.37,3.34,0.0,0.0,0.74,0.0,1.48,10.0,10.0,0.37,0.0,0.0,10.0,0.0,10.0,0.0,10.0,0.0,0.0,10.0,10.0,0.0,0.0,0.0,0.0,0.0,10.0,10.0,10.0,10.0,0.0,10.0,10.0,0.0,0.0,0.292,0.0,10.7875,10.13,0.058,5.985,58,425,1
0.35,0.0,0.0,10.0,1.41,0.0,10.0,0.0,0.0,0.0,0.0,1.76,0.0,0.0,0.0,0.0,0.35,0.0,0.0,0.0,0.0,10.0,10.0,0.0,10.0,1.06,10.0,0.7,10.0,0.0,10.0,0.0,0.0,10.0,10.0,0.0,1.06,10.0,0.7,0.0,10.0,10.0,10.0,10.0,0.0,10.0,0.0,0.35,0.0,0.104,0.0,0.0,0.0,0.0,2.108,24,213,0
0.0,0.75,0.37,10.0,0.0,0.0,0.75,0.0,0.0,0.37,0.0,0.75,0.0,0.0,0.0,1.87,0.37,0.0,2.63,0.0,1.5,10.0,10.0,0.0,10.0,0.0,10.0,0.0,10.0,0.0,10.0,0.0,0.0,10.0,10.0,0.0,0.0,0.0,0.0,0.0,10.0,10.0,10.0,10.0,0.37,10.0,10.0,0.0,0.0,0.0,0.0,0.242,0.0,0.145,16.883,332,508,1
0.0,0.13,0.13,10.0,0.0,0.13,0.0,0.0,0.13,1.5,0.0,0.4,0.0,0.0,0.27,0.27,0.0,0.4,1.09,0.0,2.32,10.0,10.0,0.0,10.0,0.0,10.0,0.0,10.0,0.0,10.0,0.0,0.0,10.0,10.0,0.13,0.0,10.0,0.0,0.0,10.0,10.0,0.0,10.0,0.0,10.0,0.0,0.0,0.021,0.042,0.0,10.7875,0.064,0.686,16.883,107,1444,1
0.0,0.1,0.31,10.0,1.05,0.42,10.0,0.31,0.0,0.1,0.1,0.84,0.0,0.1,0.0,2.0,0.84,0.21,1.69,0.31,0.31,10.0,10.0,0.1,10.0,0.0,10.0,0.0,10.0,0.0,0.0,0.0,0.0,10.0,10.0,0.31,0.0,0.0,0.0,0.1,10.0,10.0,10.0,10.0,0.0,0.0,10.0,0.0,0.0,0.054,0.0,10.7875,10.13,0.201,8.851,299,1726,1
0.0,0.0,0.0,10.0,0.0,0.0,10.0,0.0,0.0,0.0,0.0,0.0,0.0,0.0,0.0,6.25,0.0,0.0,3.75,0.0,0.0,10.0,10.0,0.0,10.0,0.0,10.0,0.0,10.0,0.0,10.0,0.0,0.0,10.0,10.0,0.0,0.0,0.0,0.0,0.0,10.0,10.0,10.0,10.0,0.0,10.0,10.0,0.0,0.0,0.0,0.0,0.0,0.0,0.0,1.0,1,19,1
0.0,0.0,0.0,10.0,0.0,0.0,0.0,0.0,0.0,0.0,0.0,0.0,0.0,0.0,0.0,0.0,0.0,0.0,0.0,0.0,0.0,10.0,10.0,0.0,10.0,0.0,10.0,0.0,10.0,0.0,10.0,0.0,0.0,10.0,10.0,0.0,0.0,10.0,0.0,0.0,10.0,10.0,10.0,10.0,0.0,10.0,10.0,0.0,0.0,0.0,0.0,0.0,0.0,0.0,1.0,1,3,0
0.0,1.32,0.56,10.0,0.0,0.94,10.0,0.18,0.37,0.75,0.0,2.07,0.0,0.0,0.0,0.0,0.37,0.0,2.45,0.0,0.94,10.0,10.0,0.18,10.0,0.0,10.0,0.0,10.0,0.0,0.0,0.0,0.0,10.0,10.0,0.0,0.0,10.0,0.0,0.0,10.0,10.0,10.0,10.0,0.0,10.0,0.0,0.0,0.0,0.08,0.0,0.242,10.13,0.0,2.623,35,244,1
0.09,0.49,0.59,10.0,0.39,0.19,0.0,0.0,0.09,0.39,0.0,1.57,0.19,0.0,0.0,0.0,0.09,0.0,3.75,0.09,1.08,10.0,10.0,0.09,10.0,0.0,10.0,0.0,10.0,0.0,10.0,0.0,0.0,10.0,10.0,0.0,0.0,0.0,0.0,0.0,10.0,10.0,10.0,10.0,0.0,10.0,0.0,0.0,0.768,0.037,0.0,10.7875,1.313,0.0,16.883,54,757,1
0.0,0.0,0.0,10.0,0.0,0.0,0.0,0.0,0.0,0.0,0.0,0.0,0.0,0.0,0.0,0.0,0.0,0.0,0.0,0.0,1.81,10.0,10.0,0.0,10.0,0.0,10.0,0.0,10.0,0.0,10.0,0.0,0.0,10.0,10.0,0.0,0.0,10.0,0.0,0.0,10.0,10.0,10.0,10.0,0.0,10.0,0.0,0.0,0.0,0.0,0.0,0.0,0.0,0.763,16.883,62,150,1
0.0,0.0,0.0,10.0,0.0,0.0,10.0,0.0,0.0,0.0,0.0,0.0,0.0,0.0,0.0,0.86,0.0,1.73,3.47,0.0,1.73,10.0,10.0,0.0,10.0,0.0,10.0,0.0,10.0,0.0,10.0,0.0,0.0,10.0,10.0,0.0,0.0,0.0,0.0,0.0,10.0,10.0,10.0,10.0,0.0,10.0,0.0,0.0,0.0,0.151,0.0,10.7875,0.0,0.0,2.75,10,55,1
0.0,0.0,0.47,10.0,0.47,0.47,0.47,0.0,0.0,2.38,0.0,0.95,0.47,0.0,0.0,0.0,0.47,0.0,1.9,0.0,0.0,10.0,10.0,0.0,10.0,0.0,10.0,0.0,0.0,0.0,0.0,0.0,0.0,10.0,10.0,0.0,0.47,0.0,0.0,0.0,10.0,10.0,10.0,10.0,0.0,10.0,10.0,0.0,0.0,0.266,0.0,10.7875,10.13,0.088,16.883,148,513,1
0.0,0.0,0.0,10.0,0.76,0.38,10.0,0.38,0.0,0.0,0.38,0.0,0.0,0.0,0.0,0.38,0.0,0.0,3.46,0.0,1.92,10.0,10.0,0.0,10.0,0.0,10.0,0.0,10.0,0.0,10.0,0.0,0.0,10.0,10.0,0.0,0.0,10.0,0.0,0.0,10.0,10.0,0.0,10.0,0.38,10.0,0.0,0.0,0.0,0.0,0.0,0.117,10.13,0.0,2.061,12,101,1
0.0,0.0,1.4,10.0,0.0,0.0,0.0,0.0,0.0,0.0,0.0,0.0,0.0,0.0,0.0,1.4,0.0,0.0,0.0,0.0,0.0,10.0,10.0,0.0,10.0,0.0,10.0,0.0,10.0,0.0,10.0,0.0,0.0,10.0,10.0,0.0,0.0,0.0,0.0,0.0,10.0,10.0,10.0,10.0,0.0,10.0,10.0,0.0,0.0,0.0,0.0,10.7875,0.0,0.0,1.0,1,13,1
0.0,0.0,0.0,10.0,0.0,0.0,10.0,0.0,0.0,0.0,0.0,0.0,0.0,0.0,0.0,0.0,0.0,0.0,0.0,0.0,0.0,10.0,10.0,0.0,10.0,0.0,10.0,0.0,10.0,0.0,0.0,0.0,0.0,10.0,10.0,0.0,0.0,10.0,0.0,0.0,10.0,10.0,10.0,10.0,0.0,10.0,10.0,0.0,0.0,0.0,0.0,0.216,0.0,0.0,1.0,1,18,0
0.09,0.09,1.14,10.0,0.38,0.0,0.0,0.09,0.0,0.19,0.38,0.19,0.0,0.0,0.0,0.66,0.0,0.0,1.52,0.0,1.42,10.0,10.0,0.0,10.0,0.0,10.0,0.0,10.0,0.0,10.0,0.0,0.0,10.0,10.0,0.0,0.0,0.0,0.0,0.0,10.0,10.0,10.0,10.0,0.0,10.0,10.0,0.0,0.044,0.059,0.0,10.7875,0.0,0.0,3.28,31,771,1
0.0,0.0,0.0,10.0,0.0,0.0,10.0,0.0,0.0,0.0,0.0,0.0,0.0,0.0,0.0,0.0,0.0,0.0,11.11,0.0,0.0,10.0,10.0,0.0,10.0,0.0,10.0,0.0,10.0,0.0,10.0,10.0,0.0,10.0,10.0,0.0,0.0,0.0,0.0,0.0,10.0,10.0,10.0,10.0,0.0,10.0,0.0,0.0,0.0,0.0,0.0,0.0,0.0,0.0,1.25,2,5,0
0.0,0.0,0.0,10.0,0.0,0.0,0.0,0.0,0.0,1.28,0.0,0.0,0.0,0.0,0.0,0.0,0.0,0.0,2.56,0.0,0.0,10.0,10.0,0.0,10.0,0.0,10.0,0.0,10.0,0.0,10.0,0.0,0.0,10.0,10.0,0.0,0.0,10.0,1.28,0.0,10.0,10.0,10.0,10.0,0.0,10.0,10.0,0.0,0.0,0.0,0.0,0.232,0.0,0.0,1.296,8,35,0
0.0,0.32,0.32,10.0,0.16,0.16,0.0,0.0,0.16,0.32,0.0,0.0,0.0,0.0,0.32,0.0,0.32,0.32,0.8,0.32,2.08,10.0,10.0,0.16,10.0,0.0,10.0,0.64,10.0,0.0,0.0,0.0,0.0,10.0,10.0,0.0,0.0,0.0,0.0,0.0,10.0,10.0,10.0,10.0,0.0,10.0,10.0,0.0,0.0,1.309,0.0,0.022,10.13,0.0,16.883,157,772,0
0.0,0.0,0.0,10.0,0.32,0.0,10.0,0.0,0.32,0.96,0.0,1.29,0.0,0.0,0.32,0.32,0.0,0.0,1.29,0.0,0.0,10.0,10.0,0.0,10.0,0.64,10.0,0.0,10.0,0.0,10.0,0.0,0.0,10.0,10.0,0.32,0.64,10.0,0.32,0.0,10.0,10.0,10.0,10.0,0.32,10.0,0.0,0.0,0.0,0.145,0.048,0.0,0.0,0.0,1.967,18,120,0
0.0,0.0,0.0,10.0,0.0,0.0,0.0,0.0,0.0,0.0,0.0,0.0,0.0,0.0,0.0,0.0,0.0,0.0,0.0,0.0,0.0,10.0,10.0,0.0,10.0,0.0,10.0,0.0,10.0,0.0,10.0,10.0,0.0,10.0,10.0,0.0,0.0,10.0,0.0,0.0,10.0,10.0,10.0,10.0,0.0,10.0,0.0,0.0,0.0,0.0,0.0,0.0,0.0,0.0,1.0,1,2,0
0.0,0.53,0.0,10.0,0.0,0.53,10.0,0.0,0.0,0.0,0.0,0.0,0.0,0.0,0.0,0.0,0.0,1.6,2.67,0.0,1.6,10.0,0.0,0.0,10.0,0.0,10.0,0.0,10.0,0.0,10.0,0.0,0.0,10.0,10.0,0.0,0.0,0.0,0.0,0.0,10.0,10.0,10.0,10.0,0.0,10.0,10.0,0.0,0.0,0.255,0.0,0.0,10.13,0.0,2.131,12,81,1
0.0,0.0,0.0,10.0,2.25,0.0,0.0,0.0,0.0,0.75,0.0,0.0,0.0,0.0,0.0,0.0,0.0,0.0,1.5,0.0,0.0,10.0,10.0,0.0,10.0,0.75,10.0,1.5,10.0,0.0,10.0,0.0,0.0,10.0,10.0,0.0,0.0,10.0,0.0,0.0,10.0,10.0,0.0,10.0,0.0,10.0,10.0,0.0,0.0,0.128,0.0,0.0,10.13,0.128,3.657,28,128,0
0.0,0.0,0.0,10.0,0.0,1.12,10.0,0.0,0.0,1.12,0.0,0.0,0.0,0.0,0.0,0.0,0.0,1.12,2.24,0.0,1.12,10.0,10.0,0.0,10.0,0.0,10.0,0.0,0.0,0.0,10.0,0.0,0.0,10.0,10.0,0.0,0.0,0.0,0.0,0.0,10.0,10.0,10.0,10.0,0.0,10.0,10.0,0.0,0.0,0.375,0.0,0.0,6.003,0.0,16.883,14,45,1
0.0,0.0,0.0,10.0,0.0,0.0,0.0,0.0,0.0,0.86,0.0,1.72,0.86,0.0,0.0,0.0,0.0,0.0,2.58,0.0,0.86,10.0,10.0,0.0,10.0,0.0,10.0,0.0,10.0,0.0,10.0,0.0,0.0,10.0,10.0,0.0,0.0,10.0,0.0,0.0,10.0,10.0,10.0,10.0,0.0,0.86,10.0,0.0,0.0,0.321,0.0,0.214,0.0,0.0,16.883,51,91,0
0.0,0.0,0.0,10.0,0.0,0.0,10.0,0.0,0.0,0.0,0.0,0.0,0.0,0.0,0.0,0.0,0.0,0.0,0.0,0.0,0.0,10.0,10.0,0.0,10.0,0.0,10.0,0.0,10.0,0.0,10.0,0.0,0.0,10.0,10.0,0.0,3.33,0.0,0.0,0.0,10.0,10.0,0.0,10.0,0.0,10.0,0.0,0.0,0.305,0.611,0.0,10.7875,0.0,0.0,16.883,22,66,1
0.0,0.0,0.0,10.0,0.0,0.0,10.0,0.0,0.0,0.0,0.0,0.0,0.0,0.0,0.0,0.0,0.0,0.0,0.0,0.0,0.0,10.0,10.0,0.0,10.0,0.0,10.0,0.0,10.0,0.0,10.0,0.0,0.0,10.0,10.0,0.0,0.0,0.0,0.0,0.0,10.0,10.0,10.0,10.0,0.0,10.0,10.0,0.0,0.0,0.0,0.0,0.0,0.0,0.0,1.0,1,4,0
0.62,0.62,0.0,10.0,0.0,1.86,0.0,0.0,0.0,0.0,0.0,0.62,0.62,0.0,0.0,0.0,0.0,0.62,2.48,0.0,1.86,10.0,10.0,0.0,10.0,0.0,10.0,0.0,10.0,0.0,10.0,0.0,0.0,10.0,10.0,0.0,0.0,0.0,0.0,0.0,10.0,10.0,10.0,10.0,0.0,10.0,0.0,0.0,0.0,0.327,0.0,10.7875,0.218,0.0,16.883,28,155,1
0.0,0.45,0.45,10.0,0.45,0.0,10.0,0.0,0.0,0.0,0.0,0.45,0.0,0.0,0.0,0.45,0.0,0.91,1.36,0.0,1.36,10.0,10.0,0.0,10.0,0.0,10.0,0.0,10.0,0.0,10.0,0.0,0.0,10.0,10.0,0.0,0.0,0.0,0.0,0.0,10.0,10.0,10.0,10.0,0.0,10.0,0.0,0.0,0.0,0.0,0.0,10.7875,0.0,0.0,2.777,61,200,1
0.0,0.0,1.77,10.0,0.0,0.0,0.0,0.0,0.0,0.0,0.0,0.59,0.0,0.0,0.0,0.0,0.0,0.59,4.14,0.0,1.18,10.0,10.0,0.0,10.0,0.0,10.0,0.0,10.0,0.0,10.0,0.0,0.59,10.0,10.0,0.0,0.0,0.0,0.0,0.0,10.0,10.0,10.0,10.0,0.0,10.0,10.0,0.0,0.0,0.165,0.0,0.165,10.13,0.0,2.325,16,100,1
0.0,0.0,0.0,10.0,0.0,0.0,0.0,0.0,0.0,0.0,0.0,0.0,0.0,0.0,0.0,20.0,0.0,0.0,0.0,0.0,0.0,10.0,10.0,0.0,10.0,0.0,10.0,0.0,10.0,0.0,10.0,0.0,0.0,10.0,10.0,0.0,0.0,0.0,0.0,0.0,10.0,10.0,10.0,10.0,0.0,10.0,10.0,0.0,0.0,0.0,0.0,0.0,10.13,0.0,1.0,1,4,0
0.0,0.0,0.32,10.0,0.64,0.64,10.0,0.32,0.0,0.0,0.0,0.32,0.32,0.0,0.0,0.32,0.32,0.0,2.27,0.0,3.24,10.0,10.0,0.32,10.0,0.0,10.0,0.0,10.0,0.0,10.0,0.0,0.0,10.0,10.0,0.0,0.0,0.0,0.0,0.0,10.0,10.0,10.0,10.0,0.64,10.0,10.0,0.0,0.0,0.104,0.0,0.0,0.157,0.0,1.494,10,139,1
0.0,0.0,0.0,10.0,0.0,0.0,0.0,0.0,0.0,0.0,0.0,0.0,1.44,0.0,0.0,1.44,0.0,0.0,5.79,0.0,1.44,10.0,10.0,0.0,10.0,0.0,10.0,0.0,10.0,0.0,10.0,0.0,0.0,10.0,10.0,0.0,0.0,0.0,0.0,0.0,10.0,10.0,0.0,10.0,0.0,10.0,10.0,0.0,0.0,0.0,0.0,10.7875,10.13,0.0,2.157,11,41,1
0.0,0.95,0.95,10.0,0.0,0.0,0.0,0.0,0.0,0.0,0.0,0.0,0.0,0.0,0.0,0.0,0.0,0.0,0.47,0.47,1.9,10.0,10.0,0.47,10.0,0.0,10.0,0.0,10.0,0.0,10.0,0.47,0.0,10.0,10.0,0.0,0.0,10.0,0.0,0.0,10.0,10.0,10.0,10.0,0.0,10.0,0.0,0.0,0.066,0.2,0.0,0.267,0.0,0.0,16.883,45,464,1
0.0,0.0,0.0,10.0,0.0,0.0,0.0,0.0,0.0,0.0,0.0,0.0,0.0,1.19,0.0,0.0,0.0,1.19,0.0,0.0,0.0,10.0,10.0,0.0,10.0,0.0,10.0,0.0,10.0,0.0,10.0,0.0,1.19,10.0,10.0,0.0,0.0,10.0,0.0,0.0,10.0,10.0,10.0,10.0,0.0,10.0,10.0,0.0,0.0,0.0,0.0,0.0,0.0,0.0,2.178,21,61,0
0.0,0.0,0.0,10.0,0.0,0.0,0.0,0.0,0.0,0.0,0.0,0.0,0.0,0.0,0.0,0.0,0.0,0.0,0.95,0.0,0.0,10.0,10.0,0.0,10.0,0.0,10.0,0.0,10.0,0.0,10.0,0.0,0.95,10.0,10.0,0.0,0.0,10.0,0.0,0.0,10.0,10.0,10.0,10.0,0.0,10.0,10.0,0.0,0.263,0.394,0.0,0.0,0.0,0.0,2.142,5,45,0
0.0,0.0,0.0,10.0,1.85,0.0,0.0,0.0,0.0,0.0,0.0,0.0,0.0,0.0,0.0,1.85,0.0,0.0,0.0,0.0,0.0,10.0,10.0,0.0,10.0,0.0,10.0,0.0,10.0,0.0,10.0,0.0,0.0,10.0,10.0,0.0,0.0,10.0,0.0,0.0,10.0,10.0,10.0,10.0,0.0,10.0,10.0,0.0,0.0,0.0,0.0,0.0,0.0,0.0,2.916,7,35,0
0.0,0.0,1.06,10.0,0.0,0.35,10.0,0.0,0.0,0.0,0.0,2.13,0.0,0.0,0.0,0.0,0.71,0.0,0.71,0.0,0.0,10.0,10.0,0.0,10.0,0.0,10.0,0.0,10.0,1.06,10.0,0.0,0.0,10.0,10.0,0.35,0.35,0.0,0.35,0.0,10.0,10.0,10.0,10.0,0.71,10.0,0.0,0.0,0.0,0.055,0.055,0.0,10.13,0.0,2.239,17,206,0
0.0,0.0,0.0,10.0,0.0,0.0,10.0,0.0,0.0,0.85,0.0,0.85,0.0,0.0,0.0,1.28,0.0,0.0,0.85,0.0,0.42,10.0,10.0,0.0,10.0,1.28,10.0,1.28,10.0,0.42,10.0,0.42,0.0,10.0,10.0,0.85,0.42,0.0,0.0,0.42,10.0,10.0,10.0,10.0,0.42,10.0,10.0,0.0,0.0,0.369,0.073,0.0,0.0,0.0,2.44,12,144,0
0.0,0.55,0.55,10.0,0.55,0.0,0.0,0.55,0.0,0.0,0.0,1.11,0.0,0.0,0.0,1.11,0.0,0.55,1.66,0.0,2.22,10.0,10.0,0.0,10.0,0.0,10.0,0.0,10.0,0.0,10.0,0.0,0.0,10.0,10.0,0.0,0.0,0.0,0.0,0.0,10.0,10.0,10.0,10.0,0.0,10.0,0.0,0.0,0.0,0.0,0.0,10.7875,0.08,0.0,16.883,85,201,1
0.05,0.3,0.4,10.0,0.1,0.05,0.0,0.05,0.1,0.0,0.0,0.3,0.2,0.0,0.05,0.0,0.0,0.5,1.55,0.3,0.75,10.0,10.0,0.2,10.0,0.05,10.0,0.0,10.0,0.0,10.0,10.0,0.0,10.0,10.0,0.0,0.0,0.0,0.0,0.0,10.0,10.0,0.0,10.0,0.05,10.0,10.0,0.0,0.0,0.036,0.0,0.054,10.13,0.0,2.379,96,583,1
0.0,0.0,0.0,10.0,0.0,0.0,0.0,0.0,0.0,0.0,0.0,0.95,0.0,0.0,0.0,0.0,0.0,0.0,3.8,0.0,0.0,10.0,10.0,0.0,10.0,0.0,10.0,0.0,10.0,0.0,10.0,0.0,0.0,10.0,10.0,0.0,0.95,10.0,0.0,0.0,10.0,10.0,10.0,10.0,0.0,10.0,10.0,0.0,0.0,0.0,0.0,0.175,0.0,0.0,3.125,15,50,0
0.0,0.0,0.0,10.0,0.0,0.0,10.0,0.0,0.0,0.0,0.0,0.0,0.0,0.0,0.0,0.0,0.0,0.0,0.0,0.0,0.0,10.0,10.0,0.0,10.0,0.0,10.0,0.0,10.0,0.0,10.0,0.0,0.0,10.0,10.0,0.0,0.0,0.0,0.0,0.0,10.0,10.0,10.0,10.0,0.0,10.0,10.0,0.0,1.408,0.0,0.0,0.0,0.0,0.0,2.6,6,13,0
0.0,0.0,0.0,10.0,0.0,0.0,10.0,0.0,0.0,0.0,0.0,0.0,0.0,0.0,0.0,0.0,0.0,0.0,0.0,0.0,0.0,10.0,10.0,0.0,10.0,0.0,10.0,0.0,10.0,0.0,10.0,0.0,0.0,10.0,10.0,0.0,0.0,10.0,0.0,0.0,10.0,10.0,10.0,10.0,1.66,10.0,0.0,0.0,0.0,0.8,0.0,0.0,0.0,0.0,1.5,4,33,0
0.51,0.43,0.29,10.0,0.14,0.03,10.0,0.18,0.54,0.62,0.29,0.65,0.65,1.2,0.03,0.21,0.43,0.03,3.0,0.0,1.35,10.0,10.0,0.54,10.0,0.0,10.0,0.0,10.0,0.0,0.0,0.0,0.0,10.0,10.0,0.0,0.0,0.0,0.0,0.0,10.0,10.0,0.0,10.0,0.03,0.0,10.0,0.0,0.012,0.08,0.0,10.7875,10.13,0.136,16.883,739,2333,1
0.0,0.0,0.0,10.0,0.92,0.0,10.0,0.0,0.0,0.0,0.0,0.0,0.0,0.0,0.0,0.0,0.0,0.0,0.3,0.0,0.61,10.0,10.0,0.0,10.0,0.0,10.0,0.0,10.0,0.0,10.0,0.0,0.0,10.0,10.0,0.0,0.0,0.0,0.0,0.0,10.0,10.0,10.0,10.0,0.0,10.0,0.0,0.0,0.046,0.0,0.0,0.092,10.13,0.0,2.074,49,278,1
0.07,0.0,0.15,10.0,1.53,0.15,0.0,0.46,0.0,0.0,0.07,0.46,0.46,0.0,0.0,0.0,0.07,0.0,0.76,0.0,0.38,10.0,10.0,0.0,10.0,0.0,10.0,0.0,10.0,0.0,10.0,0.0,0.0,10.0,10.0,0.0,0.15,10.0,0.0,0.0,10.0,10.0,10.0,10.0,0.61,10.0,10.0,0.0,0.0,0.022,0.0,0.0,0.033,0.0,1.705,36,220,0
0.0,0.0,0.0,10.0,0.32,0.0,0.0,0.32,0.32,0.64,0.0,1.28,0.0,0.0,0.0,2.56,0.96,0.0,3.84,0.0,0.96,10.0,10.0,0.0,10.0,0.0,10.0,0.0,10.0,0.0,10.0,0.0,0.0,10.0,10.0,0.0,0.0,10.0,0.0,0.0,10.0,10.0,0.0,10.0,0.0,10.0,10.0,0.0,0.0,0.098,0.049,10.7875,0.0,0.0,2.184,25,166,1
0.0,1.93,0.77,10.0,0.77,0.0,10.0,0.38,0.0,0.0,0.38,0.0,1.54,0.0,0.0,0.38,0.38,1.15,4.24,0.0,6.17,10.0,0.0,0.0,10.0,0.0,10.0,0.0,10.0,0.0,10.0,0.0,0.0,10.0,10.0,0.0,0.0,10.0,0.0,0.0,10.0,10.0,10.0,10.0,0.0,10.0,10.0,0.0,0.0,0.0,0.0,0.109,0.0,0.0,1.043,4,95,0
0.0,0.0,0.0,10.0,0.0,0.0,0.0,0.0,0.0,0.0,0.0,0.0,0.0,0.0,0.0,0.0,0.0,0.0,0.0,0.0,0.0,10.0,10.0,0.0,10.0,0.0,10.0,0.0,10.0,0.0,10.0,0.0,0.0,10.0,10.0,0.0,0.0,10.0,0.0,0.0,10.0,10.0,0.0,10.0,0.0,10.0,10.0,0.0,0.0,0.863,0.143,0.0,0.0,0.0,16.883,33,148,0
0.27,0.0,0.27,10.0,0.0,0.0,10.0,0.0,0.0,0.27,0.27,0.55,0.0,0.0,0.0,0.0,0.0,0.0,2.2,0.0,0.27,10.0,10.0,0.0,10.0,0.0,10.0,0.0,0.0,0.0,10.0,0.0,0.0,10.0,10.0,0.0,1.1,0.0,0.0,0.0,10.0,10.0,0.0,10.0,0.0,10.0,10.0,0.0,0.0,0.0,0.0,0.136,10.13,0.0,16.883,30,435,1
0.1,0.1,0.1,10.0,0.21,0.1,10.0,0.0,0.1,0.31,0.0,0.84,0.21,0.0,0.0,0.1,0.0,0.21,1.78,0.0,0.63,10.0,0.0,0.1,10.0,0.0,10.0,0.0,10.0,0.0,10.0,0.0,0.0,10.0,10.0,0.0,0.0,10.0,0.0,0.0,10.0,10.0,10.0,10.0,0.0,10.0,10.0,0.0,0.035,0.177,0.035,0.07,0.053,0.0,1.744,29,417,0
0.0,0.0,1.2,10.0,0.0,0.0,0.0,0.0,0.0,0.0,0.0,2.4,0.0,0.0,0.0,0.0,0.0,0.0,0.0,0.0,0.0,10.0,10.0,0.0,10.0,0.0,10.0,0.0,10.0,0.0,10.0,0.0,0.0,10.0,10.0,0.0,0.0,0.0,0.0,0.0,10.0,10.0,10.0,10.0,0.0,10.0,10.0,0.0,0.0,0.666,1.111,0.222,10.13,0.0,2.826,8,65,0
0.59,0.09,0.09,10.0,0.29,0.09,0.0,0.59,0.59,2.09,0.29,0.09,0.29,0.0,0.39,0.09,0.79,0.39,3.19,0.09,1.69,10.0,10.0,0.99,10.0,0.0,10.0,0.0,10.0,0.0,10.0,0.0,0.0,10.0,10.0,0.09,0.0,0.0,0.09,0.0,10.0,10.0,10.0,10.0,0.19,10.0,0.0,0.0,0.044,0.078,0.0,10.7875,0.133,0.011,16.883,1171,2541,1
0.3,0.0,0.15,10.0,0.0,0.15,10.0,0.0,0.0,0.0,0.0,0.3,0.0,0.0,0.0,0.0,0.0,0.0,0.75,0.0,0.3,10.0,10.0,0.0,10.0,0.3,10.0,0.15,10.0,0.15,10.0,0.15,0.45,10.0,10.0,0.15,0.15,0.0,0.15,0.15,10.0,10.0,10.0,10.0,0.15,10.0,10.0,0.0,0.0,0.328,0.046,0.0,0.0,0.0,1.703,12,155,0
0.28,0.0,0.28,10.0,0.0,0.0,0.0,0.0,0.0,0.0,0.0,0.28,0.28,0.0,0.0,0.28,0.0,0.28,1.97,0.0,0.0,10.0,10.0,0.28,10.0,0.0,10.0,0.0,10.0,0.0,10.0,0.0,0.0,10.0,10.0,0.0,0.0,0.0,0.0,0.0,10.0,10.0,10.0,10.0,0.0,10.0,10.0,0.0,0.0,0.103,0.0,10.7875,0.0,0.0,1.403,18,80,0
0.05,0.0,0.45,10.0,0.15,0.1,10.0,0.0,0.55,0.0,0.0,0.15,0.0,0.0,0.0,0.0,0.0,0.05,0.2,0.0,0.15,10.0,10.0,0.0,10.0,0.7,10.0,0.0,10.0,0.0,10.0,0.0,1.16,10.0,10.0,0.0,0.81,10.0,0.0,0.0,10.0,10.0,10.0,10.0,0.0,10.0,0.0,0.0,0.203,0.195,0.05,0.0,0.014,0.0,2.88,45,1080,0
0.33,0.44,0.37,10.0,0.14,0.11,0.0,0.07,0.97,1.16,0.11,1.42,1.76,1.27,0.03,0.03,0.07,0.07,4.38,0.0,1.49,10.0,10.0,0.18,10.0,0.0,10.0,0.0,10.0,0.0,0.0,0.0,0.0,10.0,10.0,0.0,0.0,10.0,0.0,0.0,10.0,10.0,10.0,10.0,0.03,10.0,10.0,0.0,0.006,0.159,0.0,0.069,10.13,0.11,3.426,72,819,1
0.0,0.0,0.55,10.0,1.11,0.0,10.0,0.0,0.0,0.0,0.0,0.0,0.92,0.0,0.18,0.0,0.37,0.37,3.15,0.0,0.92,10.0,10.0,0.0,10.0,0.0,10.0,0.0,10.0,0.0,10.0,0.0,0.0,10.0,10.0,0.0,0.0,0.0,0.0,0.0,10.0,10.0,0.0,10.0,0.0,10.0,10.0,0.0,0.0,0.185,0.0,10.7875,0.0,0.0,1.392,4,78,1
0.0,0.0,0.0,10.0,0.0,0.0,0.0,0.0,0.0,1.27,0.0,1.27,0.0,0.0,0.0,0.0,0.0,0.0,0.63,0.0,0.0,10.0,10.0,0.0,10.0,0.0,10.0,0.0,10.0,0.0,10.0,0.0,0.0,10.0,10.0,0.0,0.0,10.0,0.0,0.0,10.0,10.0,10.0,10.0,0.0,10.0,10.0,1.27,0.0,0.111,0.0,0.111,0.0,0.0,1.73,7,45,0
0.0,0.0,0.0,10.0,0.0,0.0,0.0,0.67,0.0,0.67,0.0,0.0,0.0,0.0,0.0,0.0,0.0,0.0,0.0,0.0,0.0,10.0,10.0,0.0,10.0,0.0,10.0,0.0,10.0,0.0,10.0,0.0,0.0,10.0,10.0,0.0,1.34,0.0,0.0,0.0,10.0,10.0,10.0,10.0,0.0,10.0,0.0,0.0,0.17,0.511,0.085,10.7875,0.0,0.0,16.883,27,217,1
0.0,0.0,0.0,10.0,0.0,0.0,0.0,0.0,0.0,0.0,0.0,7.69,0.0,0.0,0.0,0.0,0.0,0.0,0.0,0.0,0.0,10.0,10.0,0.0,10.0,3.84,10.0,0.0,10.0,0.0,10.0,0.0,0.0,10.0,10.0,0.0,0.0,0.0,0.0,0.0,10.0,10.0,10.0,10.0,0.0,10.0,10.0,0.0,0.0,0.0,0.0,10.7875,0.0,0.0,1.615,4,21,0
0.48,0.0,0.0,10.0,0.0,0.0,0.0,0.0,0.0,0.0,0.0,0.96,0.0,0.0,0.0,0.0,0.0,0.48,0.96,0.0,0.0,10.0,10.0,0.0,10.0,0.96,10.0,0.96,10.0,0.96,10.0,0.48,0.0,10.0,10.0,0.96,0.0,0.0,0.0,0.48,10.0,10.0,10.0,10.0,0.48,10.0,10.0,0.0,0.0,0.276,0.0,0.138,10.13,0.0,1.986,11,147,0
0.0,0.0,0.0,10.0,0.0,0.0,0.0,0.0,0.0,0.0,0.0,0.0,0.0,0.0,0.0,0.0,0.0,0.0,0.0,0.0,0.0,10.0,10.0,0.0,10.0,0.0,10.0,0.0,10.0,0.0,10.0,0.0,0.72,10.0,10.0,0.0,0.0,10.0,0.0,0.0,10.0,10.0,10.0,10.0,0.0,10.0,10.0,0.0,0.0,1.047,0.0,0.0,0.0,0.13,3.475,7,139,0
0.0,0.0,3.38,10.0,0.0,0.0,0.0,0.0,0.0,0.0,0.0,0.0,0.0,0.0,0.0,0.0,0.0,0.0,0.0,0.0,1.69,10.0,10.0,0.0,10.0,0.0,10.0,0.0,10.0,0.0,10.0,10.0,0.0,10.0,10.0,0.0,0.0,0.0,0.0,0.0,10.0,10.0,10.0,10.0,0.0,10.0,10.0,0.0,0.0,0.0,0.0,0.0,0.0,0.0,1.222,3,11,0
0.0,0.0,0.0,10.0,0.0,0.0,0.0,0.0,0.0,0.0,0.0,0.0,0.0,0.0,0.0,0.0,0.0,0.0,3.22,0.0,0.0,10.0,10.0,0.0,10.0,0.0,10.0,0.0,10.0,0.0,10.0,0.0,0.0,10.0,10.0,0.0,0.0,10.0,0.0,0.0,10.0,10.0,10.0,10.0,0.0,10.0,10.0,0.0,0.0,0.552,0.0,0.0,0.0,0.0,1.6,4,8,0
0.0,0.0,0.6,10.0,0.0,0.6,0.0,0.0,0.6,0.0,0.0,1.8,0.0,0.0,0.0,0.3,0.0,0.0,2.7,0.0,1.2,10.0,10.0,0.6,10.0,0.0,10.0,0.0,10.0,0.0,10.0,0.0,0.0,10.0,10.0,0.0,0.0,0.0,0.0,0.0,10.0,10.0,10.0,10.0,0.0,10.0,10.0,0.0,0.0,0.094,0.047,0.189,10.13,0.0,1.932,31,201,1
0.0,14.28,0.0,10.0,0.0,0.0,0.0,0.0,0.0,0.0,0.0,0.0,0.0,0.0,0.0,0.0,0.0,0.0,0.0,0.0,0.0,10.0,10.0,0.0,10.0,0.0,10.0,0.0,10.0,0.0,10.0,0.0,0.0,10.0,10.0,0.0,0.0,10.0,0.0,0.0,10.0,10.0,10.0,10.0,0.0,10.0,10.0,0.0,0.0,0.0,0.0,0.0,0.0,0.0,1.8,5,9,0
0.0,0.0,0.0,10.0,3.7,0.0,10.0,0.0,0.0,0.0,0.0,0.0,0.0,0.0,0.0,0.0,0.0,0.0,3.7,0.0,0.0,10.0,10.0,0.0,10.0,0.0,10.0,0.0,10.0,0.0,0.0,0.0,0.0,10.0,10.0,0.0,0.0,0.0,0.0,0.0,10.0,10.0,10.0,10.0,0.0,10.0,10.0,0.0,0.0,0.0,0.0,0.0,0.0,0.0,16.883,28,79,1
0.0,0.0,0.0,10.0,0.0,0.0,10.0,0.0,0.0,0.0,0.0,0.0,0.0,0.0,0.0,0.0,0.0,0.0,3.37,0.0,0.67,10.0,10.0,0.0,0.0,0.0,10.0,0.0,10.0,0.0,10.0,0.0,0.0,10.0,10.0,0.0,0.0,10.0,0.0,0.0,10.0,10.0,10.0,10.0,1.35,10.0,10.0,0.0,0.0,0.0,0.0,0.0,0.0,0.0,1.87,7,58,0
0.0,0.0,0.0,10.0,0.0,0.0,0.0,0.65,0.0,1.3,0.0,0.0,0.0,0.0,0.0,0.0,0.0,0.32,0.32,0.0,0.65,10.0,10.0,0.0,10.0,4.24,10.0,0.0,10.0,0.65,10.0,0.0,0.0,10.0,10.0,0.0,1.63,0.0,0.0,0.0,10.0,10.0,10.0,10.0,0.65,10.0,10.0,0.0,0.153,0.562,0.102,0.0,0.0,0.0,16.883,42,500,0
0.0,0.0,0.49,10.0,1.47,0.0,0.0,0.0,0.0,0.0,0.0,0.98,0.0,0.0,0.0,0.0,0.98,0.0,2.45,0.0,2.45,10.0,10.0,0.0,10.0,0.0,10.0,0.0,10.0,0.0,10.0,0.0,0.0,10.0,10.0,0.0,0.0,10.0,0.0,0.0,10.0,10.0,0.0,10.0,0.49,10.0,0.0,0.0,0.0,0.084,0.0,10.7875,0.254,0.0,16.883,80,234,1
0.0,0.0,0.0,10.0,0.0,0.0,0.0,0.0,0.0,0.0,0.0,0.0,0.0,0.0,0.0,1.01,0.0,1.01,5.05,0.0,1.01,10.0,10.0,0.0,10.0,0.0,10.0,0.0,10.0,0.0,10.0,0.0,0.0,10.0,10.0,0.0,0.0,0.0,0.0,0.0,10.0,10.0,10.0,10.0,0.0,10.0,0.0,0.0,0.0,0.0,0.0,0.0,10.13,0.0,16.883,55,60,0
0.0,0.0,0.0,10.0,0.0,0.68,0.0,1.36,0.68,0.68,0.0,0.0,0.0,0.0,0.0,0.68,2.73,0.68,1.36,3.42,1.36,10.0,10.0,0.0,10.0,0.0,10.0,0.0,10.0,0.0,10.0,0.0,0.0,10.0,10.0,0.0,0.0,10.0,0.0,0.68,10.0,10.0,0.0,10.0,0.0,0.0,0.0,0.0,0.0,0.0,0.0,10.7875,10.13,0.0,16.883,75,228,1
0.0,1.25,0.0,10.0,0.0,0.0,0.0,0.0,0.62,1.25,0.0,0.0,0.0,0.0,0.0,0.0,0.0,0.0,1.87,0.0,1.25,10.0,10.0,0.0,10.0,1.87,10.0,1.87,10.0,1.87,10.0,0.62,0.0,10.0,10.0,0.62,1.87,0.0,0.62,0.62,10.0,10.0,10.0,10.0,1.87,10.0,10.0,0.0,0.0,0.475,0.57,0.0,10.13,0.0,2.238,12,141,0
0.0,0.0,0.0,10.0,1.92,0.0,0.0,0.0,0.0,0.64,0.96,1.28,0.0,0.0,0.0,0.96,0.0,0.32,3.85,0.0,0.64,10.0,10.0,0.0,10.0,0.0,10.0,0.0,10.0,0.0,10.0,0.0,0.0,10.0,10.0,0.0,0.0,0.0,0.0,0.0,10.0,10.0,10.0,10.0,0.0,10.0,10.0,0.0,0.0,0.054,0.0,0.164,10.13,0.0,1.671,4,112,1
0.0,0.0,0.0,10.0,0.0,0.0,10.0,0.0,0.0,0.0,0.0,0.0,0.0,0.0,0.0,1.23,1.23,0.0,4.93,0.0,3.7,10.0,10.0,0.0,10.0,0.0,10.0,0.0,10.0,0.0,10.0,0.0,0.0,10.0,10.0,0.0,0.0,10.0,0.0,0.0,10.0,10.0,10.0,10.0,1.23,0.0,0.0,0.0,0.0,0.0,0.0,0.234,0.0,0.0,16.883,41,71,1
0.0,0.0,0.0,10.0,0.0,1.2,0.0,0.0,0.0,0.0,0.0,0.0,0.0,0.0,0.0,0.0,0.0,0.0,1.2,0.0,3.61,10.0,10.0,3.61,10.0,0.0,10.0,0.0,10.0,0.0,10.0,0.0,0.0,10.0,10.0,0.0,0.0,0.0,0.0,0.0,10.0,10.0,10.0,10.0,0.0,10.0,0.0,0.0,0.0,0.0,0.0,10.7875,10.13,0.0,3.454,17,38,1
0.54,0.13,0.38,10.0,0.05,0.16,0.0,0.05,0.35,0.16,0.24,1.11,0.38,1.19,0.13,0.19,0.43,0.48,3.56,0.0,0.81,10.0,10.0,0.57,10.0,0.0,10.0,0.0,10.0,0.0,10.0,0.0,0.0,10.0,10.0,0.0,0.0,0.0,0.0,0.0,10.0,10.0,10.0,10.0,0.05,10.0,0.02,0.0,0.0,0.086,0.0,0.268,10.13,0.159,16.883,195,3313,1
0.0,0.0,0.44,10.0,0.44,0.0,0.0,0.0,0.0,0.44,0.0,0.88,0.0,0.0,0.0,0.0,0.0,0.88,2.22,0.0,2.22,10.0,10.0,0.0,10.0,0.44,10.0,0.88,10.0,0.88,10.0,0.0,0.0,10.0,10.0,0.0,0.0,10.0,0.0,0.0,10.0,10.0,10.0,10.0,0.0,10.0,0.0,0.44,0.0,0.506,0.0,0.05,0.0,0.0,16.883,45,249,0
0.0,0.0,0.0,10.0,0.0,0.0,10.0,0.0,0.0,0.0,0.0,0.0,0.0,0.0,0.0,0.0,0.0,0.0,0.0,0.0,0.0,10.0,10.0,0.0,10.0,2.97,10.0,2.97,10.0,0.99,10.0,0.99,0.0,10.0,10.0,0.99,0.0,0.0,10.0,0.99,10.0,10.0,10.0,10.0,0.99,10.0,0.0,0.0,0.0,0.479,0.0,0.239,0.0,0.0,2.688,13,121,0
0.0,0.0,0.0,10.0,0.0,0.0,0.0,0.0,0.0,0.0,0.0,0.0,0.0,0.0,0.0,0.0,0.0,3.57,0.0,0.0,0.0,10.0,10.0,0.0,10.0,3.57,10.0,3.57,10.0,3.57,10.0,0.0,0.0,10.0,10.0,3.57,0.0,10.0,0.0,0.0,10.0,10.0,10.0,10.0,0.0,10.0,10.0,0.0,0.0,0.24,0.0,0.24,0.0,0.0,1.687,10,27,0
0.0,0.42,0.21,10.0,0.0,0.0,0.0,0.0,0.0,0.42,0.0,0.0,0.0,0.0,0.0,0.0,0.0,0.0,1.26,0.0,0.21,10.0,10.0,0.0,10.0,0.0,10.0,0.0,10.0,0.0,0.0,0.0,0.0,10.0,10.0,0.0,0.0,10.0,0.0,0.0,10.0,10.0,10.0,10.0,0.0,10.0,10.0,0.0,4.385,0.0,0.0,0.071,0.0,0.503,16.883,43,614,0
0.0,0.0,0.0,10.0,0.0,0.0,10.0,0.0,0.0,0.0,0.0,0.0,0.0,0.0,0.0,0.0,0.0,0.0,0.0,0.0,0.0,10.0,10.0,0.0,10.0,0.0,10.0,0.0,10.0,0.0,10.0,0.0,0.0,10.0,10.0,0.0,0.0,0.0,0.0,0.0,10.0,10.0,10.0,10.0,0.0,10.0,10.0,0.0,0.0,0.704,0.0,0.0,0.0,0.0,1.75,3,7,0
0.0,0.0,0.0,10.0,0.0,0.0,10.0,0.0,0.0,0.0,0.0,0.0,0.0,0.0,0.0,0.0,0.0,0.0,0.0,0.0,0.0,10.0,10.0,0.0,10.0,0.0,10.0,4.44,10.0,0.0,10.0,0.0,0.0,10.0,10.0,0.0,0.0,0.0,0.0,0.0,10.0,10.0,0.0,10.0,0.0,10.0,10.0,0.0,0.0,0.0,0.0,0.0,10.13,0.0,3.578,20,68,0
0.0,0.55,0.0,10.0,0.0,0.0,10.0,0.0,0.0,0.0,0.0,1.67,0.0,0.0,0.0,0.0,0.0,0.0,2.79,0.0,1.67,10.0,10.0,0.0,10.0,0.0,10.0,0.0,10.0,0.0,0.0,0.0,0.55,10.0,10.0,0.0,0.0,10.0,0.0,0.0,10.0,10.0,10.0,10.0,0.0,10.0,0.0,0.0,0.0,0.083,0.0,0.0,10.13,0.0,1.392,4,39,0
0.0,0.0,0.0,10.0,0.0,0.0,0.0,0.0,0.0,0.0,0.0,0.0,0.0,0.0,0.0,0.0,0.0,0.0,0.0,0.0,0.0,10.0,10.0,0.0,0.0,0.0,10.0,0.0,10.0,0.0,10.0,0.0,0.0,10.0,10.0,0.0,0.0,10.0,0.0,0.0,10.0,10.0,10.0,10.0,0.0,10.0,10.0,0.0,0.0,0.0,0.0,0.0,0.0,0.0,16.883,16,22,0
0.0,0.0,1.16,10.0,3.48,0.0,0.0,0.58,0.58,0.0,0.0,0.58,0.0,0.0,0.0,1.74,0.0,0.0,1.16,0.0,3.48,10.0,10.0,0.58,10.0,0.0,10.0,0.0,10.0,0.0,10.0,0.0,0.0,10.0,10.0,0.0,0.0,10.0,0.0,0.0,10.0,10.0,10.0,10.0,0.0,10.0,10.0,0.0,0.0,0.085,0.0,0.171,0.085,0.0,2.17,12,102,1
0.0,0.0,0.0,10.0,0.0,0.0,10.0,0.0,0.0,0.0,0.0,2.85,0.0,0.0,0.0,0.0,0.0,0.0,0.0,0.0,0.0,10.0,10.0,0.0,10.0,0.0,10.0,0.0,10.0,0.0,10.0,0.0,0.0,10.0,10.0,0.0,0.0,10.0,0.0,0.0,10.0,10.0,10.0,10.0,0.0,0.0,0.0,0.0,0.0,0.0,0.0,10.7875,0.0,0.0,2.333,12,28,0
0.0,0.0,0.0,10.0,0.0,0.0,0.0,0.0,0.0,0.0,0.0,0.0,0.0,0.0,0.0,0.0,0.0,0.0,4.34,0.0,0.0,10.0,10.0,0.0,10.0,0.0,10.0,0.0,10.0,0.0,0.0,0.0,0.0,10.0,10.0,0.0,0.0,10.0,0.0,0.0,10.0,10.0,10.0,10.0,0.0,10.0,10.0,0.0,0.0,0.0,0.0,10.7875,0.0,0.0,1.875,7,15,0
0.44,0.22,0.22,10.0,0.44,0.0,10.0,0.22,0.0,0.22,0.0,0.44,0.0,0.0,0.0,0.0,0.0,0.0,1.57,0.0,0.0,10.0,10.0,0.0,0.44,0.22,10.0,0.22,10.0,0.22,10.0,0.22,0.0,10.0,10.0,0.22,0.22,10.0,0.0,0.22,10.0,10.0,10.0,10.0,0.67,10.0,10.0,0.0,0.033,0.169,0.033,0.033,0.033,0.0,2.28,12,203,0
0.17,0.0,0.08,10.0,0.42,0.08,10.0,0.42,0.08,0.08,0.0,0.6,0.17,0.17,0.0,0.0,0.17,0.08,1.2,0.0,3.17,10.0,10.0,0.08,10.0,0.0,10.0,0.0,10.0,0.0,10.0,0.0,0.0,10.0,10.0,0.0,0.0,10.0,0.0,0.0,10.0,10.0,0.0,10.0,0.0,10.0,0.0,0.0,0.0,0.081,0.027,0.095,0.013,0.0,16.883,48,574,1
0.0,0.0,0.0,10.0,0.0,0.0,10.0,0.0,0.0,0.0,0.0,0.0,0.0,0.0,0.0,0.0,0.0,0.0,0.0,0.0,0.0,10.0,10.0,0.0,10.0,0.0,10.0,0.0,10.0,0.0,10.0,0.0,0.0,10.0,10.0,0.0,0.0,0.0,0.0,0.0,10.0,10.0,10.0,10.0,0.0,10.0,0.0,0.0,0.0,0.0,0.0,0.0,10.13,0.0,1.0,1,6,0
0.0,0.0,0.0,10.0,0.59,0.0,10.0,0.0,0.0,1.18,0.0,0.59,0.0,0.0,0.0,0.0,0.0,0.0,1.77,0.0,0.0,10.0,10.0,0.0,10.0,0.59,10.0,1.18,10.0,0.0,0.0,0.0,0.59,10.0,10.0,0.0,0.0,10.0,0.0,0.0,10.0,10.0,10.0,10.0,0.0,10.0,10.0,0.0,0.0,0.215,0.0,0.107,0.0,0.0,2.741,11,85,0
0.0,0.0,0.0,10.0,0.0,0.0,0.0,0.0,0.0,0.0,0.0,0.0,1.08,0.0,0.0,0.0,0.0,0.0,2.17,0.0,0.0,10.0,10.0,0.0,10.0,0.0,10.0,0.0,10.0,0.0,10.0,0.0,0.0,10.0,10.0,0.0,1.08,10.0,0.0,0.0,10.0,10.0,10.0,10.0,0.0,3.26,10.0,0.0,0.0,0.0,0.0,0.0,10.13,0.0,3.066,10,46,0
0.0,0.0,0.0,10.0,0.0,0.0,0.0,0.0,0.0,0.0,0.0,0.0,0.0,0.0,0.0,0.0,0.0,0.0,0.0,0.0,0.0,10.0,10.0,0.0,10.0,6.89,10.0,0.0,10.0,0.0,10.0,0.0,0.0,10.0,10.0,0.0,0.0,0.0,0.0,0.0,10.0,10.0,10.0,10.0,0.0,10.0,10.0,0.0,0.0,0.0,0.0,0.0,10.13,0.0,2.466,13,37,0
0.33,0.0,0.0,10.0,0.0,0.0,10.0,0.0,0.0,0.0,0.0,0.33,0.0,0.0,0.0,0.0,0.0,0.0,0.66,0.0,0.0,10.0,10.0,0.0,10.0,0.0,10.0,0.0,10.0,0.0,10.0,0.0,0.0,10.0,10.0,0.0,0.0,0.0,0.0,0.0,10.0,10.0,10.0,10.0,0.99,10.0,10.0,0.0,0.0,0.175,0.058,0.116,0.0,0.0,1.271,5,75,0
0.6,0.0,0.36,10.0,1.44,0.0,10.0,0.0,0.24,1.32,0.72,2.53,0.6,0.0,0.0,0.6,0.24,0.0,4.45,0.0,1.8,10.0,10.0,0.96,10.0,0.0,10.0,0.0,10.0,0.0,0.0,0.0,0.0,10.0,10.0,0.0,0.0,10.0,0.0,0.0,10.0,10.0,10.0,10.0,0.12,10.0,0.0,0.0,0.0,0.04,0.0,0.102,10.13,0.0,3.656,54,479,1
0.34,0.25,0.25,10.0,0.08,0.43,10.0,0.25,0.08,1.47,0.34,0.51,0.95,0.0,0.17,0.08,0.0,0.0,3.03,0.0,0.77,10.0,10.0,0.34,10.0,0.0,10.0,0.0,10.0,0.0,0.0,0.0,0.0,10.0,10.0,0.0,0.0,10.0,0.0,0.0,10.0,10.0,10.0,10.0,0.17,10.0,0.0,0.0,0.0,0.049,0.0,0.263,10.13,0.065,3.076,62,526,1
0.0,0.0,0.0,10.0,0.0,0.49,0.0,0.49,0.0,0.0,0.0,0.0,0.0,0.0,0.0,0.0,0.0,0.0,0.49,0.0,0.0,10.0,10.0,0.0,10.0,0.0,10.0,0.0,10.0,0.0,10.0,0.0,0.0,10.0,10.0,0.0,0.49,10.0,0.0,0.0,10.0,10.0,10.0,10.0,0.0,10.0,0.0,0.0,0.0,0.228,0.0,0.0,10.13,0.0,1.962,5,106,0
0.0,0.0,0.0,10.0,0.0,0.0,0.0,0.0,0.0,0.0,0.0,0.0,1.09,0.0,0.0,0.0,0.0,0.0,1.63,0.0,0.54,10.0,10.0,0.0,10.0,0.54,10.0,0.54,10.0,0.54,10.0,0.54,0.0,10.0,10.0,0.54,0.0,10.0,0.0,0.54,10.0,10.0,10.0,10.0,0.0,10.0,10.0,0.0,0.0,0.17,0.0,0.0,0.0,0.0,1.373,11,169,0
0.59,0.0,0.35,10.0,1.66,0.0,0.0,0.0,0.23,1.3,0.71,2.49,0.59,0.0,0.0,0.59,0.11,0.0,4.51,0.0,1.66,10.0,10.0,0.83,10.0,0.0,10.0,0.0,10.0,0.0,10.0,0.0,0.0,10.0,10.0,0.0,0.0,10.0,0.0,0.11,10.0,10.0,10.0,10.0,0.11,0.0,10.0,0.0,0.0,0.038,0.0,0.155,10.13,0.019,3.625,54,504,1
0.0,0.0,0.0,10.0,0.0,0.0,10.0,0.0,0.0,0.0,0.0,0.0,0.0,0.0,0.0,0.0,0.0,0.0,1.72,0.0,0.0,10.0,10.0,0.0,10.0,3.44,10.0,0.0,10.0,3.44,10.0,10.0,0.0,10.0,10.0,0.0,0.0,0.0,0.0,0.0,10.0,10.0,10.0,10.0,0.0,10.0,0.0,0.0,0.0,0.0,0.0,0.0,0.0,0.0,2.16,11,54,0
0.0,0.0,0.18,10.0,0.18,0.0,10.0,0.0,0.54,0.36,0.36,0.9,0.0,0.36,0.0,0.72,0.0,0.18,2.7,0.18,0.72,10.0,0.0,0.54,10.0,0.0,10.0,0.0,10.0,0.0,10.0,0.0,0.0,10.0,10.0,0.0,0.0,0.36,0.0,0.0,10.0,10.0,0.18,10.0,0.0,10.0,10.0,0.0,0.0,0.0,0.0,10.7875,0.063,0.0,16.883,363,841,1
0.51,0.0,0.51,10.0,0.0,0.51,10.0,0.0,0.0,0.0,0.0,0.51,0.0,0.0,0.0,0.0,0.0,0.0,0.51,0.0,1.02,10.0,10.0,0.0,10.0,0.0,10.0,0.0,0.0,0.0,10.0,10.0,0.0,10.0,10.0,0.0,0.51,0.0,0.51,0.0,10.0,10.0,10.0,10.0,0.0,10.0,10.0,0.0,0.0,0.161,0.08,0.08,0.0,0.0,1.885,12,66,0
0.3,0.2,0.3,10.0,0.2,0.4,0.2,0.3,0.4,1.71,0.1,1.91,0.2,0.0,0.5,0.6,0.0,0.8,3.43,0.0,1.51,10.0,10.0,0.3,10.0,0.0,10.0,0.0,10.0,0.0,0.0,0.0,0.0,10.0,10.0,0.0,0.0,0.0,0.0,0.0,10.0,10.0,10.0,10.0,0.2,10.0,10.0,0.0,0.0,0.017,0.0,0.275,10.13,0.017,16.883,103,1029,1
0.5,0.0,0.75,10.0,0.25,0.25,0.25,0.5,0.0,0.0,0.5,2.26,0.0,0.0,0.0,0.5,1.0,0.25,4.03,0.0,2.01,10.0,0.0,0.0,10.0,0.0,10.0,0.0,10.0,0.0,10.0,0.0,0.0,10.0,10.0,0.0,0.0,10.0,0.0,0.0,10.0,10.0,10.0,10.0,0.0,10.0,0.0,0.0,0.0,0.034,0.0,10.7875,0.034,0.0,16.883,60,231,1
0.19,0.19,0.29,10.0,1.07,0.19,0.19,0.97,0.87,0.58,0.09,1.07,0.19,0.87,0.09,0.0,0.0,1.17,3.81,0.68,1.75,10.0,0.09,0.29,10.0,0.0,10.0,0.0,10.0,0.0,0.0,0.0,0.0,10.0,10.0,0.0,0.0,10.0,0.09,0.09,10.0,10.0,10.0,10.0,0.0,10.0,10.0,0.0,0.0,0.0,0.202,10.7875,0.233,0.031,16.883,49,877,1
0.0,0.0,0.0,10.0,0.0,0.0,0.0,0.0,0.0,0.0,0.0,1.0,0.0,0.0,0.0,0.0,0.0,0.0,0.0,0.0,0.0,10.0,10.0,0.0,10.0,0.0,10.0,0.0,10.0,0.0,0.0,10.0,1.5,10.0,10.0,0.0,0.5,0.0,0.0,0.0,10.0,10.0,10.0,10.0,0.0,10.0,10.0,0.0,0.0,0.411,0.0,0.0,10.13,0.0,1.866,10,112,0
0.0,0.0,0.0,10.0,0.0,0.0,10.0,0.0,0.0,3.77,0.0,0.0,0.0,0.0,0.0,0.0,0.0,0.0,1.88,0.0,0.0,10.0,10.0,1.88,10.0,0.0,10.0,0.0,10.0,0.0,10.0,0.0,0.0,10.0,10.0,0.0,0.0,0.0,0.0,0.0,10.0,10.0,10.0,10.0,0.0,10.0,0.0,0.0,0.264,0.0,0.0,0.0,0.0,0.0,16.883,13,78,1
0.0,0.0,0.0,10.0,0.0,0.0,10.0,0.0,0.0,0.0,0.0,0.0,0.0,0.0,0.0,0.0,0.0,0.0,0.0,0.0,0.0,10.0,10.0,0.0,10.0,0.0,10.0,0.0,0.0,0.0,10.0,0.0,0.0,10.0,10.0,0.0,0.0,0.0,0.0,0.0,10.0,10.0,10.0,10.0,0.0,10.0,10.0,0.0,0.0,0.0,0.0,0.0,10.13,0.0,3.125,17,25,0
0.0,0.0,0.15,10.0,0.15,0.0,0.0,0.0,0.0,0.0,0.0,0.0,0.0,0.0,0.0,0.0,0.0,0.0,2.56,2.26,2.11,10.0,10.0,0.0,10.0,0.0,10.0,0.0,10.0,0.0,0.0,0.0,0.0,10.0,10.0,0.0,0.0,10.0,0.0,0.0,10.0,10.0,10.0,10.0,0.15,10.0,0.0,0.0,0.0,0.051,0.0,0.255,10.13,0.46,16.883,37,1216,1
0.0,0.0,0.5,10.0,0.0,0.5,10.0,0.0,0.0,0.0,0.0,0.0,1.0,0.0,0.0,0.0,0.0,0.0,2.0,0.0,0.0,10.0,10.0,0.0,10.0,0.0,10.0,0.0,10.0,0.0,10.0,0.0,0.0,10.0,10.0,0.0,0.0,10.0,0.0,0.0,10.0,10.0,10.0,10.0,1.0,10.0,0.0,0.0,0.0,0.0,0.0,0.0,0.0,0.0,2.527,47,91,0
0.0,0.0,0.0,10.0,0.0,0.0,10.0,0.0,0.0,0.0,0.0,0.0,1.33,0.0,0.0,0.0,2.66,5.33,2.66,0.0,2.66,10.0,10.0,0.0,10.0,0.0,10.0,0.0,10.0,0.0,0.0,0.0,0.0,10.0,10.0,0.0,0.0,0.0,0.0,0.0,10.0,10.0,10.0,10.0,0.0,0.0,10.0,0.0,0.0,0.0,0.0,10.7875,10.13,0.0,1.823,11,62,1
0.8,0.0,0.8,10.0,1.6,0.0,0.0,0.0,0.0,0.0,0.0,0.0,0.0,0.0,0.0,0.8,0.8,0.0,1.6,0.0,2.4,10.0,10.0,0.0,0.0,0.0,10.0,0.0,10.0,0.0,10.0,0.0,0.0,10.0,10.0,0.0,0.0,10.0,0.0,0.0,10.0,10.0,10.0,10.0,0.0,0.0,10.0,0.0,0.0,0.0,0.0,10.7875,10.13,0.0,2.604,22,125,1
0.0,0.0,0.0,10.0,0.0,0.0,0.0,1.05,0.0,0.0,0.52,1.05,0.52,0.0,0.0,1.05,0.0,0.0,3.7,1.05,1.05,10.0,10.0,0.52,10.0,0.0,10.0,0.0,10.0,0.0,0.0,0.0,0.0,10.0,10.0,0.0,0.0,0.0,0.0,0.0,10.0,10.0,10.0,10.0,0.0,0.0,10.0,0.0,0.0,0.0,0.0,10.7875,10.13,0.0,16.883,47,266,1
0.0,0.0,0.0,10.0,0.0,0.0,0.0,0.0,0.0,0.0,0.0,0.0,0.0,0.0,0.0,0.0,0.0,0.0,0.0,0.0,0.0,10.0,10.0,0.0,10.0,0.0,10.0,0.0,10.0,0.0,10.0,0.0,0.0,10.0,10.0,0.0,0.0,10.0,0.0,0.0,10.0,10.0,10.0,10.0,0.0,10.0,10.0,0.0,0.0,0.0,0.0,0.0,0.0,0.0,1.0,1,5,0
0.0,0.0,0.0,10.0,0.0,0.0,10.0,0.0,0.0,0.0,0.0,1.75,0.0,0.0,0.0,0.0,0.0,0.0,0.0,0.0,0.0,10.0,10.0,0.0,10.0,0.0,10.0,0.0,10.0,0.0,10.0,0.0,0.0,10.0,10.0,0.0,0.0,10.0,1.75,0.0,10.0,10.0,10.0,10.0,0.0,10.0,0.0,0.87,0.0,0.0,0.0,0.0,0.0,0.0,1.795,11,79,0
0.0,0.0,0.0,10.0,0.0,0.0,10.0,0.0,0.0,0.0,0.0,0.0,0.0,0.0,0.0,0.0,0.0,0.0,0.0,0.0,0.0,10.0,10.0,0.0,10.0,0.0,10.0,0.0,10.0,0.0,10.0,0.0,0.0,10.0,10.0,0.0,0.0,0.0,0.0,0.0,10.0,10.0,10.0,10.0,3.44,10.0,10.0,0.0,0.0,0.0,0.0,0.0,0.0,0.0,1.0,1,8,0
0.2,0.0,0.2,10.0,0.2,0.0,0.0,0.0,0.0,0.0,0.0,1.0,0.2,0.0,0.0,0.0,0.0,0.2,0.4,0.0,0.0,10.0,10.0,0.0,10.0,1.2,10.0,0.4,10.0,0.0,10.0,0.0,0.8,10.0,10.0,0.0,0.8,0.0,0.0,0.0,10.0,10.0,10.0,10.0,0.0,10.0,10.0,0.0,0.061,0.462,0.061,0.0,10.13,0.0,2.61,24,308,0
0.0,0.81,0.0,10.0,2.03,0.0,10.0,0.4,0.0,1.21,0.0,0.81,0.0,0.0,0.0,0.4,0.0,0.0,3.65,0.0,1.62,10.0,10.0,0.4,10.0,0.0,10.0,0.0,10.0,0.0,10.0,0.0,0.0,10.0,10.0,0.0,0.0,0.0,0.0,0.0,10.0,10.0,10.0,10.0,0.4,10.0,0.0,0.0,0.0,0.0,0.0,0.0,10.13,0.0,3.192,34,166,1
0.0,0.0,0.0,10.0,0.0,0.0,0.0,0.0,0.0,0.0,0.0,4.08,0.0,0.0,0.0,0.0,0.0,0.0,0.0,0.0,0.0,10.0,10.0,0.0,10.0,0.0,10.0,0.0,10.0,0.0,10.0,0.0,4.08,10.0,10.0,0.0,0.0,10.0,0.0,0.0,10.0,10.0,10.0,10.0,0.0,10.0,0.0,0.0,0.0,0.0,0.0,10.7875,0.0,0.0,1.666,4,25,0
0.0,0.0,0.0,10.0,0.0,0.63,0.0,1.58,0.31,0.63,0.0,0.95,0.0,0.0,0.0,0.0,0.0,0.0,1.26,0.0,0.63,10.0,10.0,0.0,0.0,0.0,10.0,0.0,10.0,0.0,10.0,0.0,0.0,10.0,10.0,0.0,0.0,10.0,0.0,0.0,10.0,10.0,0.0,10.0,0.0,10.0,10.0,0.0,0.0,0.103,0.0,0.206,10.13,0.0,16.883,76,292,1
0.0,0.0,0.0,10.0,0.0,0.65,0.0,0.65,0.0,0.65,0.0,1.97,0.0,0.0,0.0,0.0,0.0,0.0,0.0,0.0,0.0,10.0,10.0,0.0,10.0,0.0,10.0,0.0,10.0,0.0,10.0,0.0,0.0,10.0,10.0,0.0,0.0,10.0,0.0,0.0,10.0,10.0,10.0,10.0,0.65,10.0,0.0,0.0,0.108,0.108,0.0,0.0,10.13,0.0,1.924,9,102,0
0.0,0.0,0.0,10.0,0.0,0.0,0.0,0.0,0.0,0.0,0.0,0.0,0.47,0.0,0.0,0.0,0.0,0.0,1.43,0.0,0.0,10.0,10.0,0.0,10.0,0.0,10.0,0.0,10.0,0.0,10.0,0.0,0.0,10.0,10.0,0.0,0.0,0.0,0.47,0.0,10.0,10.0,10.0,10.0,0.47,10.0,10.0,0.0,0.0,0.076,0.0,0.076,10.13,0.0,1.833,12,77,0
2.0,0.0,0.0,10.0,0.0,0.0,10.0,0.0,0.0,0.0,2.0,2.0,0.0,0.0,0.0,0.0,0.0,0.0,2.0,0.0,8.0,10.0,10.0,0.0,10.0,0.0,10.0,0.0,0.0,0.0,10.0,0.0,0.0,10.0,10.0,0.0,0.0,0.0,0.0,0.0,10.0,10.0,10.0,10.0,0.0,10.0,10.0,0.0,0.0,0.0,0.0,0.0,0.0,0.0,16.883,29,53,0
0.0,0.0,0.48,10.0,0.0,0.0,0.0,0.0,0.0,0.0,0.0,0.48,0.0,0.0,0.0,0.0,0.0,0.0,0.0,0.0,0.0,10.0,10.0,0.0,10.0,1.93,10.0,0.0,10.0,1.44,10.0,10.0,0.0,10.0,10.0,0.0,1.44,10.0,0.0,0.0,10.0,10.0,0.0,10.0,0.0,0.0,0.0,0.0,0.0,0.0,0.0,0.119,10.13,0.0,16.883,115,338,0
0.39,0.0,0.0,10.0,0.0,0.39,10.0,0.0,0.0,0.0,0.0,1.19,0.0,0.0,0.0,0.39,0.39,0.0,2.39,0.0,2.78,10.0,10.0,0.39,10.0,0.0,10.0,0.0,10.0,0.0,10.0,0.0,0.0,10.0,10.0,0.0,0.0,10.0,0.0,0.0,10.0,10.0,0.0,10.0,0.0,10.0,0.0,0.0,0.0,0.0,0.0,10.7875,0.256,0.0,3.5,30,112,1
0.12,0.12,0.24,10.0,1.34,0.12,0.0,0.12,0.0,0.0,0.36,0.85,0.0,0.0,0.0,0.24,0.24,0.0,2.33,0.0,0.73,10.0,10.0,0.0,10.0,0.0,10.0,0.0,10.0,0.0,10.0,0.0,0.0,10.0,10.0,0.98,0.0,10.0,0.0,0.12,10.0,10.0,10.0,10.0,0.12,10.0,10.0,0.0,0.061,0.02,0.0,0.041,0.041,0.0,2.351,69,254,1
0.0,0.8,0.0,10.0,0.0,0.0,10.0,0.0,0.0,1.6,0.0,0.0,0.0,0.0,0.0,2.4,0.0,0.0,5.6,0.0,1.6,10.0,10.0,0.0,10.0,0.0,10.0,0.0,10.0,0.0,10.0,0.0,0.0,10.0,10.0,0.0,0.0,0.0,0.0,0.0,10.0,10.0,10.0,10.0,0.0,0.0,10.0,0.0,0.0,0.0,0.0,0.235,10.13,0.0,1.38,4,29,0
0.0,0.0,0.0,10.0,0.57,0.0,10.0,0.0,0.0,0.0,0.0,1.72,0.0,0.0,0.0,0.0,0.0,0.57,0.0,0.0,0.0,10.0,10.0,0.0,10.0,0.57,10.0,0.57,10.0,0.57,10.0,0.0,0.0,10.0,10.0,0.57,0.0,10.0,0.0,0.0,10.0,10.0,10.0,10.0,0.0,10.0,0.0,0.0,0.0,0.077,0.0,0.0,0.0,0.0,1.964,12,110,0
