word_freq_make,word_freq_address,word_freq_all,word_freq_3d,word_freq_our,word_freq_over,word_freq_remove,word_freq_internet,word_freq_order,word_freq_mail,word_freq_receive,word_freq_will,word_freq_people,word_freq_report,word_freq_addresses,word_freq_free,word_freq_business,word_freq_email,word_freq_you,word_freq_credit,word_freq_your,word_freq_font,word_freq_000,word_freq_money,word_freq_hp,word_freq_hpl,word_freq_george,word_freq_650,word_freq_lab,word_freq_labs,word_freq_telnet,word_freq_857,word_freq_data,word_freq_415,word_freq_85,word_freq_technology,word_freq_1999,word_freq_parts,word_freq_pm,word_freq_direct,word_freq_cs,word_freq_meeting,word_freq_original,word_freq_project,word_freq_re,word_freq_edu,word_freq_table,word_freq_conference,char_freq_;,char_freq_(,char_freq_[,char_freq_!,char_freq_$,char_freq_#,capital_run_length_average,capital_run_length_longest,capital_run_length_total,spam
0.0,0.0,0.0,0.0,0.0,0.0,0.0,0.0,0.0,0.0,0.0,0.0,0.0,0.0,0.0,0.0,0.0,0.0,0.0,0.0,0.0,0.0,0.0,0.0,0.0,0.0,0.0,0.0,0.0,0.0,0.0,0.0,0.0,0.0,0.0,0.0,0.0,0.0,0.0,0.0,0.0,0.0,0.0,0.0,0.0,0.0,0.0,0.0,0.0,0.0,0.0,0.0,10.13,0.0,1.0,1.0,3.0,0
0.71,0.0,0.71,0.0,0.0,0.0,0.0,0.0,0.0,0.71,0.0,1.43,0.0,0.0,0.0,1.43,0.0,0.0,1.43,0.0,0.0,0.0,0.0,0.0,0.0,0.0,0.0,0.0,0.0,0.0,10.0,0.0,0.0,0.0,0.0,0.0,0.0,0.0,0.0,0.0,0.0,0.0,0.0,0.0,0.0,1.43,0.0,0.0,0.0,0.0,0.0,0.0,0.0,0.0,1.032,2.0,32.0,0
0.0,0.0,0.91,0.0,0.0,0.0,0.0,0.45,0.0,0.0,0.0,0.0,0.0,0.0,0.0,0.0,0.0,0.0,2.28,0.0,0.0,0.0,0.0,0.0,0.91,0.91,10.0,0.0,0.0,0.0,0.0,0.0,0.0,0.0,0.45,0.0,0.0,0.0,0.0,0.0,0.0,0.0,0.0,0.0,0.0,0.0,0.0,0.0,0.0,0.0,0.0,0.0,0.0,0.0,1.32,7.0,103.0,0
0.0,0.0,0.0,0.0,0.0,0.0,0.0,0.0,0.0,0.0,0.0,0.0,0.0,0.0,0.0,0.0,0.0,0.0,0.0,0.0,0.0,0.0,10.0,0.0,0.0,0.0,0.0,0.0,0.0,0.0,0.0,0.0,0.0,0.0,0.0,0.0,1.96,0.0,0.0,0.0,0.0,0.0,0.0,0.0,0.0,0.0,0.0,0.0,0.0,0.201,0.0,0.0,0.1,0.0,4.548,59.0,141.0,1
0.0,0.0,0.54,0.0,0.0,0.0,0.0,0.0,0.0,0.0,0.0,0.27,0.0,0.0,0.0,0.0,0.0,0.0,3.29,0.0,0.0,0.0,0.0,0.0,0.0,0.0,0.0,0.0,0.0,0.0,0.0,0.0,0.0,0.0,0.0,0.0,0.27,0.0,0.27,0.0,10.0,0.0,0.27,0.0,0.27,0.27,0.0,0.0,0.0,0.188,0.047,0.0,0.0,0.0,1.745,12.0,89.0,0
0.0,0.0,0.0,0.0,0.0,0.0,0.0,0.0,0.0,0.0,0.0,0.0,0.0,0.0,0.0,0.0,0.0,4.83,4.83,0.0,0.0,0.0,0.0,0.0,0.0,0.0,0.0,0.0,0.0,0.0,0.0,0.0,0.0,0.0,0.0,0.0,0.0,0.0,0.0,0.0,0.0,0.0,0.0,0.0,0.0,0.0,0.0,0.0,0.0,0.0,0.0,0.0,0.302,0.0,1.7,108.5,17.0,1
0.0,0.0,0.0,0.0,0.0,0.0,0.0,0.0,0.0,0.0,0.0,0.0,0.0,0.0,0.0,0.0,0.0,0.0,2.32,0.0,0.0,0.0,0.0,0.0,0.0,0.0,0.0,0.0,0.0,0.0,0.0,0.0,0.0,0.0,10.0,0.0,0.0,0.0,0.0,0.0,0.0,2.32,0.0,0.0,0.0,0.0,0.0,0.0,0.0,0.0,0.0,0.314,0.0,0.0,2.473,10.0,47.0,0
0.51,0.0,0.51,0.0,1.53,0.51,0.0,0.0,0.0,0.0,0.0,0.51,0.0,0.0,0.0,0.0,0.0,0.0,3.58,0.0,0.0,0.0,0.0,0.0,2.56,0.0,10.0,0.51,0.51,2.05,0.51,0.51,0.0,0.51,0.51,1.02,0.0,0.0,0.0,0.51,0.0,0.0,0.0,0.0,1.02,0.51,0.0,0.0,0.0,0.27,0.0,0.0,0.0,0.0,1.983,24.0,121.0,0
0.0,0.0,0.44,0.0,0.0,0.44,0.0,0.0,0.0,0.0,0.0,0.0,0.44,0.0,0.0,0.0,0.0,0.0,2.67,0.0,0.89,0.0,0.0,0.0,10.0,0.0,0.0,0.0,0.0,0.0,0.0,0.0,0.0,0.0,0.0,0.44,0.0,0.0,0.0,0.0,0.44,0.0,0.0,0.0,0.44,0.0,0.0,0.0,0.0,0.074,0.0,0.149,0.0,0.0,1.115,2.0,29.0,0
0.27,0.05,0.1,0.0,0.0,0.0,0.0,0.0,0.0,0.0,0.0,0.48,0.0,0.0,0.0,0.0,0.0,0.1,0.97,0.0,0.1,3.47,0.0,0.0,0.0,0.0,10.0,0.0,0.0,0.0,0.0,0.0,0.0,0.0,0.0,0.0,0.27,0.0,0.0,0.0,0.0,0.0,0.0,0.0,0.0,0.76,0.0,0.0,0.607,0.064,0.036,0.055,0.0,0.202,3.766,43.0,1789.0,0
0.0,0.0,0.0,0.0,0.24,0.49,0.0,0.0,0.0,0.49,0.0,0.24,0.0,0.0,0.0,0.0,0.0,0.0,0.99,0.0,0.49,10.0,0.0,0.0,0.74,0.0,0.0,0.74,0.0,0.0,0.49,0.0,0.0,0.0,0.74,0.0,0.0,0.0,0.0,0.0,0.0,0.0,0.0,0.0,0.0,0.0,0.0,0.0,0.0,0.054,0.0,0.0,0.027,0.0,4.634,157.0,380.0,0
0.0,0.0,0.0,0.0,0.0,0.0,0.0,0.0,0.75,0.0,0.0,0.0,0.0,0.0,0.0,0.0,0.0,0.0,1.51,0.0,0.0,0.0,0.0,0.0,0.0,0.0,10.0,0.0,0.0,0.0,0.0,0.0,0.0,0.0,0.0,0.0,0.0,0.0,0.0,0.0,0.0,0.0,0.0,0.0,0.75,0.0,0.0,0.0,0.0,0.255,0.0,0.0,0.0,0.0,1.842,6.0,35.0,0
0.0,14.28,0.0,0.0,0.0,0.0,0.0,0.0,0.0,0.0,0.0,0.0,0.0,0.0,0.0,0.0,0.0,0.0,0.0,0.0,0.0,0.0,0.0,0.0,0.0,0.0,0.0,0.0,0.0,0.0,10.0,0.0,0.0,0.0,0.0,0.0,0.0,0.0,0.0,0.0,0.0,0.0,0.0,0.0,0.0,0.0,0.0,0.0,0.0,0.0,0.0,0.0,0.0,0.0,1.8,5.0,9.0,0
0.0,0.45,0.0,0.0,0.45,0.45,10.0,0.45,0.0,1.8,0.0,0.45,0.0,0.0,0.0,0.0,0.0,0.0,1.8,0.0,0.45,0.0,0.0,0.0,0.0,0.0,0.0,0.0,0.0,0.0,0.0,0.0,0.45,0.0,0.0,0.0,0.0,0.0,0.0,0.0,0.0,0.0,0.0,0.0,0.0,0.0,0.0,0.0,0.0,0.281,0.0,0.21,0.0,0.0,2.368,14.0,135.0,1
0.08,0.0,0.32,0.0,0.24,0.32,0.0,0.16,0.16,0.0,0.0,0.65,0.0,0.0,0.0,0.0,0.0,0.0,4.67,0.0,0.65,0.0,0.0,0.32,0.0,0.0,10.0,0.0,0.0,0.0,0.0,0.0,0.0,0.0,0.0,0.0,0.0,0.0,0.0,0.08,0.0,0.32,0.0,0.0,0.24,0.0,0.0,0.0,0.0,0.045,0.0,0.36,0.03,0.0,1.42,10.0,196.0,1
0.0,0.0,0.0,0.0,0.0,0.0,0.0,0.0,0.0,0.0,0.0,1.02,0.0,0.0,0.0,0.0,0.0,0.0,0.0,0.0,0.0,10.0,0.0,0.0,3.06,4.08,0.0,0.0,0.0,0.0,0.0,0.0,0.0,0.0,0.51,0.0,0.0,0.0,0.0,0.0,0.0,0.0,0.0,0.0,0.0,0.0,0.0,0.0,0.0,0.217,0.0,0.0,0.0,0.0,1.718,12.0,122.0,0
0.0,0.0,0.0,0.0,0.0,0.0,0.0,0.0,0.91,0.0,0.0,0.0,0.0,0.0,0.0,0.0,0.0,0.0,0.91,0.0,2.75,0.0,0.0,0.0,0.0,0.0,10.0,0.0,0.0,0.0,0.0,0.0,0.0,0.0,0.0,0.0,0.0,0.0,0.0,0.0,0.0,0.0,0.0,0.0,0.0,0.0,0.0,0.0,0.0,0.141,0.0,0.565,0.0,0.0,2.9,28.0,87.0,1
0.0,0.0,0.0,0.0,0.0,0.0,0.0,0.0,0.0,0.0,0.0,0.0,0.0,0.0,0.0,1.05,0.0,0.0,0.0,0.0,2.1,0.0,0.0,0.0,0.0,0.0,0.0,0.0,0.0,0.0,0.0,0.0,0.0,0.0,0.0,0.0,0.0,0.0,0.0,0.0,0.0,0.0,0.0,10.0,0.0,0.0,0.0,0.0,0.0,0.0,0.0,1.806,0.0,0.0,1.293,5.0,75.0,1
1.47,0.0,0.0,0.0,0.0,0.0,0.0,0.0,0.0,1.47,0.0,0.0,1.47,0.0,0.0,7.35,0.0,0.0,2.94,0.0,1.47,0.0,0.0,4.41,0.0,0.0,0.0,0.0,10.0,0.0,0.0,0.0,0.0,0.0,0.0,0.0,0.0,0.0,0.0,0.0,0.0,0.0,0.0,0.0,0.0,0.0,0.0,0.0,0.0,0.0,0.0,1.272,0.254,0.0,6.055,63.0,109.0,1
0.0,0.0,0.0,0.0,0.0,0.0,0.0,0.0,0.0,0.0,0.0,0.0,0.0,0.0,0.0,0.0,0.0,0.0,9.09,0.0,0.0,0.0,0.0,0.0,0.0,0.0,10.0,0.0,0.0,0.0,0.0,0.0,0.0,0.0,0.0,0.0,0.0,0.0,0.0,0.0,0.0,0.0,0.0,0.0,0.0,0.0,0.0,0.0,0.0,0.0,0.0,0.0,0.0,0.0,1.0,1.0,5.0,0
0.0,0.0,0.0,0.0,0.0,0.0,0.0,0.0,0.0,0.0,0.0,0.0,0.0,0.0,0.0,0.0,0.0,0.0,0.0,0.0,0.0,0.0,0.0,0.0,0.0,0.0,8.33,0.0,0.0,0.0,0.0,0.0,0.0,0.0,0.0,0.0,0.0,0.0,0.0,0.0,0.0,0.0,0.0,0.0,0.0,0.0,0.0,10.0,0.0,0.0,0.0,0.0,0.0,0.0,1.5,3.0,12.0,0
0.0,0.0,0.0,0.0,1.16,0.0,0.0,0.0,0.0,0.0,0.0,0.58,0.0,10.0,0.0,1.16,0.0,1.16,1.16,0.0,1.75,0.0,0.0,0.0,0.0,0.0,0.0,0.0,0.0,0.0,0.0,0.0,0.0,0.0,0.0,0.0,0.0,0.0,0.0,0.0,0.0,0.0,0.0,0.0,0.0,0.0,0.0,0.0,0.0,0.133,0.0,0.667,0.0,0.0,1.131,5.0,69.0,1
0.0,0.0,0.0,0.0,0.0,0.0,0.0,0.0,0.0,0.0,0.0,0.0,0.0,0.0,0.0,0.0,0.0,0.0,0.0,0.0,0.0,0.0,0.0,0.0,0.0,0.0,10.0,0.0,0.0,0.0,0.0,0.0,0.0,0.0,0.0,0.0,0.0,0.0,0.0,0.0,0.0,0.0,0.0,0.0,1.44,0.0,0.0,0.0,0.0,0.196,0.0,0.392,0.196,0.0,5.466,22.0,82.0,1
0.0,0.0,0.0,0.0,0.0,0.0,0.0,0.0,0.0,1.4,0.0,0.0,0.0,0.0,1.4,0.0,0.0,0.0,0.0,0.0,0.0,0.0,0.0,0.0,1.4,1.4,0.0,0.0,0.0,0.0,0.0,0.0,0.0,0.0,0.0,0.0,10.0,0.0,0.0,0.0,0.0,0.0,1.4,0.0,0.0,0.0,0.0,0.0,0.0,0.205,0.205,0.0,0.0,0.0,4.533,21.0,68.0,0
0.9,0.0,0.0,0.0,0.0,0.0,0.9,0.0,0.0,0.0,0.0,0.0,0.0,0.0,0.0,0.0,0.9,0.9,1.81,0.0,2.72,0.0,0.0,0.9,0.0,0.0,0.0,0.0,0.0,0.0,0.0,0.0,0.0,0.0,0.0,0.0,0.0,0.0,0.0,0.0,0.0,10.0,0.0,0.0,0.0,0.0,0.0,0.0,0.0,0.0,0.0,0.537,0.0,0.0,2.782,19.0,64.0,1
0.31,0.0,0.62,0.0,0.0,0.31,10.0,0.0,0.0,0.0,0.0,1.88,0.0,0.0,0.0,0.0,0.0,0.0,0.62,0.0,0.0,0.0,0.0,0.0,0.0,0.0,0.0,0.0,0.0,0.0,0.0,0.0,0.0,0.0,0.0,0.0,0.0,0.0,0.0,0.0,0.0,0.0,0.0,0.31,0.31,0.31,0.0,0.0,0.0,0.232,0.0,0.0,0.0,0.0,1.142,3.0,88.0,0
0.0,0.0,0.2,0.0,0.4,0.2,0.0,0.0,0.0,0.0,0.0,0.0,0.0,0.0,0.0,0.0,0.61,0.4,2.45,0.2,0.61,4.49,0.61,0.0,0.0,0.0,0.0,0.0,0.0,0.0,0.0,0.0,0.0,10.0,0.0,0.0,0.0,0.0,0.0,0.0,0.0,0.0,0.0,0.0,0.2,0.0,0.0,0.0,0.0,0.0,0.0,0.382,0.223,0.478,7.538,55.0,490.0,1
0.0,0.0,0.0,0.0,0.0,0.0,0.0,0.0,0.0,0.0,0.0,0.0,0.0,0.0,0.0,0.0,0.0,0.0,0.0,0.0,0.0,0.0,0.0,0.0,0.0,0.0,0.0,0.0,0.0,0.0,0.0,0.0,0.0,0.0,0.0,0.0,0.0,0.0,0.0,0.0,0.0,0.0,0.0,0.72,0.0,0.0,0.0,0.0,0.0,0.0,0.0,0.0,10.13,0.123,1.75,4.0,21.0,0
0.77,0.38,0.77,0.0,0.0,0.57,0.0,0.57,1.15,1.15,0.0,0.38,0.38,0.0,1.15,0.19,0.19,2.12,2.12,1.15,1.15,0.0,1.35,0.77,0.0,0.0,10.0,0.0,0.0,0.0,0.0,0.0,0.0,0.0,0.19,0.0,0.0,0.0,0.0,0.0,0.0,0.0,0.0,0.0,0.0,0.0,0.0,0.0,0.027,0.027,0.0,0.438,0.191,0.054,14.619,525.0,921.0,1
0.54,0.0,0.54,0.0,1.63,0.0,0.0,0.0,0.0,0.0,0.0,0.54,0.0,0.0,0.0,0.54,0.54,0.0,2.17,0.0,5.97,0.0,0.54,0.0,0.0,0.0,0.0,0.0,0.0,10.0,0.0,0.0,0.0,0.0,0.0,0.0,0.0,0.0,0.0,0.0,0.0,0.0,0.0,0.0,0.0,0.0,0.0,0.0,0.0,0.0,0.0,0.715,0.318,0.0,2.345,22.0,129.0,1
0.08,0.16,0.32,0.0,1.38,0.16,0.08,0.0,0.24,0.08,0.0,1.3,0.0,0.08,0.0,0.48,0.08,0.08,3.5,0.0,0.73,0.0,0.08,0.16,10.0,0.0,0.0,0.0,0.0,0.0,0.0,0.0,0.0,0.0,0.08,0.0,0.0,0.0,0.0,0.0,0.0,0.0,0.0,0.0,0.0,0.0,0.0,0.0,0.0,0.085,0.061,0.39,0.097,0.012,5.594,119.0,1561.0,1
0.0,0.0,0.66,0.0,0.33,0.0,0.33,0.33,1.33,2.0,0.0,0.66,0.0,0.33,1.0,0.33,0.0,0.66,2.67,0.0,1.0,0.0,2.0,0.0,0.0,0.0,0.0,0.0,0.0,0.0,0.0,0.0,0.33,0.0,0.0,0.0,0.0,0.0,0.0,0.0,0.0,0.0,0.0,0.0,10.275,0.0,0.0,0.0,0.0,0.23,0.0,0.057,0.23,0.0,5.279,82.0,227.0,1
0.0,0.0,0.58,0.0,0.58,0.0,0.0,0.0,0.0,2.35,0.0,0.0,0.0,0.0,0.0,0.0,0.0,0.0,0.58,0.0,0.0,0.0,0.0,0.0,1.76,1.17,1.76,0.58,0.58,0.58,0.58,0.58,0.0,0.58,0.58,0.58,0.58,0.0,0.0,0.58,0.0,0.0,0.58,0.0,0.58,0.0,0.0,0.0,0.188,0.566,0.094,0.0,0.0,0.0,16.883,13.0,146.0,0
0.0,0.0,0.0,0.0,10.95,0.0,0.0,0.0,0.0,0.0,0.0,0.0,0.0,0.0,0.0,0.0,0.0,0.0,0.0,0.0,0.0,0.0,0.0,0.0,0.0,0.0,0.0,0.0,0.0,0.0,0.0,0.0,0.0,0.0,0.0,0.0,0.0,0.0,0.0,0.0,0.0,0.0,0.0,0.0,0.0,0.0,0.0,0.0,0.0,0.0,0.0,0.0,0.0,0.0,1.0,1.0,1.0,0
0.0,0.0,0.0,0.0,0.0,0.0,0.0,0.0,0.0,0.0,0.0,1.29,0.0,0.0,0.0,0.0,0.0,0.0,2.59,0.0,2.59,0.0,0.0,0.0,0.0,0.0,10.0,0.0,0.0,0.0,0.0,0.0,0.0,0.0,0.0,0.0,0.0,0.0,0.64,0.0,0.0,0.0,0.0,0.0,0.64,0.0,0.0,0.0,0.0,0.0,0.0,0.0,0.0,0.0,1.5,5.0,51.0,0
0.0,0.0,0.0,0.0,0.0,0.0,0.0,0.0,0.0,0.0,0.0,0.0,0.0,0.0,0.0,0.0,0.0,0.0,0.0,0.0,0.0,0.0,0.0,0.0,0.0,0.0,10.0,0.0,0.0,0.0,0.0,0.0,0.0,0.0,0.0,0.0,0.0,0.0,0.0,0.0,0.0,0.0,0.0,0.0,0.0,0.0,0.0,0.0,0.0,0.0,0.0,0.0,0.0,0.0,1.0,1.0,5.0,0
0.0,0.55,0.55,0.0,2.23,0.55,0.0,0.55,0.0,0.0,0.55,0.0,0.0,0.0,0.0,0.0,0.0,1.11,1.67,0.0,2.23,0.0,0.0,0.55,0.0,0.0,0.0,0.0,0.0,0.0,0.55,0.0,0.0,0.0,0.0,0.0,0.55,0.0,0.0,0.0,0.0,0.0,0.0,0.0,0.0,0.0,0.0,0.0,0.0,0.265,0.0,0.088,10.13,0.0,2.571,11.0,108.0,1
0.17,0.17,0.71,0.0,0.53,0.17,0.17,0.89,0.17,0.53,0.35,1.61,0.0,0.0,0.0,0.0,1.79,0.0,1.97,1.61,4.12,0.0,0.0,0.35,0.0,0.0,0.0,0.0,0.0,0.0,0.0,0.0,0.0,0.0,0.0,0.0,0.0,0.0,0.0,0.17,0.0,10.0,0.0,0.0,0.0,0.0,0.0,0.0,0.0,0.115,0.0,1.158,0.057,0.0,5.163,63.0,599.0,1
0.0,0.44,0.0,0.0,0.44,0.0,0.0,0.0,0.0,0.44,0.0,0.44,0.0,0.0,0.0,0.0,0.0,0.0,0.44,0.0,0.0,8.81,0.0,0.0,0.0,0.0,0.0,0.0,0.0,0.0,0.0,0.0,0.0,0.0,0.0,0.0,0.0,0.0,0.0,0.0,0.0,0.0,0.0,0.0,0.0,0.0,0.0,0.0,10.0,0.0,0.0,0.074,0.0,0.592,7.288,43.0,328.0,0
0.09,0.49,0.59,0.0,0.49,0.19,0.0,0.0,0.09,0.39,0.0,1.57,0.19,0.0,0.0,0.0,0.09,0.0,3.74,0.09,1.08,0.0,0.0,0.09,0.0,0.0,0.0,0.0,0.0,0.0,0.0,0.0,0.0,0.0,0.0,0.0,0.0,0.0,0.0,0.0,0.0,10.0,0.0,0.0,0.0,0.0,0.0,0.0,0.765,0.037,0.0,5.803,1.284,0.0,5.944,54.0,755.0,1
0.0,0.0,0.0,0.0,1.52,0.0,10.0,0.0,0.0,0.0,0.0,0.0,0.0,0.0,0.0,0.0,0.76,0.76,0.76,0.0,2.29,0.0,0.0,0.0,0.0,0.0,0.0,0.0,0.0,0.0,0.0,0.0,0.0,0.0,0.0,0.0,0.0,0.0,0.0,0.0,0.0,0.0,0.0,0.0,0.0,0.0,0.0,0.0,0.0,0.0,0.0,0.0,0.0,0.0,3.85,19.0,77.0,1
0.0,5.47,0.0,0.0,0.0,0.0,0.0,0.0,0.0,0.0,0.0,1.36,0.0,0.0,0.0,0.0,0.0,0.0,1.36,0.0,2.73,0.0,0.0,0.0,0.0,0.0,2.73,0.0,0.0,0.0,0.0,0.0,0.0,0.0,0.0,0.0,1.36,0.0,0.0,0.0,10.0,0.0,1.36,0.0,1.36,0.0,0.0,0.0,0.0,0.0,0.0,0.0,0.0,0.232,2.035,13.0,57.0,0
0.0,0.0,0.0,0.0,0.0,0.0,0.0,0.0,0.0,0.0,0.0,1.07,0.0,0.0,0.0,0.0,0.0,1.07,2.15,0.0,0.0,10.0,0.0,0.0,2.15,3.22,0.0,2.15,0.0,0.0,0.0,0.0,0.0,0.0,2.15,0.0,0.0,0.0,0.0,0.0,0.0,2.15,0.0,0.0,0.0,0.0,0.0,0.0,0.0,0.0,0.0,0.0,0.0,0.0,1.718,11.0,55.0,0
0.2,0.0,0.1,0.0,0.0,0.0,0.0,0.1,0.0,0.0,0.0,0.4,0.1,0.0,0.0,0.0,0.2,0.0,0.0,0.0,0.0,10.0,0.1,0.0,4.5,0.1,0.0,0.0,0.0,0.0,0.0,0.0,0.1,0.0,0.0,0.1,0.1,0.1,0.0,0.0,0.0,0.6,0.0,0.0,0.0,0.0,0.0,0.0,0.092,0.079,0.0,0.0,0.013,0.0,2.361,26.0,562.0,0
0.0,0.0,1.35,0.0,0.67,0.0,0.0,0.0,0.0,0.67,0.0,0.0,0.0,0.0,0.0,0.0,0.0,0.67,0.67,0.0,0.0,0.0,0.0,0.0,0.0,0.0,0.0,0.0,0.0,0.0,0.0,0.0,0.0,0.0,0.0,0.0,0.0,0.0,0.0,0.0,0.0,0.0,0.0,10.0,0.67,0.0,0.0,0.0,0.0,0.0,0.0,0.802,0.114,0.0,2.527,20.0,139.0,1
0.51,0.51,0.0,0.0,0.0,0.0,0.51,0.0,0.0,0.51,0.0,0.0,0.0,0.0,0.51,2.07,0.0,2.07,1.03,0.0,1.03,0.0,0.0,0.0,0.0,0.0,0.0,0.0,0.0,0.0,0.0,0.0,0.0,0.0,0.0,0.0,0.0,0.0,0.0,0.0,0.0,0.0,0.0,0.0,0.0,10.0,0.0,0.0,0.0,0.135,0.0,0.067,0.0,0.0,2.676,17.0,91.0,1
0.16,0.0,0.67,0.0,0.33,0.16,0.33,0.84,0.16,0.5,0.33,1.51,0.0,0.0,0.0,0.0,1.68,0.33,2.02,1.68,3.87,0.0,0.0,0.33,0.0,0.0,10.0,0.0,0.0,0.0,0.0,0.0,0.0,0.0,0.0,0.0,0.0,0.0,0.0,0.16,0.0,0.0,0.0,0.0,0.0,0.0,0.0,0.0,0.0,0.218,0.0,1.118,0.054,0.0,4.928,63.0,621.0,1
1.07,0.0,1.07,0.0,1.07,1.07,0.0,0.0,0.0,0.0,0.0,0.0,0.0,0.0,0.0,0.0,0.0,0.0,0.0,0.0,0.0,0.0,0.0,0.0,1.07,0.0,10.0,0.0,0.0,1.07,0.0,1.07,0.0,1.07,0.0,0.0,0.0,0.0,0.0,0.0,0.0,0.0,0.0,0.0,0.0,0.0,0.0,0.0,0.0,0.37,0.0,0.185,0.0,0.0,2.24,22.0,56.0,0
0.0,0.0,0.0,0.0,0.0,0.0,0.0,0.0,0.0,0.0,0.0,0.0,0.0,0.0,0.0,0.0,0.0,0.0,0.0,0.0,0.0,0.0,0.0,0.0,0.0,0.0,10.0,0.0,0.0,0.0,0.0,0.0,0.0,0.0,0.0,0.0,0.0,0.0,0.0,0.0,0.0,0.0,0.0,0.0,0.0,1.47,0.0,0.0,0.0,0.364,0.0,0.0,0.0,0.0,3.23,38.0,126.0,1
0.0,0.0,0.0,0.0,0.67,0.0,10.0,0.0,0.0,0.0,0.0,0.0,0.0,0.0,0.0,0.0,0.0,2.01,1.34,0.67,2.01,0.0,0.0,0.0,0.0,0.0,0.0,0.0,0.0,0.0,0.0,0.0,0.0,0.0,0.0,0.0,0.0,0.0,0.0,0.0,0.0,0.0,0.0,0.0,0.0,0.0,0.0,0.0,0.0,0.0,0.0,0.305,0.0,0.0,2.162,14.0,93.0,1
0.0,0.0,0.0,10.0,0.27,0.0,0.55,0.27,0.27,0.27,0.0,0.27,0.0,0.0,0.0,0.0,1.11,0.0,0.55,0.27,0.83,0.0,0.0,0.0,0.0,0.0,0.0,0.0,0.0,0.0,0.0,0.0,0.0,0.0,0.0,0.0,0.0,0.0,0.0,0.0,0.0,0.0,0.0,0.0,0.0,0.0,0.0,0.0,0.387,0.0,0.0,0.301,0.0,0.043,19.482,694.0,1130.0,1
0.0,0.0,0.87,0.87,0.87,0.43,10.0,0.0,0.0,0.0,0.0,0.0,0.0,0.0,0.0,0.0,0.0,0.43,0.43,0.0,0.0,0.0,0.0,0.0,1.74,1.74,0.0,1.74,0.0,0.0,0.0,0.0,0.0,0.0,0.43,0.0,1.31,0.0,0.43,0.0,0.0,0.0,0.43,0.0,0.43,0.0,0.0,0.0,0.0,0.298,0.059,0.059,0.0,0.0,2.554,15.0,212.0,0
0.0,0.0,0.0,0.0,0.0,0.0,0.0,0.0,0.0,0.0,0.0,0.0,0.0,0.0,0.0,0.0,10.0,0.0,0.0,0.0,0.0,0.0,0.0,0.0,0.0,0.0,0.0,0.0,0.0,0.0,0.0,0.0,0.0,0.0,0.0,0.0,0.0,0.0,0.0,0.0,0.0,0.0,0.0,0.0,0.0,0.0,0.0,0.0,0.0,0.0,0.0,0.0,0.0,0.0,1.0,1.0,4.0,0
0.0,0.0,0.12,0.0,0.36,0.24,0.0,0.0,0.0,0.0,0.12,0.12,0.12,0.0,0.0,0.0,0.0,0.0,1.21,0.0,0.96,0.0,0.0,0.12,10.0,0.0,0.0,0.0,0.0,0.0,0.0,0.0,0.0,0.0,0.0,0.0,0.0,0.0,0.0,0.0,0.0,0.0,0.0,0.0,0.0,0.0,0.0,0.0,0.0,0.043,0.0,0.693,0.0,0.0,1.335,11.0,195.0,1
0.0,0.0,0.0,0.0,0.0,0.0,0.0,0.0,0.0,0.0,0.0,0.0,0.0,0.0,0.0,0.0,0.0,0.0,0.0,0.0,0.0,0.0,0.0,0.0,0.0,0.0,10.0,0.0,0.0,0.0,0.0,0.0,0.0,0.0,0.0,0.0,0.0,0.0,0.0,0.0,0.0,0.0,0.0,0.0,0.0,0.0,0.0,0.0,0.0,0.0,0.0,0.0,0.0,0.0,1.0,1.0,5.0,0
0.01,0.01,0.07,0.0,0.05,0.0,0.0,0.01,0.03,0.13,0.05,0.0,0.0,0.05,0.0,0.0,0.01,0.07,0.01,0.0,0.01,0.0,0.0,0.0,0.0,0.0,0.0,0.0,0.0,0.0,0.0,0.0,0.07,0.0,0.0,0.13,0.0,0.0,0.0,0.01,0.46,0.0,0.0,0.03,0.0,0.8,0.01,0.07,0.05,0.301,0.131,0.002,0.09,0.002,2.577,82.0,622.5,0
0.0,0.0,0.0,0.0,0.0,0.0,0.0,0.0,0.0,0.0,0.0,0.0,0.0,0.0,0.0,0.0,0.0,0.0,2.94,0.0,0.0,0.0,0.0,0.0,0.0,0.0,0.0,0.0,0.0,0.0,0.0,0.0,0.0,0.0,0.0,0.0,0.0,0.0,0.0,0.0,0.0,0.0,0.0,0.0,0.0,10.0,0.0,0.0,0.0,0.0,0.0,0.0,0.0,0.0,1.0,1.0,8.0,0
0.0,0.0,0.0,0.0,0.0,0.0,0.0,0.0,0.0,0.0,0.0,0.0,0.0,0.0,0.0,0.0,0.0,0.0,0.0,0.0,0.0,0.0,0.0,0.0,0.0,0.0,0.0,0.0,0.0,0.0,0.0,0.0,0.0,0.0,0.0,0.0,0.0,0.0,0.0,0.0,0.0,0.0,0.0,0.0,0.0,0.0,0.0,0.0,0.0,0.0,0.0,0.0,10.13,0.0,1.4,3.0,7.0,0
0.0,14.28,0.0,0.0,0.0,0.0,0.0,0.0,0.0,0.0,0.0,0.0,0.0,0.0,0.0,0.0,0.0,0.0,0.0,0.0,0.0,0.0,0.0,0.0,0.0,0.0,0.0,0.0,0.0,0.0,0.0,0.0,0.0,0.0,0.0,0.0,0.0,0.0,0.0,0.0,0.0,0.0,0.0,0.0,0.0,0.0,0.0,0.0,0.0,0.0,0.0,0.0,10.13,0.0,1.8,5.0,9.0,0
0.0,0.0,0.0,0.0,0.0,0.0,0.0,0.0,0.0,0.39,0.0,0.0,0.0,0.0,0.0,0.0,0.0,0.0,0.39,0.0,0.0,0.0,0.0,0.0,2.35,0.39,10.0,0.39,0.39,0.78,0.39,0.39,0.0,0.39,0.39,1.56,0.39,0.0,0.0,0.39,0.0,0.39,0.39,0.0,0.39,0.0,0.0,0.39,0.0,0.314,0.0,0.125,0.0,0.0,1.955,13.0,133.0,0
0.0,0.35,0.35,0.0,1.07,0.0,0.0,0.35,0.0,1.07,0.0,0.71,0.0,0.0,0.0,0.0,0.71,0.71,2.85,0.0,2.5,0.0,1.42,0.0,0.0,0.0,0.0,0.0,0.0,0.0,0.0,0.0,0.0,0.0,0.0,0.0,0.0,0.0,0.0,0.35,0.0,0.0,0.0,0.0,0.35,0.0,0.0,0.0,0.0,0.233,0.0,0.233,10.13,0.0,3.414,25.0,140.0,1
0.0,0.0,0.0,0.0,0.0,0.0,10.0,0.0,0.0,0.0,0.0,0.0,0.0,0.0,0.0,0.0,0.0,0.0,0.0,0.0,0.0,0.0,0.0,0.0,0.0,0.0,0.0,0.0,0.0,0.0,0.0,0.0,0.0,0.0,0.0,0.0,0.0,0.0,0.0,0.0,0.0,0.0,0.0,0.0,0.0,0.0,0.0,0.0,0.0,0.0,0.0,0.0,0.0,0.0,1.0,1.0,5.0,0
0.0,0.0,0.36,0.0,0.36,0.0,0.0,0.0,0.36,0.36,0.0,0.36,0.0,10.0,0.0,1.81,0.0,0.0,3.63,0.0,1.45,0.0,0.0,0.0,0.0,0.0,0.0,0.0,0.0,0.0,0.0,0.0,0.0,0.0,0.0,0.0,0.0,0.0,0.0,0.0,0.0,0.0,0.0,0.0,0.0,0.0,0.0,0.0,0.0,0.125,0.0,0.125,0.0,0.0,1.287,5.0,94.0,1
0.0,0.42,0.0,0.0,0.42,0.42,0.0,0.0,0.0,0.0,0.0,0.0,0.0,0.0,0.0,0.42,0.0,0.42,4.2,0.0,0.0,0.0,0.42,0.0,0.0,0.0,0.0,0.0,0.0,0.0,0.0,0.0,0.0,0.0,0.0,0.0,0.0,0.0,0.0,0.0,0.0,0.0,0.0,0.0,0.42,10.0,0.0,0.0,0.0,0.08,0.0,0.644,0.161,0.0,2.522,14.0,111.0,1
0.0,0.0,0.94,0.0,0.0,0.0,0.94,0.0,0.0,1.88,0.0,1.88,0.0,0.0,0.0,0.0,0.0,0.0,4.71,0.0,0.94,0.0,0.0,0.94,0.0,0.0,10.0,0.0,0.0,0.0,0.0,0.0,0.0,0.0,0.0,0.0,0.0,0.0,0.0,0.0,0.0,0.0,0.0,0.0,0.0,0.0,0.0,0.0,0.0,0.0,0.0,0.163,1.305,0.0,2.571,20.0,36.0,1
0.26,0.26,0.0,0.0,0.52,0.26,0.0,0.52,0.0,0.0,0.0,0.0,0.0,0.0,0.0,0.0,10.0,0.0,0.0,0.0,0.0,0.0,0.0,0.0,1.83,1.57,0.0,0.0,0.26,0.0,0.26,0.0,0.0,0.0,0.26,0.26,0.26,0.0,0.0,0.0,0.0,0.0,0.52,0.0,0.0,0.0,0.0,0.0,0.065,0.0,0.032,0.0,0.0,0.0,1.455,12.0,115.0,0
0.0,0.0,0.0,0.0,0.0,0.0,0.0,0.0,0.0,0.0,0.0,0.0,0.0,0.0,0.0,0.0,0.0,0.0,1.28,0.0,0.0,0.0,0.0,0.0,2.56,1.28,2.56,1.28,1.28,1.28,1.28,1.28,0.0,1.28,1.28,1.28,0.0,0.0,0.0,1.28,0.0,0.0,0.0,0.0,0.0,0.0,0.0,0.0,0.0,0.632,0.0,0.0,10.13,0.0,2.142,11.0,45.0,0
0.0,0.0,0.0,0.0,0.0,0.0,0.0,0.0,0.0,0.0,0.0,12.0,0.0,0.0,0.0,0.0,0.0,0.0,0.0,0.0,0.0,0.0,0.0,0.0,1.58,1.58,0.0,0.0,0.0,0.0,0.0,0.0,0.0,0.0,0.0,0.0,0.0,0.0,0.0,0.0,0.0,0.0,0.0,0.0,0.0,0.0,0.0,0.0,0.0,0.216,0.0,0.0,0.0,0.0,1.92,6.0,48.0,0
2.32,0.0,0.77,0.0,1.55,0.0,0.0,0.0,0.0,0.0,0.0,0.77,0.0,0.0,0.0,0.77,0.0,0.0,2.32,0.0,0.77,0.0,0.0,0.77,0.0,0.0,0.0,0.0,0.0,0.0,0.0,0.0,0.0,0.0,0.0,0.0,0.0,0.0,0.0,0.0,0.0,0.0,0.0,0.0,0.0,0.0,0.0,0.77,0.0,0.134,0.0,0.671,0.0,0.0,16.883,515.0,518.0,1
0.0,0.0,0.0,0.0,0.0,0.0,0.0,0.0,0.0,0.0,0.0,0.0,0.0,0.0,0.0,10.25,0.0,0.0,0.0,0.0,0.0,0.0,0.0,0.0,0.0,0.0,0.0,0.0,0.0,0.0,0.0,0.0,0.0,0.0,0.0,0.0,0.0,0.0,0.0,0.0,0.0,0.0,0.0,0.0,0.0,0.0,0.0,0.0,0.0,0.0,0.0,0.0,0.0,0.0,1.0,1.0,4.0,0
1.88,0.0,0.0,0.0,0.0,0.0,10.0,0.0,0.0,0.0,0.0,0.31,0.0,0.0,0.0,0.0,0.0,0.0,0.31,0.0,0.0,0.0,0.0,0.0,0.0,0.0,0.0,0.0,0.0,0.0,0.0,0.0,0.0,0.0,0.0,0.0,0.0,0.0,0.0,0.0,0.0,0.0,0.0,0.0,0.0,0.0,0.0,0.0,0.0,0.168,0.0,0.112,0.0,0.056,2.933,23.0,311.0,0
0.29,0.58,0.29,10.0,0.29,0.0,0.0,0.29,3.23,0.88,0.29,0.88,0.0,0.0,0.0,0.0,0.0,0.88,1.76,0.29,2.64,0.0,0.0,0.0,0.29,0.29,0.29,0.0,0.0,0.0,0.0,0.0,0.0,0.0,0.0,0.0,0.29,0.0,0.0,0.0,0.0,0.0,0.0,0.0,0.0,0.0,0.0,0.0,0.075,0.113,0.0,0.113,0.265,0.113,2.285,16.0,208.0,0
0.0,0.0,0.0,0.0,0.0,0.0,0.0,0.0,0.0,0.0,0.0,0.0,0.0,0.0,0.0,0.0,0.0,0.0,2.24,0.0,0.0,0.0,0.0,0.0,0.0,0.0,0.0,0.0,0.0,0.0,0.0,0.0,0.0,0.0,0.0,0.0,0.89,0.0,0.44,0.0,0.0,0.0,0.0,0.0,1.34,10.0,0.0,0.0,0.0,0.0,0.0,0.0,0.0,0.0,2.362,15.0,137.0,0
0.0,0.0,0.0,0.0,4.25,0.0,0.7,0.0,0.0,0.0,0.0,0.0,0.0,0.0,0.0,10.25,0.0,0.0,4.96,0.0,1.41,0.0,0.0,0.0,0.0,0.0,0.0,0.0,0.0,0.0,0.0,0.0,0.0,0.0,0.0,0.0,0.0,0.0,0.0,0.0,0.0,0.0,0.0,0.0,0.0,0.0,0.0,0.0,0.0,0.0,0.0,0.38,0.0,0.0,1.153,3.0,30.0,1
0.0,0.0,0.0,0.0,0.0,0.0,1.47,1.47,1.47,1.47,1.47,0.0,0.0,0.0,0.0,0.0,2.94,0.0,0.0,1.47,2.94,0.0,0.0,0.0,0.0,0.0,0.0,0.0,0.0,0.0,0.0,0.0,0.0,0.0,10.0,0.0,1.47,0.0,0.0,0.0,0.0,0.0,0.0,0.0,0.0,0.0,0.0,0.0,0.0,0.147,0.0,0.294,0.147,0.0,72.0,281.0,288.0,1
0.0,0.0,0.0,0.0,0.0,0.0,0.0,0.0,0.0,0.0,0.0,0.0,0.0,0.0,0.0,0.0,0.0,0.0,1.02,0.0,1.02,0.0,0.0,0.0,0.0,0.0,0.0,0.0,0.0,0.0,0.0,0.0,0.0,0.0,0.0,0.0,0.0,1.02,0.0,0.0,0.0,10.0,0.0,0.0,0.0,0.0,0.0,0.0,0.0,0.0,0.0,0.0,0.142,0.0,1.857,10.0,65.0,0
0.0,0.0,0.0,0.0,0.0,0.0,0.0,0.0,0.0,0.0,0.0,0.0,0.0,0.0,0.0,0.0,0.0,0.0,1.81,0.0,0.0,0.0,0.0,0.0,3.63,1.81,0.0,0.0,0.0,3.63,0.0,0.0,0.0,0.0,1.81,0.0,0.0,0.0,0.0,0.0,0.0,0.0,0.0,0.0,0.0,10.0,0.0,0.0,0.0,0.0,0.0,0.0,0.0,0.0,2.227,11.0,49.0,0
0.0,0.0,0.0,0.0,0.0,0.0,0.0,0.0,0.0,0.0,0.0,0.0,0.0,0.0,0.0,0.0,0.0,0.0,1.57,0.0,0.78,0.0,0.0,0.0,0.0,0.0,10.0,0.0,0.0,0.0,0.0,0.0,0.0,0.0,0.0,0.0,0.0,0.0,0.0,0.0,0.0,0.0,0.0,0.78,0.78,0.78,0.0,0.0,0.0,0.0,0.0,0.0,0.0,0.0,2.848,51.0,94.0,0
0.51,0.0,0.0,0.0,0.17,0.17,0.0,0.0,0.34,0.17,0.0,2.07,0.0,0.0,0.0,0.17,0.0,0.0,2.24,0.0,1.03,0.0,0.0,0.0,0.34,0.69,10.0,0.0,0.0,0.0,0.0,0.0,0.0,0.0,0.0,0.0,0.34,0.0,0.0,0.0,0.0,0.0,0.17,0.34,0.0,0.0,0.0,0.0,0.466,0.248,0.0,0.0,0.0,0.062,2.926,48.0,319.0,0
0.0,0.0,0.73,0.0,0.36,0.0,0.0,0.0,0.0,0.0,0.0,0.73,0.0,0.0,0.0,0.36,0.73,0.0,1.09,0.0,1.46,0.36,0.36,0.0,0.0,0.0,10.0,0.0,0.0,0.0,0.0,0.0,0.0,0.0,0.0,0.0,0.0,0.0,0.0,0.36,0.0,0.0,0.0,0.0,0.0,0.0,0.0,0.0,0.0,0.0,0.0,0.604,0.181,0.0,3.787,58.0,356.0,1
0.0,0.0,3.7,0.0,0.0,0.0,0.0,0.0,0.0,0.0,0.0,0.0,0.0,0.0,0.0,0.0,0.0,0.0,7.4,0.0,0.0,0.0,0.0,0.0,0.0,0.0,0.0,0.0,0.0,0.0,0.0,0.0,0.0,0.0,0.0,0.0,0.0,0.0,0.0,0.0,0.0,0.0,0.0,0.0,3.7,0.0,0.0,0.0,0.0,0.0,0.0,10.7875,0.0,0.0,1.0,1.0,9.0,0
0.0,0.0,0.37,0.0,1.13,0.0,0.0,0.0,0.0,0.75,0.0,1.13,0.0,0.0,0.0,0.0,0.0,0.0,2.65,0.0,0.0,0.0,0.0,0.0,0.0,0.0,10.0,0.0,0.0,0.0,0.0,0.0,0.0,0.0,0.0,0.0,0.0,0.0,0.0,0.0,0.0,0.0,0.0,0.37,0.0,0.0,0.0,0.0,0.0,0.0,0.0,0.0,0.0,0.0,1.264,4.0,43.0,0
0.0,0.0,0.0,0.0,0.0,0.0,0.0,0.0,0.0,0.0,0.0,0.0,0.0,0.0,0.0,0.0,0.0,1.36,2.04,0.0,0.68,0.0,0.0,0.0,1.36,0.68,10.0,0.68,0.0,0.68,0.0,0.0,0.0,0.0,0.0,0.0,0.0,0.0,0.0,0.0,0.0,0.0,0.0,0.0,0.0,0.0,0.0,0.0,0.0,0.241,0.0,0.0,0.0,0.0,2.461,17.0,96.0,0
0.09,0.0,0.09,0.0,0.56,0.09,10.0,0.0,0.0,0.18,0.0,0.46,0.0,0.09,0.0,0.0,0.37,0.0,0.56,0.0,0.65,0.0,0.0,0.0,1.86,0.46,0.0,0.09,0.0,0.09,0.28,0.0,0.0,0.0,0.37,0.0,0.28,0.0,0.09,0.0,0.0,0.28,0.0,0.18,0.0,0.0,0.0,0.0,0.0,0.081,0.0,0.0,0.0,0.0,1.983,25.0,601.0,0
0.0,10.0,0.0,0.0,0.0,0.0,0.0,0.0,0.0,0.0,0.0,0.73,0.0,0.0,0.0,0.0,0.0,0.0,0.0,0.0,0.0,0.0,0.0,0.0,8.08,5.88,0.73,0.73,0.73,0.73,0.73,0.73,0.0,0.73,0.73,0.73,0.73,0.0,0.73,0.73,0.0,0.0,0.73,0.0,0.73,0.0,0.0,0.0,0.388,0.259,0.129,0.0,0.0,0.0,2.666,13.0,96.0,0
0.0,0.0,0.0,0.0,0.0,0.0,0.0,0.0,0.0,0.0,0.0,0.0,0.0,0.0,0.0,0.0,0.0,0.0,0.0,0.0,0.0,0.0,0.0,0.0,0.0,0.0,0.0,0.0,0.0,0.0,0.0,0.0,0.0,0.0,0.0,0.0,0.0,0.0,0.0,0.0,0.0,10.0,0.0,0.0,0.0,0.0,0.0,0.0,0.0,0.0,0.0,0.523,0.0,0.0,2.571,10.0,36.0,0
0.68,0.68,0.68,0.0,0.68,0.0,10.0,0.0,0.0,0.68,0.0,2.05,0.0,0.0,0.0,0.0,0.0,0.68,4.1,0.0,2.73,0.0,0.0,0.68,0.0,0.0,0.0,0.0,0.0,0.0,0.0,0.0,0.0,0.0,0.0,0.0,0.68,0.0,0.0,0.0,0.0,0.0,0.0,0.0,0.0,0.0,0.0,0.0,0.0,0.0,0.0,1.244,0.0,0.0,2.472,9.0,89.0,1
0.15,0.0,0.46,0.0,0.61,0.0,0.3,0.0,0.92,0.76,0.76,0.92,0.0,0.0,0.0,0.0,0.0,0.15,1.23,3.53,2.0,0.0,0.0,0.15,0.0,0.0,10.0,0.0,0.0,0.0,0.0,0.0,0.15,0.0,0.0,0.0,0.0,0.0,0.0,0.0,0.0,0.0,0.3,0.0,0.0,0.0,0.0,0.0,0.0,0.271,0.0,0.181,0.203,0.022,9.744,445.0,1257.0,1
0.43,0.0,0.43,0.0,0.43,0.43,0.0,0.0,0.0,0.87,0.0,0.43,0.0,0.0,0.0,0.0,3.49,0.0,1.31,0.0,1.74,0.0,1.31,0.0,0.0,0.0,10.0,0.0,0.0,0.0,0.0,0.0,0.0,0.0,0.0,0.0,0.0,0.0,0.0,0.0,0.0,0.0,0.0,0.0,0.0,0.0,0.0,0.0,0.0,0.0,0.0,0.298,0.149,0.074,2.955,47.0,133.0,1
0.37,0.0,0.63,0.0,0.25,0.12,0.0,0.0,0.0,0.0,0.0,0.12,0.12,0.0,0.0,0.0,0.0,0.12,1.51,0.0,0.25,0.0,0.0,0.0,0.0,0.0,0.0,0.0,0.12,0.0,0.0,0.0,0.0,0.0,0.0,0.0,0.0,0.0,0.0,0.0,0.0,0.0,0.0,0.0,0.37,0.0,0.0,0.0,0.0,0.107,0.0,0.193,10.13,0.0,1.181,4.0,104.0,0
0.0,0.0,0.0,0.0,0.0,0.0,0.0,0.0,0.0,0.0,0.0,0.0,0.0,0.0,0.0,0.0,0.0,0.0,3.17,0.0,3.17,0.0,10.0,0.0,0.0,0.0,0.0,0.0,0.0,0.0,0.0,0.0,0.0,0.0,0.0,0.0,0.0,0.0,0.0,0.0,0.0,0.0,0.0,0.0,0.0,0.0,0.0,0.0,0.0,0.0,0.0,0.298,0.597,0.0,3.333,12.0,30.0,1
0.0,0.37,0.0,0.0,0.37,0.37,0.37,0.74,0.37,0.37,0.0,0.74,0.37,0.0,0.0,0.37,1.49,0.0,3.73,2.61,1.49,0.0,0.0,0.0,0.0,0.0,10.0,0.0,0.0,0.0,0.0,0.0,0.0,0.0,0.0,0.0,0.0,0.0,0.0,0.74,0.0,0.0,0.0,0.0,0.37,0.0,0.0,0.0,0.0,0.0,0.0,1.199,0.505,0.0,3.337,64.0,267.0,1
0.0,0.0,0.0,0.0,0.0,0.0,0.0,0.0,0.0,0.0,0.0,0.0,0.0,0.0,0.0,0.0,0.0,0.0,0.0,0.0,0.0,0.0,0.0,0.0,0.0,0.0,0.0,0.0,0.0,0.0,0.0,0.0,0.0,10.0,0.0,1.13,0.0,0.0,0.0,0.0,0.0,0.0,0.0,0.0,0.0,1.13,0.0,0.0,0.0,0.136,0.0,0.0,0.0,0.409,1.837,12.0,68.0,0
0.0,0.0,0.0,0.0,1.01,0.0,0.0,0.0,0.0,0.0,0.0,0.0,0.0,0.0,0.0,0.0,0.0,0.0,0.0,0.0,0.0,0.0,0.0,0.0,0.0,0.0,0.0,0.0,0.0,0.0,0.0,0.0,0.0,0.0,0.0,0.0,10.0,0.0,0.0,0.0,0.0,0.0,0.0,0.0,0.0,0.0,0.0,0.0,0.0,0.088,0.0,0.0,0.088,0.0,6.718,33.0,215.0,1
0.03,0.05,0.03,0.0,0.09,0.05,0.0,0.01,0.16,0.0,0.0,0.09,0.01,0.0,0.0,10.25,0.01,0.01,0.07,0.01,0.05,0.0,0.0,0.0,0.56,0.58,0.01,0.0,0.0,0.0,0.0,0.0,1.43,0.0,0.0,0.05,0.49,0.03,0.0,0.0,0.03,0.01,0.01,0.07,0.0,0.0,0.01,0.0,0.221,0.129,0.063,0.0,0.005,0.0,3.364,66.0,3334.0,0
0.0,0.0,0.0,0.0,0.0,0.0,0.0,0.0,0.0,0.0,0.0,0.0,0.0,0.0,0.0,0.0,0.0,0.0,8.1,0.0,0.0,0.0,0.0,0.0,0.0,0.0,10.0,0.0,0.0,0.0,0.0,0.0,0.0,0.0,0.0,0.0,0.0,0.0,0.0,0.0,0.0,0.0,0.0,0.0,2.7,0.0,0.0,0.0,0.0,0.0,0.0,0.0,0.0,0.0,1.0,1.0,5.0,0
0.15,0.0,1.22,0.0,0.45,0.0,0.15,0.0,0.61,0.61,0.0,0.76,0.3,0.0,0.3,0.61,0.61,0.0,1.83,0.45,2.75,0.0,0.0,0.3,10.0,0.0,0.0,0.0,0.0,0.0,0.0,0.0,0.0,0.0,0.0,0.0,0.0,0.0,0.0,0.0,0.0,0.0,0.0,0.0,0.0,0.0,0.0,0.0,0.0,0.112,0.0,0.698,0.067,0.0,5.101,63.0,801.0,1
0.0,0.0,0.85,0.0,1.36,0.0,0.0,0.0,0.0,0.17,0.0,0.34,0.17,0.0,0.0,0.0,0.0,0.0,0.85,0.0,0.0,0.0,0.0,0.0,0.0,0.0,10.0,0.0,0.0,0.0,0.0,0.0,0.0,0.0,0.0,0.0,0.0,0.0,0.0,0.0,0.0,0.0,0.0,0.0,0.0,0.0,0.0,0.0,0.034,0.0,0.0,0.0,0.0,0.0,1.085,3.0,89.0,0
0.62,0.0,0.62,0.0,1.25,0.0,0.62,0.0,0.0,0.0,0.0,0.62,0.0,0.0,0.0,0.62,0.62,0.0,1.25,0.0,2.51,0.0,0.62,0.0,0.0,0.0,10.0,0.0,0.0,0.0,0.0,0.0,0.0,0.0,0.0,0.0,0.0,0.0,0.0,0.0,0.0,0.0,0.0,0.0,0.0,0.0,0.0,0.0,0.0,0.0,0.0,0.456,0.273,0.0,2.52,22.0,121.0,1
0.56,0.0,0.32,0.0,1.13,0.08,0.0,0.0,0.16,0.0,0.08,0.72,0.56,0.0,0.0,0.24,1.13,0.0,4.6,0.0,2.01,0.0,0.0,0.32,0.0,0.0,10.0,0.0,0.0,0.0,0.0,0.0,0.0,0.0,0.0,0.0,0.0,0.0,0.0,0.0,0.0,0.0,0.0,0.0,0.32,0.0,0.0,0.0,0.0,0.121,0.0,0.337,0.054,0.0,3.502,79.0,606.0,1
0.0,0.0,0.0,0.0,0.0,0.0,0.0,0.0,0.0,0.0,0.0,0.0,0.0,0.0,0.0,0.0,0.0,0.0,0.0,0.0,0.0,0.0,0.0,0.0,8.69,4.34,4.34,4.34,4.34,4.34,4.34,4.34,0.0,4.34,4.34,4.34,0.0,0.0,0.0,4.34,0.0,0.0,10.0,0.0,0.0,0.0,0.0,0.0,0.0,1.111,0.0,0.0,0.0,0.0,3.1,11.0,31.0,0
0.17,0.0,0.17,0.17,1.43,0.34,0.05,0.05,0.05,0.05,0.05,0.51,0.28,0.05,0.0,0.0,0.69,0.05,4.2,0.23,1.03,0.17,0.74,0.05,0.0,0.0,10.0,0.0,0.0,0.0,0.0,0.0,0.0,0.0,0.0,0.0,0.0,0.0,0.0,0.0,0.0,0.0,0.0,0.0,0.0,0.0,0.0,0.0,0.01,0.05,0.0,0.02,0.161,0.03,2.093,51.0,536.0,1
0.0,0.0,0.0,0.0,0.0,0.0,0.0,0.0,0.0,0.0,0.0,0.99,0.0,0.0,0.0,0.0,0.0,0.0,0.0,0.0,0.0,0.0,0.0,0.0,10.0,3.96,0.0,0.0,0.0,0.0,0.0,0.0,0.0,0.0,0.49,0.0,0.0,0.0,0.0,0.0,0.0,0.0,0.0,0.0,0.0,0.0,0.0,0.0,0.0,0.21,0.0,0.0,0.0,0.0,1.736,12.0,125.0,0
0.0,0.0,0.6,0.0,0.6,0.0,0.6,0.0,0.0,0.0,0.0,0.0,0.6,0.0,0.0,0.0,0.0,0.6,1.81,0.0,1.21,0.0,0.0,0.6,0.0,0.0,10.0,0.0,0.0,0.0,0.0,0.0,0.0,0.0,0.0,0.0,0.0,0.0,0.0,0.0,0.0,0.0,0.0,0.0,0.0,0.0,0.0,0.0,0.0,0.412,0.0,0.619,0.103,0.0,6.166,33.0,259.0,1
0.0,0.39,0.39,0.0,0.19,0.0,0.0,0.19,0.0,0.0,0.39,0.39,0.0,0.0,0.0,0.98,0.19,0.39,0.59,0.0,0.78,0.0,0.19,0.0,0.0,0.0,10.0,0.0,0.0,0.0,0.0,0.0,0.0,0.0,0.0,0.0,0.0,0.0,0.0,0.19,0.0,0.0,0.0,0.0,0.0,0.0,0.0,0.0,0.0,0.128,0.0,0.16,0.16,0.0,2.128,31.0,730.0,1
0.0,0.0,0.71,0.0,0.0,0.0,10.0,0.0,0.0,0.0,0.0,0.71,0.71,0.0,0.0,0.0,0.0,0.0,0.71,0.0,0.0,0.0,0.0,0.0,0.0,0.0,0.0,0.0,0.0,0.0,0.0,0.0,0.0,0.0,0.0,0.0,0.0,0.0,0.0,0.0,0.0,0.0,0.0,0.0,0.0,0.0,0.0,0.0,0.0,0.121,0.0,0.243,0.0,0.0,1.0,1.0,31.0,0
0.0,0.0,0.0,0.0,0.0,0.0,0.0,0.0,0.0,0.0,0.0,0.0,0.0,0.0,0.0,0.0,0.0,0.0,0.0,0.0,0.0,0.0,0.0,0.0,0.0,0.0,0.0,0.0,0.0,0.0,0.0,0.0,10.0,0.0,0.0,0.0,0.0,0.0,0.0,0.0,0.0,0.0,0.0,0.0,0.0,0.0,0.0,0.0,0.0,0.0,0.0,0.0,0.0,0.0,2.09,7.0,23.0,0
0.0,0.0,0.0,0.0,0.0,0.0,2.94,1.47,1.47,1.47,1.47,0.0,0.0,0.0,0.0,0.0,2.94,0.0,0.0,1.47,4.41,0.0,0.0,0.0,0.0,0.0,0.0,0.0,0.0,0.0,0.0,0.0,0.0,0.0,0.0,0.0,0.0,0.0,0.0,0.0,0.0,0.0,0.0,0.0,0.0,0.0,0.0,0.0,0.0,0.141,0.0,0.425,0.141,0.0,16.883,279.0,280.0,1
0.0,0.0,0.0,0.0,0.0,0.0,0.0,2.04,0.0,0.0,1.02,0.0,0.0,0.0,0.0,0.0,0.0,0.0,4.08,0.0,1.02,0.0,1.02,0.0,0.0,0.0,0.0,0.0,0.0,0.0,0.0,0.0,0.0,0.0,0.0,0.0,0.0,0.0,0.0,0.0,0.0,10.0,0.0,0.0,0.0,0.0,0.0,0.0,0.0,0.0,0.0,0.969,0.0,0.0,2.179,18.0,85.0,1
0.54,0.0,0.0,0.0,2.16,0.0,0.0,0.54,0.0,1.08,0.0,0.0,0.0,0.0,0.0,0.0,1.08,0.0,2.7,0.0,0.54,0.0,0.0,0.0,0.0,0.0,10.0,0.0,0.0,0.0,0.0,0.0,0.0,0.0,0.0,0.0,0.54,0.0,0.0,0.0,0.0,0.0,0.0,0.0,0.0,0.0,0.0,0.0,0.0,0.051,0.0,0.0,0.0,0.0,1.49,19.0,82.0,1
0.0,0.0,0.0,0.0,0.0,0.0,0.0,0.0,0.0,0.0,0.0,0.0,5.55,0.0,0.0,0.0,0.0,0.0,0.0,0.0,0.0,0.0,0.0,0.0,0.0,0.0,0.0,0.0,0.0,0.0,0.0,0.0,0.0,0.0,0.0,0.0,0.0,0.0,0.0,0.0,0.0,0.0,0.0,0.0,0.0,0.0,0.0,0.0,0.0,0.0,0.0,0.0,10.13,0.0,2.411,10.0,41.0,1
0.0,0.18,1.1,0.0,0.73,0.73,0.73,0.09,0.83,0.27,0.27,0.64,0.27,0.0,1.47,0.09,0.0,1.2,1.38,0.18,0.64,0.0,0.55,0.18,0.0,0.0,10.0,0.0,0.0,0.0,0.0,0.0,0.0,0.0,0.0,0.0,0.0,0.0,0.0,0.0,0.0,0.0,0.18,0.0,0.09,0.09,0.0,0.0,0.0,0.094,0.0,0.432,0.135,0.013,8.445,696.0,1478.0,1
0.28,0.14,0.14,0.0,0.0,0.0,0.14,0.0,0.42,0.0,0.84,0.98,0.0,0.0,0.0,0.0,0.28,0.0,1.82,2.53,1.12,10.0,0.84,0.28,0.0,0.0,0.0,0.0,0.0,0.0,0.0,0.0,0.0,0.0,0.0,0.0,0.0,0.0,0.0,0.0,0.0,0.0,0.0,0.0,0.0,0.0,0.0,0.0,0.0,0.0,0.137,0.045,0.342,1.233,14.88,79.0,1622.0,1
2.27,0.0,2.27,0.0,0.0,0.0,0.0,0.0,0.0,0.0,0.0,0.0,0.0,0.0,10.0,0.0,0.0,0.0,6.81,0.0,0.0,0.0,0.0,0.0,0.0,0.0,0.0,0.0,0.0,0.0,0.0,0.0,0.0,0.0,0.0,0.0,0.0,0.0,0.0,0.0,0.0,0.0,0.0,0.0,0.0,0.0,0.0,0.0,0.0,0.401,0.0,0.0,0.0,0.0,1.0,1.0,5.0,0
0.16,0.24,1.23,0.0,0.41,0.57,0.49,0.32,0.65,0.49,0.24,1.23,0.16,0.0,0.65,0.9,0.08,1.56,2.38,0.16,1.07,0.0,0.9,0.16,0.0,0.0,10.0,0.0,0.0,0.0,0.0,0.0,0.0,0.0,0.0,0.0,0.0,0.0,0.0,0.08,0.0,0.0,0.0,0.0,0.08,0.0,0.0,0.0,0.0,0.114,0.0,0.241,0.228,0.012,6.544,683.0,1466.0,1
0.27,0.27,0.27,0.0,0.0,0.0,0.0,0.54,0.0,0.27,0.0,0.27,0.0,0.0,0.0,1.08,0.0,0.27,1.08,0.0,0.27,0.0,0.27,0.54,0.0,0.0,0.0,0.0,0.0,0.0,0.0,0.0,0.0,0.0,0.0,0.0,0.0,0.0,0.0,0.0,0.0,0.0,0.0,0.0,0.0,0.0,0.0,0.0,0.0,0.229,0.0,0.458,10.13,0.0,2.934,64.0,578.0,1
0.0,0.0,0.0,0.0,1.61,0.0,0.0,0.0,0.0,0.0,0.0,0.8,0.8,0.0,0.0,0.8,0.0,0.0,0.8,0.0,0.0,0.0,0.0,0.0,1.61,1.61,10.0,0.0,0.0,0.0,0.0,0.0,0.0,0.0,0.0,0.0,0.8,0.0,0.8,0.0,0.0,0.0,0.0,0.0,0.0,0.0,0.0,0.0,0.0,0.0,0.144,0.0,0.0,0.0,1.913,13.0,44.0,0
0.0,0.0,0.0,0.0,0.0,0.0,0.0,0.0,0.0,0.0,0.0,1.92,0.0,0.0,0.0,0.0,0.0,0.0,1.92,0.0,1.92,0.0,0.0,0.0,0.0,0.0,10.0,0.0,0.0,0.0,0.0,0.0,0.0,0.0,0.0,0.0,0.0,0.0,0.0,0.0,0.0,0.0,0.0,0.0,0.0,0.0,0.0,0.0,0.0,0.0,0.0,0.0,0.0,0.0,3.5,21.0,42.0,0
0.0,0.0,0.0,0.0,0.0,0.0,0.0,0.0,0.0,0.0,0.0,0.0,0.0,0.0,0.0,0.0,0.0,0.0,0.0,0.0,0.0,0.0,0.0,0.0,0.0,0.0,0.0,0.0,0.0,0.0,0.0,0.0,10.0,0.0,0.0,0.0,0.0,0.0,0.0,0.0,0.0,0.0,0.0,0.0,0.0,0.0,0.0,0.0,0.0,0.0,0.0,0.0,0.0,0.0,1.5,6.0,66.0,0
0.0,0.0,0.52,0.0,0.0,0.0,0.0,0.0,0.0,0.0,0.0,1.56,0.0,0.0,0.0,0.52,0.0,0.0,16.6,0.0,0.0,0.0,0.0,0.0,0.0,0.0,0.0,0.0,0.0,0.0,0.0,0.0,5.72,0.0,0.0,0.0,1.56,0.0,0.0,0.0,0.52,1.04,0.0,0.0,0.0,0.52,0.0,0.0,0.0,0.075,0.151,0.0,0.0,0.0,2.416,18.0,116.0,0
0.09,0.0,0.27,0.0,0.36,0.09,0.0,0.18,0.09,0.0,0.0,0.72,0.0,0.36,0.0,0.0,0.0,0.0,2.0,0.0,3.36,0.0,0.36,0.09,10.0,0.0,0.0,0.0,0.0,0.0,0.0,0.0,0.0,0.0,0.0,0.0,0.0,0.0,0.0,0.0,0.0,0.0,0.0,0.0,0.27,0.0,0.0,0.0,0.015,0.047,0.031,0.237,0.031,0.031,3.758,69.0,530.0,1
0.0,0.0,0.86,0.0,0.0,0.0,0.0,0.0,0.0,0.0,0.0,0.0,0.0,0.0,0.0,0.57,0.0,0.0,3.17,10.0,0.28,0.0,0.0,0.0,0.57,0.0,0.0,0.0,0.0,0.0,0.0,0.0,0.0,0.0,0.0,0.0,0.0,0.0,0.0,0.0,0.0,0.0,0.0,0.0,0.86,0.0,0.0,0.0,0.0,0.196,0.0,0.049,0.147,0.0,1.1,2.0,55.0,0
0.0,0.0,0.71,0.0,0.89,0.17,0.17,0.0,0.0,1.24,0.17,0.0,0.0,0.0,0.89,0.0,0.17,0.35,1.24,0.17,1.42,6.41,1.06,0.0,0.0,0.0,10.0,0.0,0.0,0.0,0.0,0.0,0.0,0.0,0.0,0.0,0.0,0.0,0.0,0.0,0.0,0.0,0.0,0.0,0.0,0.0,0.0,0.0,0.0,0.0,0.0,0.278,0.216,0.836,8.523,58.0,895.0,1
0.0,0.0,0.0,0.0,0.0,1.21,0.0,0.0,0.0,0.0,0.0,0.0,0.0,0.0,0.0,0.0,0.0,0.0,1.21,0.0,0.0,0.0,0.0,0.0,0.0,0.0,0.0,0.0,0.0,0.0,0.0,0.0,0.0,0.0,0.0,0.0,1.21,0.0,0.0,0.0,0.0,0.0,0.0,0.0,10.275,0.0,0.0,0.0,0.0,0.212,0.0,0.0,0.0,0.0,1.406,5.0,45.0,0
0.0,0.0,0.0,0.0,0.94,0.0,10.0,0.0,0.0,0.94,0.0,0.0,0.0,0.0,0.0,0.0,0.0,0.0,2.83,0.0,2.83,0.0,0.0,0.0,0.0,0.0,0.0,0.0,0.0,0.0,0.0,0.0,0.0,0.0,0.0,0.0,0.0,0.0,0.0,0.0,0.0,0.0,0.0,0.0,0.0,0.0,0.0,0.0,0.0,0.0,0.0,0.0,0.0,0.0,10.533,65.0,158.0,1
0.0,0.0,0.0,10.0,0.27,0.0,0.0,0.55,0.0,0.55,0.0,0.55,0.0,0.0,0.0,0.0,0.0,0.0,0.0,0.0,0.0,0.0,0.0,0.0,6.64,4.15,0.83,0.27,1.66,0.27,0.27,0.27,0.0,0.27,0.27,0.27,1.38,0.0,0.0,0.27,0.0,0.27,0.27,0.0,0.55,0.0,0.0,0.0,0.183,0.549,0.137,0.0,0.0,0.0,4.257,57.0,430.0,0
0.0,0.0,1.5,0.0,0.75,0.0,0.0,0.0,0.0,0.0,0.0,0.75,1.5,0.0,0.0,0.75,0.0,0.0,1.5,0.0,0.75,0.0,0.0,0.0,0.0,0.0,0.0,0.0,0.0,0.0,0.0,0.0,0.0,0.0,0.0,0.0,0.0,0.0,0.0,0.0,0.0,0.0,0.0,0.0,0.75,10.0,0.0,0.0,0.0,0.147,0.0,0.441,0.0,0.0,2.0,6.0,54.0,0
0.0,0.0,0.0,0.0,0.0,0.0,0.0,0.0,0.0,0.0,0.0,0.0,0.0,0.0,0.0,0.0,0.0,0.0,0.0,0.0,0.0,0.0,0.0,0.0,0.0,0.0,0.0,0.0,0.0,0.0,0.0,0.0,0.0,0.0,0.0,0.0,0.0,0.0,0.0,0.0,0.0,0.0,0.0,0.0,0.0,0.0,0.0,0.0,0.0,0.0,0.0,0.0,10.13,0.0,1.0,1.0,5.0,0
0.0,0.0,0.0,0.0,0.0,0.0,0.0,0.0,0.0,1.08,0.0,0.0,0.0,0.0,0.0,3.26,0.0,0.0,5.43,0.0,0.0,0.0,0.0,0.0,0.0,0.0,0.0,0.0,0.0,0.0,0.0,0.0,0.0,0.0,0.0,0.0,0.0,0.0,0.0,0.0,0.0,0.0,0.0,0.0,0.0,0.0,0.0,0.0,0.0,0.0,0.0,10.7875,0.0,0.0,5.21,36.0,99.0,1
0.0,0.0,0.0,0.0,0.0,0.0,0.0,0.0,0.0,0.0,0.0,0.0,0.0,0.0,0.0,0.0,0.0,0.0,0.0,0.0,0.0,0.0,10.0,0.0,0.0,0.0,0.0,0.0,0.0,0.0,0.0,0.0,0.0,0.0,0.0,0.0,0.0,0.0,0.0,0.0,0.0,0.0,0.0,0.0,0.0,0.0,0.0,0.0,0.0,0.543,0.0,0.271,0.0,0.0,3.0,18.0,72.0,0
0.0,0.0,0.0,0.0,0.0,0.0,0.0,0.0,0.6,0.0,0.0,0.0,0.0,0.0,0.0,0.0,0.0,0.0,0.6,0.0,1.21,0.0,0.0,0.0,3.63,1.21,1.21,0.6,0.6,1.81,10.0,0.6,0.0,0.6,0.6,0.6,0.0,0.0,0.0,0.6,0.0,0.0,0.0,0.0,0.6,0.0,0.0,0.0,0.0,0.132,0.0,0.0,0.0,0.0,4.536,52.0,186.0,0
0.0,0.54,0.54,0.0,1.09,0.54,10.0,0.0,0.0,0.54,0.0,0.54,0.0,0.0,0.0,0.0,0.0,0.54,3.27,0.0,1.09,0.0,0.0,0.0,0.0,0.0,0.0,0.0,0.0,0.0,0.0,0.0,0.0,0.0,0.0,0.0,0.0,0.0,0.0,0.0,0.0,0.0,0.0,0.0,0.54,0.0,0.0,0.0,0.0,0.157,0.0,0.471,0.0,0.078,15.08,147.0,377.0,1
0.0,0.0,0.0,0.0,0.65,0.0,0.65,0.0,0.0,0.0,0.65,0.65,0.0,0.0,0.0,0.65,1.3,0.0,1.3,5.22,1.3,0.0,0.0,0.65,0.0,0.0,10.0,0.0,0.0,0.0,0.0,0.0,0.0,0.0,0.0,0.0,0.0,0.0,0.0,0.0,0.0,0.0,0.0,0.0,0.0,0.0,0.0,0.0,0.0,0.459,0.0,0.091,0.0,0.0,2.687,66.0,129.0,1
0.0,0.0,0.0,0.0,0.0,0.0,0.0,0.0,0.0,0.0,0.0,0.0,0.0,0.0,0.0,0.0,0.0,0.0,0.0,0.0,0.0,0.0,0.0,0.0,0.0,0.0,0.0,0.0,14.28,0.0,0.0,0.0,0.0,0.0,0.0,0.0,0.0,0.0,0.0,0.0,0.0,10.0,0.0,0.0,0.0,0.0,0.0,0.0,0.0,0.0,0.0,1.123,0.0,0.0,1.3,4.0,13.0,0
0.0,0.0,0.0,0.0,2.04,0.0,0.0,0.0,0.0,0.0,0.0,0.0,0.0,0.0,0.0,0.0,0.0,0.0,0.0,0.0,0.0,0.0,0.0,0.0,10.0,2.04,2.04,2.04,2.04,2.04,2.04,2.04,0.0,2.04,2.04,2.04,0.0,0.0,0.0,2.04,0.0,4.08,0.0,0.0,0.0,0.0,0.0,0.0,0.0,0.671,0.0,0.0,0.0,0.0,2.5,11.0,35.0,0
2.0,0.0,0.0,0.0,0.0,0.0,0.0,0.0,0.0,0.0,2.0,2.0,0.0,0.0,0.0,0.0,0.0,0.0,2.0,0.0,8.0,0.0,0.0,0.0,0.0,0.0,0.0,0.0,0.0,0.0,0.0,0.0,0.0,0.0,0.0,0.0,0.0,0.0,0.0,0.0,0.0,0.0,0.0,0.0,0.0,0.0,0.0,0.0,0.0,0.0,0.0,0.0,10.13,0.0,5.888,29.0,53.0,0
0.28,0.28,0.28,0.0,0.57,0.28,0.28,0.0,0.0,0.0,0.0,0.86,0.28,0.0,0.0,0.0,0.57,0.28,2.88,0.0,2.01,0.0,1.44,0.0,0.0,0.0,0.0,0.0,0.0,0.0,0.0,0.0,0.0,0.0,0.0,0.0,0.0,0.0,0.0,0.0,0.0,0.0,0.0,0.0,0.0,0.0,0.0,0.0,0.0,0.131,0.0,0.218,10.13,0.0,3.694,40.0,218.0,1
0.0,0.0,0.0,0.0,0.0,0.0,10.0,0.0,0.0,0.0,0.0,0.93,0.0,0.0,0.0,0.0,0.0,0.0,2.34,0.0,0.0,0.0,0.0,0.0,0.93,0.0,0.0,0.0,0.0,0.46,0.0,0.0,0.0,0.0,0.0,0.0,0.0,0.0,3.75,0.0,0.0,0.0,0.0,0.0,0.0,0.0,0.0,0.0,0.0,0.438,0.0,0.0,0.0,0.0,2.448,37.0,120.0,0
0.0,0.0,0.0,0.0,0.0,0.0,0.0,0.0,0.0,0.0,0.0,0.0,0.0,0.0,0.0,0.0,10.0,5.26,5.26,0.0,0.0,0.0,0.0,0.0,0.0,0.0,0.0,0.0,0.0,0.0,0.0,0.0,0.0,0.0,0.0,0.0,0.0,0.0,0.0,0.0,0.0,0.0,0.0,0.0,0.0,0.0,0.0,0.0,0.0,0.0,0.0,0.0,0.338,0.0,1.666,5.0,10.0,1
0.43,0.28,0.43,0.0,0.04,0.11,0.04,0.21,0.4,0.69,0.23,0.88,0.52,1.14,0.0,0.23,0.4,0.0,2.93,0.0,1.36,0.0,0.97,0.31,0.0,0.0,0.0,0.0,0.0,0.0,0.0,0.0,10.0,0.0,0.0,0.0,0.0,0.0,0.0,0.0,0.0,0.0,0.0,0.0,0.02,0.0,0.0,0.0,0.0,0.064,0.0,0.311,0.734,0.145,5.328,144.0,3016.0,1
0.0,0.0,0.0,0.0,0.0,0.0,0.0,0.0,0.0,0.0,0.0,0.0,5.55,0.0,0.0,0.0,0.0,0.0,0.0,0.0,0.0,0.0,0.0,0.0,0.0,0.0,0.0,0.0,0.0,0.0,0.0,0.0,0.0,0.0,0.0,0.0,0.0,0.0,0.0,0.0,0.0,0.0,0.0,0.0,0.0,0.0,0.0,0.0,0.0,0.0,0.0,0.0,10.13,0.0,2.444,10.0,44.0,1
0.08,0.0,0.32,4.31,0.08,0.16,0.08,0.08,0.0,0.0,0.08,0.24,0.32,0.0,0.0,0.08,0.0,0.32,1.87,0.0,0.57,0.0,0.16,0.24,0.0,0.0,10.0,0.0,0.0,0.0,0.0,0.0,0.0,0.0,0.0,0.0,0.08,0.0,0.0,0.0,0.0,0.0,0.0,0.0,0.16,0.0,0.0,0.0,0.344,0.068,0.0,0.55,0.082,0.151,15.547,339.0,2923.0,1
0.0,0.0,1.58,0.0,0.0,0.0,0.0,0.0,0.0,0.0,0.0,0.0,0.0,0.0,0.0,0.0,0.0,0.0,0.0,0.0,0.0,0.0,0.0,0.0,0.0,0.0,0.0,0.0,0.0,0.0,0.0,0.0,0.0,0.0,0.0,1.58,0.0,0.0,1.58,0.0,0.0,10.0,0.0,0.0,0.0,0.0,0.0,0.0,0.0,0.0,0.0,0.0,0.0,0.0,1.464,7.0,41.0,0
0.0,0.0,0.0,0.0,0.0,0.0,0.0,0.0,0.0,0.69,0.0,2.09,0.0,0.0,0.0,0.0,0.0,0.0,4.19,0.0,0.69,0.0,0.0,0.0,1.39,3.49,10.0,1.39,0.69,0.69,0.0,0.0,0.0,0.0,0.69,1.39,0.0,0.0,0.0,0.0,0.0,0.0,0.0,0.0,0.0,0.0,0.0,0.0,0.0,0.281,0.0,0.0,0.093,0.0,2.744,12.0,129.0,0
0.0,0.0,0.0,0.0,0.0,0.0,0.0,0.0,0.0,0.0,0.0,0.0,0.0,0.0,0.0,0.0,0.0,0.0,0.0,0.0,0.0,0.0,0.0,0.0,0.0,0.0,0.0,0.0,0.0,0.0,0.0,0.0,10.0,0.0,0.0,1.36,0.0,0.0,0.0,0.0,0.0,0.0,0.0,0.0,1.36,0.0,0.0,0.0,0.0,0.212,0.0,0.424,0.212,0.0,4.125,21.0,66.0,1
0.0,0.0,0.2,0.0,0.81,1.01,0.0,0.0,0.0,0.0,0.2,1.21,0.0,0.0,0.0,0.0,0.0,0.2,1.21,0.0,0.0,0.0,0.6,0.4,0.0,0.0,0.0,0.0,0.0,0.0,0.0,0.0,0.0,0.0,0.0,10.0,0.2,0.0,0.0,0.0,0.0,0.0,0.0,0.0,0.0,0.0,0.0,0.0,0.0,0.152,0.0,0.121,0.121,0.0,2.61,10.0,261.0,1
0.0,0.0,0.9,0.0,0.0,0.0,10.0,0.0,0.0,0.45,0.0,0.0,0.0,0.0,0.0,0.45,0.0,0.45,0.0,0.0,0.9,0.0,0.0,0.0,0.0,0.0,0.0,0.0,0.0,0.0,0.0,0.0,0.0,0.0,0.0,0.0,0.45,0.0,0.0,0.0,0.0,0.0,0.0,0.0,0.45,0.45,0.0,0.0,0.056,0.227,0.0,0.056,0.0,0.056,5.8,70.0,290.0,0
0.0,0.0,0.0,10.0,0.0,0.0,0.0,0.0,0.0,0.0,0.0,0.0,1.09,0.0,0.0,0.0,0.0,0.0,2.19,0.0,0.0,0.0,0.0,0.0,0.0,0.0,0.0,0.0,0.0,0.0,0.0,0.0,0.0,0.0,0.0,0.0,0.0,0.0,0.0,0.0,0.0,0.0,0.0,0.0,0.0,1.09,0.0,0.0,0.0,0.0,0.0,0.0,0.0,0.0,3.304,47.0,76.0,0
0.06,0.0,0.24,0.0,0.1,0.0,0.0,0.17,0.17,0.17,0.0,0.1,0.03,0.0,0.0,0.03,0.0,0.0,0.45,0.0,0.2,0.0,0.03,0.0,1.18,1.22,0.0,0.0,0.0,0.0,0.0,0.0,0.0,0.0,0.0,0.0,10.0,0.0,0.0,0.0,0.0,0.0,0.06,0.0,0.45,0.0,0.0,0.0,0.179,0.305,0.029,0.029,0.011,0.023,2.813,26.0,2510.0,1
0.67,0.0,0.67,0.0,0.0,0.0,0.0,0.0,0.0,0.67,0.0,0.0,0.0,0.0,0.0,0.0,0.0,0.0,1.35,0.0,1.35,0.0,0.0,0.0,0.0,0.0,0.0,0.0,0.0,0.0,0.0,0.0,0.0,0.0,0.0,0.0,0.0,0.0,0.0,0.0,0.0,0.0,0.0,0.0,0.0,0.0,0.0,0.0,0.0,0.0,0.0,10.7875,0.0,0.0,3.384,37.0,132.0,1
0.0,0.0,0.0,0.0,0.0,0.0,0.0,0.0,0.0,0.0,0.0,0.0,0.0,0.0,0.0,0.0,0.0,0.0,0.0,0.0,2.35,0.0,0.0,0.0,1.17,1.17,2.35,0.0,0.0,0.0,0.0,4.7,0.0,10.0,0.0,0.0,0.0,0.0,1.17,0.0,0.0,0.0,0.0,0.0,2.35,0.0,0.0,0.0,0.185,0.743,0.0,0.0,0.0,0.0,4.476,14.0,94.0,0
0.5,0.4,0.33,0.0,0.13,0.03,0.13,0.1,0.54,0.78,0.3,0.71,0.54,1.15,0.03,0.27,0.44,0.03,3.19,0.0,1.42,0.0,0.37,0.61,0.0,0.0,10.0,0.0,0.0,0.0,0.0,0.0,0.0,0.0,0.0,0.0,0.0,0.0,0.0,0.0,0.0,0.0,0.0,0.0,0.06,0.0,0.0,0.0,0.0,0.074,0.0,0.445,0.519,0.119,6.029,136.0,2213.0,1
0.0,0.26,0.78,0.0,0.26,0.26,0.08,1.04,0.52,1.56,0.26,0.69,0.17,0.08,0.69,0.86,0.34,0.0,1.82,0.17,1.3,0.0,0.08,0.34,0.0,0.0,0.0,0.0,0.0,0.0,10.0,0.0,0.08,0.0,0.0,0.08,0.0,0.0,0.0,0.0,0.0,0.0,0.0,0.0,0.08,0.08,0.0,0.0,0.096,0.234,0.0,0.358,0.261,0.11,3.554,54.0,981.0,1
0.7,0.0,0.7,0.0,10.95,0.0,0.0,0.0,0.0,0.0,0.0,0.0,0.0,0.0,0.0,0.0,0.0,0.7,3.54,0.0,2.12,0.0,0.0,0.0,0.0,0.0,0.0,0.0,0.0,0.0,0.0,0.0,0.0,0.0,0.0,0.0,0.0,0.0,0.0,0.0,0.0,0.0,0.0,0.0,0.0,0.0,0.0,0.0,0.0,0.0,0.0,0.11,0.0,0.0,1.083,3.0,26.0,1
0.0,0.0,1.58,0.0,0.0,0.0,10.0,0.0,0.0,0.0,0.0,0.79,0.0,0.0,0.0,0.0,0.0,0.0,1.58,0.0,0.0,0.0,0.0,0.0,0.79,0.79,0.0,0.0,0.0,0.0,0.0,0.0,0.0,0.0,0.0,0.0,0.0,0.0,0.0,0.0,0.0,0.0,0.0,0.0,0.0,0.0,0.0,0.0,0.0,0.149,0.0,0.149,0.0,0.0,1.482,10.0,43.0,0
0.0,0.0,0.36,0.0,0.73,0.0,10.0,0.0,0.0,0.73,0.0,0.36,0.0,0.0,0.0,0.0,0.0,0.0,0.73,0.0,0.0,0.0,0.0,0.0,0.0,0.0,0.0,0.36,0.0,0.0,0.0,0.0,0.0,0.0,0.0,0.0,0.0,0.0,0.0,0.0,0.0,0.0,0.0,0.0,0.0,0.36,0.0,0.0,0.0,0.0,0.0,0.0,0.0,0.0,2.13,12.0,228.0,1
0.0,0.0,0.0,0.0,0.0,0.0,0.0,0.0,0.0,0.0,0.0,0.0,0.0,10.0,0.0,0.0,1.16,0.0,1.16,0.0,0.0,0.0,0.0,0.0,0.0,0.0,0.0,2.32,0.0,0.0,0.0,0.0,0.0,0.0,0.0,0.0,0.0,0.0,0.0,0.0,0.0,0.0,0.0,1.16,0.0,1.16,0.0,0.0,0.0,0.381,0.0,0.0,0.0,0.19,2.652,28.0,61.0,1
0.0,0.0,0.0,0.0,2.48,0.0,0.0,0.62,0.0,0.0,0.0,1.24,0.0,0.0,0.0,0.0,0.0,0.0,2.48,0.0,3.72,0.0,0.0,0.0,10.0,0.0,0.0,0.0,0.0,0.0,0.0,0.0,0.0,0.0,0.0,0.0,0.0,0.0,0.0,0.0,0.0,0.0,0.0,0.0,0.0,0.0,0.0,0.0,0.0,0.0,0.0,0.179,0.0,0.089,3.702,53.0,174.0,1
0.0,1.03,0.0,0.0,1.03,0.0,1.03,0.51,0.0,0.51,0.0,1.03,0.0,0.0,0.0,0.51,0.0,0.51,2.07,0.0,1.55,0.0,0.0,0.0,0.0,0.0,0.0,0.0,10.0,0.0,0.0,0.0,0.0,0.0,0.51,0.0,0.0,0.0,0.0,0.0,0.0,0.0,0.0,0.0,0.0,0.0,0.0,0.0,0.0,0.257,0.0,0.6,0.429,0.0,1.447,4.0,55.0,1
0.0,0.0,0.0,0.0,0.0,0.0,0.0,0.0,0.0,0.0,0.0,1.06,0.0,0.0,0.0,0.0,0.0,0.0,1.06,0.0,0.0,0.0,0.0,0.0,3.19,1.06,0.0,0.0,0.0,0.0,0.0,0.0,0.0,0.0,0.0,0.0,1.06,0.0,2.12,0.0,0.0,0.0,0.0,0.0,0.0,0.0,0.0,0.0,0.0,0.168,0.0,0.168,0.0,0.0,16.883,7.0,63.0,0
0.0,0.0,0.0,0.0,0.94,0.0,0.0,0.0,0.0,0.0,0.0,0.0,0.0,0.0,0.0,0.0,0.0,0.0,1.88,0.0,2.83,0.0,0.0,0.0,0.0,0.0,10.0,0.0,0.0,0.0,0.0,0.0,0.0,0.0,0.0,0.0,0.0,0.0,0.0,0.0,0.0,0.0,0.0,0.0,0.0,0.0,0.0,0.0,0.0,0.0,0.0,0.443,0.0,0.0,4.652,31.0,107.0,1
0.0,0.0,0.0,0.0,0.0,0.0,0.0,2.2,0.0,0.0,1.47,0.73,0.0,0.0,0.0,10.25,0.0,0.0,5.14,0.0,0.73,0.0,0.0,0.0,0.0,0.0,0.0,0.0,0.0,0.0,0.0,0.0,0.0,0.0,0.0,0.0,0.0,0.0,0.0,0.0,0.0,0.0,0.0,0.0,0.0,0.0,0.0,0.0,0.0,0.0,0.0,0.0,0.0,0.0,1.6,8.0,48.0,1
0.0,0.0,0.32,0.0,0.64,0.64,0.32,0.64,0.0,0.0,0.0,0.32,0.32,0.0,0.0,0.32,0.32,0.0,2.27,0.0,3.24,0.0,0.0,0.32,0.0,0.0,10.0,0.0,0.0,0.0,0.0,0.0,0.0,0.0,0.0,0.0,0.0,0.0,0.0,0.0,0.0,0.0,0.0,0.0,0.64,0.0,0.0,0.0,0.0,0.105,0.0,0.0,0.157,0.0,1.494,10.0,139.0,1
0.35,0.0,0.35,0.0,0.71,0.0,0.0,0.0,0.0,0.0,0.0,0.35,0.0,0.0,0.0,0.0,0.0,0.0,0.35,0.0,0.17,0.0,0.0,0.0,0.53,0.35,0.53,0.17,0.17,0.17,0.17,0.17,0.35,0.17,0.17,0.17,0.0,0.0,0.0,0.17,0.0,0.71,0.17,0.17,0.35,0.0,0.0,0.0,0.123,0.309,0.03,0.0,10.13,0.0,2.241,13.0,204.0,0
0.0,0.69,0.34,0.0,0.34,0.0,0.0,0.0,0.0,0.0,0.0,0.69,0.0,0.0,0.0,0.34,0.0,1.39,2.09,0.0,1.04,0.0,0.0,0.0,0.0,0.0,10.0,0.0,0.0,0.0,0.0,0.0,0.0,0.0,0.0,0.0,0.0,0.0,0.0,0.0,0.0,0.0,0.0,0.0,0.0,0.0,0.0,0.0,0.0,0.056,0.0,0.786,0.0,0.0,3.728,61.0,261.0,1
0.0,0.0,0.0,0.0,0.0,0.0,10.0,0.0,0.0,0.0,0.0,1.4,0.0,0.0,0.0,0.0,0.7,0.0,1.4,0.0,1.4,0.0,0.0,0.0,0.0,0.0,0.7,0.0,0.0,0.0,0.7,0.0,0.0,0.0,0.0,0.0,0.0,0.0,0.0,2.11,0.0,0.0,0.0,0.0,0.0,0.0,0.0,0.0,0.0,0.267,0.066,0.0,0.0,0.0,17.952,200.0,377.0,0
0.0,0.0,0.0,0.0,0.0,0.0,10.0,0.0,0.0,0.0,0.0,1.05,0.0,0.0,0.0,0.0,0.0,0.0,4.21,0.0,0.0,0.0,0.0,0.0,0.0,0.0,0.0,0.0,0.0,0.0,0.0,0.0,0.0,0.0,0.0,0.0,0.0,0.0,0.0,0.0,0.0,0.0,0.0,0.0,0.0,0.0,0.0,0.0,0.0,0.0,0.0,0.0,0.0,0.0,2.695,15.0,62.0,1
0.0,0.0,0.0,0.0,0.0,0.32,0.0,0.0,0.0,0.0,0.0,0.0,0.0,0.0,0.0,0.0,0.96,0.0,0.0,0.0,0.0,0.0,0.0,0.0,0.0,0.0,0.0,0.0,0.0,2.24,0.0,0.0,0.0,0.0,0.0,0.0,0.0,0.0,0.32,0.0,0.0,10.0,0.0,0.0,0.0,0.0,0.0,0.0,0.18,0.27,0.045,0.0,0.0,0.0,2.0,14.0,178.0,1
0.06,0.0,0.19,0.0,0.26,0.06,0.0,0.19,0.0,0.06,0.0,1.12,0.06,0.19,0.0,0.0,0.52,0.0,0.0,0.59,0.06,0.0,0.39,0.0,10.0,0.0,0.0,0.0,0.0,0.0,0.0,0.0,0.06,0.0,0.0,0.19,0.13,0.0,0.0,0.0,0.0,0.0,0.0,0.06,0.0,0.0,0.0,0.0,0.072,0.117,0.0,0.0,0.063,0.0,2.121,25.0,751.0,0
0.47,0.94,0.94,0.0,0.47,0.0,0.0,0.47,0.0,1.88,0.0,2.35,0.0,0.47,0.0,0.47,0.0,0.0,1.88,0.0,5.18,0.0,0.0,0.0,0.0,0.0,0.0,0.0,0.0,0.0,0.0,0.0,0.0,0.0,0.0,0.0,10.0,0.0,0.0,0.0,0.0,0.0,0.0,0.0,0.0,0.0,0.0,0.0,0.0,0.253,0.0,1.687,0.168,0.084,57.23,636.0,744.0,1
0.0,0.0,2.32,0.0,0.0,0.0,0.0,0.0,0.0,2.32,0.0,0.0,0.0,0.0,1.16,0.0,0.0,0.0,2.32,0.0,0.0,0.0,10.0,0.0,0.0,2.32,0.0,0.0,0.0,0.0,0.0,0.0,0.0,0.0,0.0,0.0,0.0,0.0,0.0,0.0,0.0,0.0,1.16,0.0,1.16,0.0,0.0,0.0,0.0,0.204,0.0,0.0,0.0,0.0,1.75,11.0,35.0,0
0.23,0.0,0.47,0.0,0.0,0.0,0.23,0.0,0.0,0.47,0.0,0.0,0.0,0.0,0.0,0.0,0.0,0.0,1.17,0.0,0.23,0.0,0.0,0.0,10.0,0.7,0.7,1.17,0.23,0.23,0.23,0.23,0.0,0.23,0.23,0.7,0.47,0.0,0.23,0.23,0.0,0.0,0.47,0.0,0.7,0.0,0.0,0.0,0.0,0.237,0.0,0.0,0.0,0.0,2.42,12.0,334.0,0
0.0,0.0,1.92,0.0,0.0,0.0,10.0,0.0,0.0,0.0,0.0,0.0,0.0,0.0,0.0,0.0,0.0,1.92,1.92,0.0,1.92,0.0,0.0,0.0,0.0,0.0,0.0,0.0,0.0,0.0,0.0,0.0,0.0,0.0,0.0,0.0,0.0,0.0,0.0,0.0,0.0,0.0,0.0,0.0,0.0,0.0,0.0,0.0,0.0,0.0,0.0,0.0,0.0,0.0,1.416,6.0,17.0,1
0.0,0.0,1.02,0.0,0.0,0.0,0.0,0.0,0.0,0.0,0.0,0.0,0.0,0.0,0.0,0.0,0.0,0.0,3.06,0.0,2.04,0.0,0.0,0.0,0.0,0.0,0.0,0.0,0.0,0.0,0.0,0.0,0.0,0.0,0.0,0.0,0.0,0.0,0.0,0.0,10.0,0.0,0.0,0.0,0.0,1.02,0.0,0.0,0.0,0.55,0.0,0.0,0.0,0.0,1.333,5.0,28.0,0
0.0,0.36,0.72,0.0,1.44,0.0,10.0,0.0,0.0,1.44,0.72,0.36,0.36,0.0,0.0,0.0,0.0,0.0,2.89,0.0,2.17,0.0,0.0,0.0,0.0,0.0,0.0,0.0,0.0,0.0,0.0,0.0,0.0,0.0,0.0,0.0,0.0,0.0,0.0,0.0,0.0,0.0,0.0,0.0,0.0,0.0,0.0,0.0,0.0,0.0,0.0,0.0,0.0,2.517,6.685,60.0,234.0,1
0.0,0.0,0.0,0.0,0.0,0.0,0.0,0.0,0.0,0.0,0.0,0.0,0.0,0.0,0.0,0.0,0.0,0.0,0.91,0.0,0.0,0.0,0.0,0.0,0.0,0.0,0.0,0.0,0.22,0.0,0.0,0.0,0.0,0.0,0.0,0.0,0.45,0.0,0.0,0.0,0.0,0.0,0.0,0.0,0.0,10.0,0.0,0.0,0.0,0.066,0.0,0.0,0.0,0.0,2.284,19.0,329.0,0
0.35,0.46,0.31,0.0,0.15,0.03,0.0,0.35,0.58,0.66,0.31,0.7,0.62,1.28,0.03,0.23,0.42,0.0,3.12,0.0,1.36,0.0,0.46,0.46,0.0,0.0,0.0,0.0,0.0,0.0,0.0,0.0,0.0,10.0,0.0,0.0,0.0,0.0,0.0,0.0,0.0,0.0,0.0,0.0,0.03,0.0,0.0,0.0,0.005,0.088,0.0,0.319,0.479,0.124,6.11,116.0,2218.0,1
0.0,0.0,0.0,0.0,0.27,0.0,0.0,0.0,0.0,0.27,0.0,0.54,0.0,0.54,0.0,0.0,0.54,0.0,1.63,0.0,0.0,0.0,0.0,0.0,4.89,1.35,0.27,0.27,0.27,0.27,0.27,0.27,0.0,0.27,0.27,0.27,0.0,10.0,0.27,0.27,0.0,0.0,0.27,0.0,0.81,0.0,0.0,0.0,0.0,0.192,0.153,0.0,0.0,0.0,4.608,35.0,424.0,0
0.0,0.0,0.0,0.0,0.0,0.0,0.0,0.0,0.0,0.0,0.0,0.0,0.0,0.0,0.0,0.0,0.0,0.0,0.0,0.0,0.0,0.0,0.0,0.0,0.0,0.0,10.0,0.0,0.0,0.0,0.0,0.0,0.0,0.0,0.0,0.0,0.0,0.0,0.0,0.0,0.0,0.0,0.0,0.0,0.0,0.0,0.0,0.0,0.0,0.0,0.0,0.0,0.0,0.0,1.0,1.0,5.0,0
0.0,0.0,1.29,0.0,0.0,0.0,0.0,0.0,0.0,0.0,0.0,1.29,0.0,0.0,0.0,0.0,0.0,0.0,1.29,0.0,5.19,0.0,0.0,1.29,0.0,0.0,0.0,0.0,0.0,0.0,0.0,0.0,0.0,0.0,0.0,0.0,0.0,0.0,0.0,0.0,0.0,10.0,0.0,0.0,0.0,0.0,0.0,0.0,0.0,0.0,0.0,0.0,0.208,0.0,4.23,25.0,55.0,1
0.0,0.0,0.0,0.0,0.0,0.0,0.0,0.0,0.0,0.0,0.0,0.0,0.0,0.0,0.0,1.38,0.0,0.0,1.38,0.0,1.38,0.0,0.0,0.0,2.77,1.38,1.38,1.38,1.38,1.38,1.38,1.38,0.0,1.38,1.38,1.38,0.0,0.0,0.0,1.38,0.0,0.0,0.0,0.0,0.0,0.0,0.0,0.0,0.0,0.464,0.0,0.0,10.13,0.0,2.333,11.0,42.0,0
0.08,0.0,0.16,0.0,0.0,0.08,0.0,0.08,0.08,0.0,0.16,0.74,0.57,0.16,0.0,0.0,0.41,0.0,0.0,0.0,0.0,0.0,0.24,0.0,10.0,0.0,0.0,0.0,0.0,0.0,0.0,0.0,0.0,0.0,0.0,0.24,0.24,0.0,0.0,0.0,0.0,0.0,0.0,0.0,0.0,0.0,0.0,0.0,0.199,0.105,0.0,0.0,0.023,0.0,1.878,24.0,740.0,0
0.0,0.0,0.0,0.0,0.0,0.0,0.0,0.0,0.0,0.0,0.0,1.04,0.0,0.0,0.0,0.0,0.0,0.0,5.2,0.0,0.0,0.0,0.0,0.0,0.0,0.0,10.0,0.0,0.0,0.0,0.0,0.0,0.0,0.0,0.0,0.0,0.0,0.0,0.0,0.0,0.0,0.0,0.0,0.0,0.0,0.0,0.0,0.0,0.0,0.195,0.0,0.0,0.0,0.0,1.071,2.0,15.0,0
0.0,0.0,0.65,0.0,0.0,0.0,0.0,0.0,0.0,0.0,0.0,0.0,0.65,0.0,0.0,0.0,0.0,0.0,4.6,10.0,0.65,0.0,0.0,0.0,0.0,0.0,0.0,0.0,0.0,0.0,0.0,0.0,0.0,0.0,0.0,0.0,0.0,0.0,0.0,0.0,0.0,0.0,0.0,0.0,1.97,0.65,0.0,0.0,0.0,0.0,0.0,0.125,0.0,0.0,1.25,5.0,40.0,0
0.0,0.0,0.0,0.0,0.0,0.0,10.0,0.0,0.0,0.0,0.0,0.0,0.0,0.0,0.0,0.0,0.0,0.0,0.0,0.0,0.0,0.0,0.0,0.0,0.0,0.0,0.0,0.0,0.0,0.0,0.0,0.0,0.0,0.0,0.0,0.0,0.0,0.0,0.0,0.0,0.0,0.0,0.0,0.0,0.0,0.0,0.0,0.0,0.0,0.0,0.0,0.0,0.0,0.0,8.166,19.0,49.0,1
0.0,0.0,0.0,0.0,0.0,0.0,0.0,0.0,0.27,0.0,0.0,0.82,0.27,0.0,0.0,0.0,1.64,0.0,1.36,0.0,0.54,0.0,0.0,0.0,10.0,0.0,0.0,0.0,0.0,0.0,0.0,0.0,0.0,0.0,0.0,0.54,0.27,0.0,0.0,0.0,0.0,0.0,0.0,0.0,0.0,0.0,0.0,0.0,0.0,0.09,0.0,0.045,0.0,0.0,1.465,8.0,85.0,0
0.0,0.0,0.11,0.0,0.11,0.0,0.0,0.11,0.0,0.0,0.0,0.0,0.11,0.23,0.0,0.0,0.11,0.0,0.0,0.0,0.0,0.0,0.11,0.0,10.0,0.0,0.0,0.0,0.0,0.0,0.0,0.0,0.0,0.0,0.0,0.0,0.11,0.0,0.0,0.0,0.0,0.0,0.0,0.0,0.0,0.0,0.0,0.0,0.047,0.157,0.0,0.0,0.078,0.0,2.351,28.0,508.0,0
0.0,0.0,0.0,0.0,0.0,0.0,0.0,0.0,0.0,0.0,0.0,1.0,0.0,0.0,0.0,0.0,0.0,0.0,0.0,0.0,0.0,0.0,0.0,0.0,0.0,0.0,10.0,0.0,0.0,0.0,0.0,0.0,0.0,0.0,0.0,0.0,0.0,0.0,0.0,0.0,0.0,0.0,0.0,0.0,0.0,0.0,0.0,0.0,0.0,0.0,0.0,0.0,0.0,0.0,1.733,9.0,26.0,0
0.0,0.0,0.0,0.0,0.0,0.0,0.0,0.0,0.0,0.0,0.0,0.0,0.0,0.0,0.0,0.0,0.0,0.0,0.0,0.0,0.0,0.0,0.0,0.0,0.0,0.0,0.5,0.0,0.5,0.0,0.0,0.0,0.0,0.0,0.0,0.0,0.0,0.0,0.0,0.0,0.0,0.0,0.0,0.0,0.0,10.0,0.0,0.0,0.0,0.501,0.167,0.0,0.0,0.083,3.983,28.0,239.0,0
0.0,0.0,0.86,0.0,0.0,0.0,0.0,0.86,0.0,0.0,0.0,1.73,0.0,0.0,0.0,0.0,0.0,0.0,0.0,0.0,0.0,0.0,0.0,0.0,3.47,5.21,10.0,0.0,0.0,0.0,0.0,0.0,0.0,0.0,0.0,0.0,0.0,0.0,0.0,0.0,0.0,0.0,0.0,0.0,0.0,0.0,0.86,0.0,0.0,0.125,0.0,0.0,0.0,0.0,1.8,9.0,72.0,0
0.0,0.4,0.0,0.0,0.81,0.0,10.0,0.0,0.0,0.4,0.0,0.0,0.0,0.0,0.0,0.0,0.0,0.0,1.22,0.0,0.81,0.81,0.0,0.0,0.0,0.0,0.0,0.0,0.0,0.0,0.0,0.0,0.0,0.0,0.0,0.0,0.0,0.0,0.0,0.0,0.0,0.0,0.0,0.0,0.0,0.0,0.0,0.0,0.123,0.246,0.061,0.0,0.123,0.185,4.793,23.0,302.0,1
0.0,0.0,0.0,0.0,0.0,0.0,0.0,0.0,0.0,0.0,0.0,0.0,0.0,0.0,0.0,0.0,0.0,0.0,4.22,0.0,1.4,0.0,0.0,0.0,1.4,0.0,1.4,2.81,0.0,0.0,0.0,0.0,1.4,0.0,1.4,0.0,0.0,0.0,0.0,0.0,0.0,0.0,0.0,0.0,0.0,0.0,0.0,2.81,0.0,0.458,0.0,0.229,0.0,0.0,16.883,15.0,69.0,0
0.0,0.56,0.56,0.0,2.25,0.0,1.12,0.0,0.0,0.0,0.0,0.56,0.56,0.0,0.0,0.56,2.82,0.0,3.95,0.0,1.69,0.0,0.0,0.0,0.0,0.0,10.0,0.0,0.0,0.0,0.0,0.0,0.0,0.0,0.0,0.0,0.0,0.0,0.0,0.0,0.0,0.0,0.0,0.0,0.0,0.0,0.0,0.0,0.0,0.247,0.0,1.32,0.33,0.0,5.135,140.0,190.0,1
0.0,0.0,0.86,0.0,0.0,0.0,10.0,0.0,0.0,0.0,0.0,0.86,0.0,0.0,0.0,0.0,0.0,0.0,2.6,0.0,0.86,0.0,0.0,0.0,0.0,0.0,0.0,0.0,0.0,0.0,0.0,0.0,0.0,0.0,0.0,0.0,0.0,0.0,0.0,0.0,0.0,0.0,0.86,0.0,0.0,0.0,0.0,0.0,0.0,0.0,0.0,0.167,0.0,0.0,1.5,4.0,24.0,0
0.0,0.0,0.0,0.0,0.0,0.0,0.0,0.0,0.0,1.49,0.0,1.49,0.0,0.0,0.0,0.0,0.0,0.0,7.46,0.0,1.49,0.0,0.0,0.0,0.0,0.0,10.0,0.0,0.0,0.0,0.0,0.0,0.0,0.0,0.0,0.0,0.0,0.0,0.0,0.0,0.0,0.0,0.0,0.0,0.0,0.0,0.0,0.0,0.0,0.0,0.0,0.0,0.0,0.0,2.692,15.0,35.0,1
0.0,0.0,0.25,0.0,0.0,0.0,10.0,0.0,0.0,0.0,0.0,0.25,0.25,0.0,0.0,0.0,0.0,0.0,4.02,0.0,4.02,0.0,0.0,0.0,0.75,0.75,0.0,0.0,0.25,0.0,0.0,0.0,0.0,0.0,0.0,0.0,0.0,0.0,0.0,0.0,0.0,0.0,0.0,0.0,0.0,0.0,0.25,0.0,0.0,0.111,0.0,0.0,0.0,0.0,4.446,29.0,209.0,0
0.12,0.0,0.12,0.0,0.12,0.0,0.0,0.0,1.11,0.0,0.0,0.37,0.0,0.0,0.0,0.0,0.0,0.0,0.49,0.0,0.24,0.0,0.0,0.0,0.62,0.74,0.12,0.0,0.0,0.0,10.0,0.0,0.49,0.0,0.0,0.0,0.12,0.0,0.0,0.0,0.0,0.0,0.0,0.0,0.0,0.0,0.0,0.0,0.083,0.167,0.033,0.0,0.033,0.0,3.211,32.0,485.0,0
0.0,0.0,0.0,10.0,0.0,0.0,0.0,0.0,0.0,0.0,0.0,3.33,0.0,0.0,0.0,0.0,0.0,0.0,0.0,0.0,0.0,0.0,0.0,0.0,0.0,0.0,3.33,0.0,0.0,0.0,0.0,0.0,0.0,0.0,0.0,0.0,0.0,0.0,0.0,0.0,0.0,3.33,0.0,0.0,3.33,0.0,0.0,0.0,0.0,0.0,0.0,0.0,0.0,0.0,1.3,4.0,13.0,0
0.0,0.0,0.0,0.0,0.0,0.0,0.0,0.0,0.0,0.0,0.0,0.0,0.0,0.0,0.0,0.0,0.0,0.0,1.29,0.0,0.0,0.0,0.0,0.0,10.0,1.29,1.29,0.0,0.0,0.0,1.29,0.0,0.0,0.0,0.0,0.0,0.0,0.0,1.29,0.0,0.0,0.0,0.0,0.0,1.29,0.0,0.0,0.0,0.0,0.234,0.0,0.0,0.0,0.0,1.857,8.0,39.0,0
0.0,0.0,0.0,0.0,0.0,0.0,0.0,0.0,0.0,0.68,0.0,0.0,0.0,0.0,0.0,0.0,0.0,0.0,1.37,0.0,0.0,0.0,0.0,0.0,0.0,0.0,0.68,0.0,0.0,0.0,0.0,0.0,0.0,0.0,0.0,0.0,10.0,0.0,0.68,0.0,0.0,0.0,0.68,0.0,0.0,0.0,0.0,0.0,0.0,0.0,0.0,0.0,0.0,0.0,1.488,12.0,64.0,0
0.0,0.0,0.0,0.0,0.0,0.0,0.0,0.0,0.0,0.0,0.0,0.0,0.0,0.0,0.0,0.0,0.0,0.0,0.0,0.0,0.0,0.0,0.0,0.0,0.0,0.0,10.0,0.0,0.0,0.0,0.0,0.0,0.0,0.0,0.0,0.0,0.0,0.0,0.0,0.0,0.0,0.0,0.0,0.0,0.0,0.0,0.0,0.0,0.0,0.0,0.0,0.0,0.0,0.0,1.0,1.0,5.0,0
0.0,0.0,0.0,0.0,0.0,0.0,0.0,0.0,0.0,0.0,0.0,0.0,0.0,0.0,0.0,0.0,0.0,0.0,0.0,0.0,0.0,0.0,0.0,0.0,0.0,0.0,0.0,0.0,0.0,0.0,0.0,0.0,0.0,0.0,0.0,0.0,0.0,0.0,0.0,0.0,0.0,0.0,0.0,0.0,0.0,0.0,0.0,0.0,0.0,0.0,0.0,0.0,10.13,0.0,1.0,1.0,6.0,0
0.0,0.63,0.0,0.0,1.27,0.0,0.0,0.0,0.0,0.0,0.0,1.27,0.0,0.0,0.0,0.0,0.0,0.63,3.18,0.0,0.63,0.0,0.0,0.0,0.0,0.0,1.27,1.27,0.0,0.0,0.0,0.63,0.0,10.0,0.0,0.0,0.0,0.0,0.0,0.0,0.0,0.0,0.0,0.0,2.54,0.0,0.0,0.0,0.0,0.218,0.0,0.0,0.0,0.0,2.215,22.0,113.0,0
0.0,0.0,0.0,0.0,0.0,0.0,0.0,0.0,0.0,0.0,0.0,0.0,0.0,0.0,0.0,0.0,0.0,0.0,0.0,0.0,0.0,0.0,0.0,0.0,0.0,0.0,10.0,0.0,0.0,0.0,0.0,0.0,0.0,0.0,0.0,0.0,0.0,0.0,0.0,0.0,0.0,0.0,0.0,0.0,0.0,0.0,0.0,0.0,0.0,0.0,0.0,0.0,0.0,0.0,1.0,1.0,5.0,0
0.0,0.0,0.0,0.0,0.0,0.0,0.0,0.0,0.0,0.0,0.0,0.0,0.0,0.0,0.0,0.0,0.0,0.0,0.0,0.0,0.0,0.0,0.0,0.0,0.0,0.0,0.0,0.0,0.0,0.0,0.0,0.0,0.0,0.0,0.0,0.0,0.0,0.0,0.0,0.0,0.0,10.0,0.0,0.0,0.0,0.0,0.0,0.0,0.0,0.0,0.0,0.0,0.0,0.0,1.0,1.0,7.0,0
0.0,0.0,0.0,0.0,0.0,0.0,0.0,0.0,0.0,0.0,0.0,0.0,0.0,0.0,0.0,0.0,0.0,0.0,0.0,0.0,0.0,0.0,0.0,0.0,0.0,0.0,0.0,0.0,0.0,0.0,0.0,0.0,0.0,0.0,0.0,0.0,0.0,0.0,0.0,0.0,0.0,0.0,0.0,0.0,1.17,0.0,0.0,0.0,0.0,0.443,0.0,0.221,10.13,0.0,3.812,15.0,61.0,1
0.0,0.0,0.0,0.0,0.0,0.0,0.0,0.0,0.0,0.0,0.0,0.83,0.0,0.0,0.0,0.0,0.0,0.0,3.33,0.0,0.83,0.0,0.0,0.0,0.0,0.0,10.0,0.0,0.0,0.0,0.0,0.0,0.0,0.0,0.0,0.0,0.0,0.0,0.0,0.0,0.0,0.83,0.0,0.0,0.0,0.83,0.0,0.0,0.0,0.12,0.0,0.0,0.0,0.0,3.137,47.0,91.0,0
0.0,0.0,0.0,0.0,0.14,0.0,0.0,0.0,0.0,0.0,0.0,1.75,0.0,0.0,0.0,0.0,0.0,0.0,0.29,0.0,0.0,0.0,0.0,0.0,0.14,0.0,10.0,0.29,0.0,0.14,0.0,0.0,0.14,0.0,0.14,0.0,0.14,0.14,0.0,0.0,0.0,0.0,0.0,0.29,0.0,0.14,0.0,0.0,0.0,0.064,0.0,0.021,0.0,0.0,1.715,11.0,187.0,0
0.0,0.0,0.0,0.0,0.0,0.0,0.0,0.0,0.0,0.0,0.0,0.0,0.0,0.0,0.0,0.0,0.0,0.0,0.0,0.0,0.0,10.0,0.0,0.0,0.0,0.0,1.81,0.0,0.0,0.0,0.0,0.0,3.63,0.0,0.0,0.0,0.0,0.0,0.0,0.0,0.0,0.0,0.0,0.0,1.81,0.0,0.0,0.0,0.0,0.0,0.0,0.0,0.0,0.0,1.181,3.0,13.0,0
0.19,0.19,0.0,0.0,1.55,0.19,10.0,0.0,0.19,0.19,0.0,0.77,0.58,0.0,0.0,0.19,0.58,2.33,0.77,0.0,0.38,0.0,0.19,0.0,0.0,0.0,0.0,0.0,0.0,0.0,0.0,0.0,0.0,0.0,0.0,0.0,0.0,0.0,0.19,0.0,0.0,0.0,0.0,0.0,0.0,0.0,0.0,0.0,0.03,0.061,0.03,0.185,0.216,0.0,1.948,11.0,113.0,1
0.0,0.0,0.08,0.0,0.0,0.17,0.0,0.0,0.0,0.0,0.0,0.17,0.0,0.0,0.0,0.08,0.0,0.08,0.17,0.0,0.25,0.0,0.0,0.08,0.0,0.0,0.0,0.0,0.0,0.0,0.0,0.0,0.0,0.0,0.0,0.0,0.08,0.0,0.0,0.0,0.08,0.0,0.0,10.0,0.0,0.59,0.0,0.0,0.0,0.075,0.0,0.012,0.012,0.0,2.057,70.0,605.0,0
0.0,0.0,0.16,0.0,0.33,0.0,0.16,0.0,0.5,0.0,0.16,0.0,0.0,0.0,0.0,0.5,0.0,1.5,0.66,0.0,0.0,0.0,0.0,0.0,0.33,0.0,0.0,0.0,0.0,0.0,0.0,0.0,0.0,0.0,0.0,0.0,0.0,0.0,0.0,0.0,10.0,0.0,0.0,0.0,0.0,0.0,0.0,0.0,0.0,0.088,0.0,0.884,0.752,0.022,5.328,47.0,1087.0,1
0.0,0.27,0.0,0.0,0.0,0.0,0.0,0.0,0.0,0.27,0.0,0.0,0.0,0.0,0.0,0.0,0.0,0.0,1.94,0.0,0.0,8.33,0.0,0.0,0.0,0.0,0.0,0.0,0.0,0.0,0.0,0.0,0.0,0.0,0.0,0.0,0.0,0.0,0.0,0.0,0.0,0.0,0.0,0.0,0.0,0.0,0.0,0.0,10.0,0.0,0.0,0.048,0.0,0.482,5.802,43.0,412.0,0
0.0,0.0,0.0,0.0,0.0,0.0,10.0,0.0,0.0,0.0,0.0,0.0,0.0,0.0,0.0,0.0,0.0,0.0,1.08,0.0,1.08,0.0,0.0,0.0,0.0,0.0,1.08,0.0,0.0,0.0,0.0,0.0,0.0,0.0,0.0,0.0,0.0,0.0,0.0,0.0,0.0,0.0,0.0,0.0,0.0,0.0,0.0,0.0,0.0,0.0,0.0,0.0,0.0,0.0,1.263,4.0,24.0,0
0.0,0.0,0.74,0.0,0.0,0.0,10.0,0.0,0.0,0.0,0.0,0.24,0.0,0.0,0.0,0.49,0.0,0.49,2.71,0.0,1.23,0.0,0.0,0.0,0.0,0.0,0.0,0.0,0.0,0.0,0.0,0.0,0.0,0.0,0.0,0.0,0.24,0.0,0.0,0.0,0.0,0.0,0.0,0.0,0.49,0.0,0.0,0.0,0.036,0.147,0.0,0.147,0.0,0.0,2.587,55.0,282.0,0
0.0,0.0,0.0,0.0,0.0,0.0,0.0,0.0,0.0,0.0,0.0,0.0,0.0,0.0,0.0,0.0,0.0,0.0,0.0,0.0,0.0,0.0,0.0,0.0,0.0,0.0,0.0,0.0,0.0,0.0,0.0,0.0,0.0,0.0,0.0,0.0,0.0,0.0,0.0,0.0,10.0,0.0,0.0,0.0,0.0,0.0,0.0,0.0,0.0,0.0,0.0,0.0,0.0,0.0,2.333,5.0,7.0,0
0.0,0.0,0.0,0.0,0.0,0.0,0.0,0.0,0.0,3.33,0.0,0.0,0.0,0.0,0.0,0.0,0.0,0.0,3.33,0.0,3.33,0.0,0.0,0.0,0.0,0.0,10.0,0.0,0.0,0.0,0.0,0.0,0.0,0.0,0.0,0.0,0.0,0.0,0.0,0.0,0.0,0.0,0.0,0.0,3.33,0.0,0.0,0.0,0.0,0.558,0.0,0.0,0.0,0.0,1.0,1.0,6.0,0
0.0,4.16,0.0,0.0,0.0,0.0,0.0,0.0,0.0,0.0,0.0,4.16,0.0,0.0,0.0,0.0,0.0,0.0,0.0,0.0,0.0,0.0,0.0,0.0,0.0,0.0,10.0,0.0,0.0,0.0,0.0,0.0,0.0,0.0,0.0,0.0,0.0,0.0,0.0,0.0,0.0,0.0,0.0,0.0,4.16,0.0,0.0,0.0,0.0,0.0,0.0,0.709,0.0,0.0,2.09,6.0,23.0,0
0.0,0.04,0.25,0.0,0.04,0.04,0.0,0.0,0.16,0.08,0.2,0.62,0.0,0.0,0.0,0.16,0.04,0.0,0.71,0.0,0.41,0.0,0.12,0.0,10.0,0.41,0.0,0.12,0.0,0.08,0.12,0.0,0.0,0.0,0.04,0.0,0.2,0.0,0.0,0.0,0.0,0.0,0.0,0.08,0.08,0.0,0.0,0.04,0.012,0.274,0.012,0.031,0.056,0.0,1.83,23.0,1479.0,0
0.0,0.0,0.87,0.0,0.0,0.0,0.0,0.0,0.0,0.87,0.0,1.75,0.0,0.0,0.0,0.0,0.0,0.0,0.0,0.0,0.0,0.0,0.0,0.0,0.87,0.87,10.0,1.75,0.0,0.0,0.0,0.0,0.0,0.0,0.0,0.87,0.0,0.0,0.0,0.0,0.0,0.0,0.0,0.0,0.0,0.0,0.0,0.0,0.0,0.608,0.0,0.0,0.0,0.0,2.941,11.0,100.0,0
0.0,0.0,0.43,0.0,0.0,0.0,0.0,0.0,0.0,0.0,0.0,3.94,0.0,0.0,0.0,0.0,0.0,0.0,2.63,0.0,1.31,0.0,0.0,0.0,0.0,0.0,10.0,0.0,0.0,0.0,0.0,0.0,0.0,0.0,0.0,0.0,0.0,0.0,0.0,0.0,0.0,0.0,0.0,0.0,0.0,0.0,0.0,0.0,0.0,0.0,0.0,0.0,0.0,0.0,1.314,5.0,46.0,0
0.1,0.0,0.1,0.0,0.4,0.1,0.1,0.0,0.2,0.2,0.4,0.5,0.0,0.6,0.0,0.91,0.2,0.0,1.72,4.26,1.72,0.0,0.4,0.2,0.0,0.0,10.0,0.0,0.0,0.0,0.0,0.0,0.0,0.0,0.0,0.0,0.0,0.0,0.0,0.0,0.0,0.0,0.0,0.0,0.0,0.0,0.0,0.0,0.0,0.096,0.0,0.336,0.16,0.0,6.758,494.0,1426.0,1
0.38,0.0,1.9,0.0,1.14,0.0,0.0,0.0,0.38,0.38,0.0,0.0,0.0,0.0,0.0,0.0,0.0,0.0,0.38,0.76,0.0,0.0,0.0,0.0,0.38,0.0,10.0,0.0,0.0,0.0,0.0,0.0,0.0,0.0,0.0,0.0,0.0,0.0,0.0,0.0,0.0,0.0,0.0,0.0,0.0,0.0,0.0,0.0,0.0,0.0,0.0,1.008,0.059,0.0,589.0,1177.0,1178.0,1
0.0,0.0,0.0,0.0,0.0,1.88,0.0,0.0,0.0,0.0,0.0,0.0,0.0,0.0,0.0,0.0,0.0,0.0,3.77,0.0,1.88,0.0,0.0,0.0,0.0,0.0,10.0,0.0,0.0,0.0,0.0,0.0,0.0,0.0,0.0,0.0,0.0,0.0,0.0,0.0,0.0,0.0,0.0,0.0,0.0,0.0,0.0,0.0,0.0,0.0,0.0,0.0,0.0,0.0,2.307,16.0,30.0,1
0.1,0.0,0.1,0.0,0.4,0.1,0.1,0.0,0.2,0.2,0.4,0.5,0.0,0.6,0.0,0.91,0.2,0.0,1.72,4.26,1.72,0.0,0.4,0.2,0.0,0.0,10.0,0.0,0.0,0.0,0.0,0.0,0.0,0.0,0.0,0.0,0.0,0.0,0.0,0.0,0.0,0.0,0.0,0.0,0.0,0.0,0.0,0.0,0.0,0.093,0.0,0.297,0.156,0.0,6.8,494.0,1428.0,1
0.0,0.0,0.32,0.0,0.49,0.16,0.0,0.0,0.0,0.0,0.0,1.48,0.0,0.0,0.0,0.0,0.32,0.0,0.16,0.0,0.16,0.0,0.0,0.0,10.0,0.0,0.0,0.0,1.31,0.49,0.0,0.0,0.0,0.0,0.0,0.65,0.16,0.0,0.0,0.0,0.0,0.0,0.0,0.0,0.16,0.0,0.0,0.0,0.0,0.022,0.0,0.0,0.0,0.0,1.638,6.0,154.0,0
0.18,0.0,0.18,0.0,1.57,0.36,0.06,0.06,0.06,0.12,0.06,0.54,0.3,0.06,0.0,0.0,0.72,0.06,4.49,0.24,1.09,0.0,0.85,0.06,10.0,0.0,0.0,0.0,0.0,0.0,0.0,0.0,0.0,0.0,0.0,0.0,0.0,0.0,0.0,0.0,0.0,0.0,0.06,0.0,0.06,0.0,0.0,0.0,0.01,0.052,0.0,0.01,0.167,0.0,1.736,12.0,441.0,1
0.0,0.0,0.0,0.0,0.0,0.0,0.0,0.0,0.0,0.0,0.0,3.84,0.0,0.0,0.0,0.0,0.0,0.0,5.76,0.0,0.0,10.0,0.0,0.0,0.0,0.0,0.0,0.0,0.0,0.0,0.0,0.0,0.0,0.0,0.0,0.0,0.0,0.0,0.0,0.0,0.0,0.0,0.0,0.0,1.92,1.92,0.0,0.0,0.0,0.0,0.0,0.0,0.0,0.0,1.166,3.0,14.0,0
0.0,0.0,0.0,0.0,0.0,0.0,0.0,0.0,0.0,0.0,0.0,1.33,0.0,0.0,0.0,0.0,0.0,0.0,0.44,0.0,0.0,0.0,0.0,0.0,0.0,0.44,0.0,0.0,0.0,0.0,0.0,0.0,1.33,0.0,10.0,0.0,0.89,0.0,0.0,0.0,0.0,0.0,0.0,0.0,0.0,0.0,0.0,0.0,0.0,0.397,0.0,0.0,0.0,0.0,1.936,10.0,122.0,0
0.37,0.0,0.0,0.0,0.0,0.0,10.0,0.0,0.0,0.0,0.0,0.0,0.0,0.0,0.0,0.0,0.37,0.0,2.23,0.0,0.37,0.0,0.0,0.0,1.11,0.37,1.86,0.37,0.37,0.37,0.37,0.37,0.0,0.37,0.37,0.37,0.74,0.0,0.74,0.37,0.37,0.0,0.74,0.0,0.37,0.37,0.0,0.0,0.0,0.192,0.064,0.32,0.0,0.064,1.923,17.0,177.0,0
0.0,0.0,0.0,0.0,0.0,0.0,0.0,0.0,0.0,0.0,0.0,0.0,0.0,0.0,0.0,0.0,0.0,0.0,0.0,0.0,0.0,10.0,0.0,0.0,1.79,1.79,0.0,0.89,0.0,0.0,0.0,0.0,0.0,0.0,0.44,0.0,0.0,0.0,0.0,0.0,0.0,0.0,0.0,0.89,0.0,0.0,0.0,0.0,0.0,0.136,0.0,0.0,0.0,0.0,1.988,24.0,179.0,0
0.0,0.0,0.0,0.0,0.0,0.0,0.0,0.0,0.0,0.0,0.0,0.0,0.0,0.0,0.0,0.0,0.0,0.0,1.92,0.0,0.64,0.0,0.0,0.0,0.0,10.0,0.0,0.0,0.0,0.0,0.0,0.0,0.0,0.0,0.0,0.64,0.0,0.0,0.0,0.0,0.0,0.0,0.0,0.0,0.0,0.0,0.0,0.0,0.213,0.0,0.0,0.106,0.0,0.0,2.714,47.0,95.0,0
0.0,0.0,0.0,0.0,0.54,0.0,0.0,0.0,0.0,0.0,0.54,1.09,0.0,0.0,0.0,0.0,0.0,0.0,3.82,0.0,0.0,0.0,0.0,0.0,2.18,2.18,10.0,0.54,0.0,1.09,0.0,0.0,0.0,0.0,0.54,0.0,0.0,0.0,0.0,0.0,0.0,0.0,0.54,0.0,0.54,0.0,0.0,0.0,0.0,0.087,0.0,0.0,0.0,0.0,3.533,34.0,159.0,0
0.0,0.0,0.32,0.0,0.32,0.0,10.0,0.0,0.0,0.0,0.0,0.64,0.0,0.0,0.0,0.0,0.0,0.0,0.32,0.0,0.0,0.0,0.0,0.0,0.64,0.64,0.0,0.0,0.0,0.0,0.0,0.0,0.0,0.0,0.0,0.32,0.64,0.0,0.0,0.0,0.0,0.0,0.0,0.0,0.0,0.0,0.0,0.0,0.0,0.04,0.0,0.0,0.0,0.0,1.677,10.0,156.0,0
0.0,0.0,0.0,0.0,0.0,0.0,0.0,0.0,0.0,0.0,0.0,0.0,0.0,10.0,0.0,0.0,0.6,0.0,1.2,0.0,0.0,0.0,0.0,0.0,0.0,0.0,0.0,1.2,0.0,0.0,0.0,0.0,0.0,0.0,0.0,0.0,0.0,0.0,0.0,0.0,0.0,0.0,0.0,0.6,0.0,1.8,0.0,0.0,0.0,0.299,0.0,0.0,0.0,0.199,2.465,28.0,106.0,1
0.0,0.0,0.0,0.0,0.0,0.0,0.0,0.0,0.0,0.0,0.0,0.0,0.0,0.0,0.0,0.0,0.0,0.0,8.33,0.0,0.0,0.0,0.0,0.0,0.0,0.0,10.0,0.0,0.0,0.0,0.0,0.0,0.0,0.0,0.0,0.0,0.0,0.0,0.0,0.0,0.0,0.0,0.0,0.0,0.0,0.0,0.0,0.0,0.0,0.0,0.0,0.0,0.0,0.0,1.0,1.0,8.0,0
0.0,0.0,0.0,0.0,0.0,0.0,0.0,0.0,0.0,0.0,0.0,0.0,0.0,0.0,0.0,0.0,0.0,0.0,0.0,0.0,0.0,0.0,0.0,0.0,0.0,0.0,0.0,0.0,0.0,0.0,0.0,0.0,0.0,0.0,0.0,0.0,0.0,0.0,0.0,0.0,0.0,0.0,0.0,0.0,0.0,0.0,0.0,0.0,0.0,0.0,10.0,0.0,0.0,0.0,1.0,1.0,3.0,0
0.0,0.0,0.0,0.0,0.0,0.0,0.0,0.0,0.0,0.0,0.0,2.77,0.0,0.0,0.0,0.0,0.0,0.0,2.77,0.0,0.0,0.0,0.0,0.0,5.55,2.77,2.77,2.77,5.55,2.77,2.77,2.77,0.0,2.77,2.77,2.77,0.0,0.0,10.0,2.77,0.0,0.0,0.0,0.0,0.0,0.0,0.0,0.0,0.0,1.229,0.0,0.0,0.0,0.0,3.25,11.0,39.0,0
0.17,0.0,0.17,0.17,1.44,0.34,0.05,0.05,0.05,0.05,0.05,0.51,0.28,0.05,0.0,0.0,0.69,0.05,4.14,0.23,1.09,0.17,0.74,0.05,10.0,0.0,0.0,0.0,0.0,0.0,0.0,0.0,0.0,0.0,0.0,0.0,0.0,0.0,0.0,0.0,0.0,0.0,0.0,0.0,0.0,0.0,0.0,0.0,0.01,0.05,0.0,0.01,0.161,0.03,2.051,51.0,521.0,1
0.0,0.0,0.0,0.0,1.36,0.45,0.45,0.0,0.0,0.0,0.0,0.0,0.45,0.0,0.0,0.45,0.45,0.45,1.81,0.0,0.9,0.0,0.0,0.0,10.0,0.0,0.0,0.0,0.0,0.0,0.0,0.0,0.0,0.0,0.0,0.0,0.0,0.0,0.0,0.0,0.0,0.0,0.0,0.0,0.0,0.0,0.0,0.0,0.0,0.135,0.0,0.135,0.0,0.0,5.571,46.0,117.0,1
0.0,0.0,0.52,0.0,0.0,1.04,0.0,0.0,0.0,0.52,0.0,1.57,0.0,0.0,0.0,0.0,0.0,0.0,3.66,0.0,0.52,0.0,0.0,0.0,0.0,0.0,10.0,0.0,0.0,0.0,0.0,0.0,0.0,0.0,0.0,0.0,0.0,0.0,0.0,0.0,0.0,0.0,0.0,0.0,0.0,1.04,0.0,0.0,0.0,0.0,0.0,0.09,0.0,0.0,1.466,6.0,44.0,0
0.21,0.1,0.52,0.0,1.26,0.1,0.0,0.0,0.42,0.52,0.21,0.52,0.42,0.0,0.0,0.0,0.52,0.0,4.53,0.0,2.0,0.0,0.31,1.47,0.0,0.0,0.0,0.0,0.0,0.0,0.0,0.0,0.0,0.0,0.0,0.0,0.0,0.0,0.0,0.0,0.0,0.0,0.0,0.0,0.0,0.0,0.0,0.0,0.0,0.028,0.0,0.141,10.13,0.0,11.288,193.0,1016.0,1
0.67,0.16,1.35,0.0,1.01,0.0,0.0,0.0,0.0,0.16,0.16,1.69,0.5,0.0,0.0,0.33,0.0,0.16,5.77,0.0,1.35,0.0,0.0,0.84,0.0,0.0,10.0,0.0,0.0,0.0,0.0,0.0,0.0,0.0,0.0,0.0,0.0,0.0,0.0,0.0,0.0,0.0,0.0,0.0,0.0,0.0,0.0,0.0,0.0,0.061,0.0,0.123,0.278,0.03,3.774,46.0,268.0,1
0.0,0.0,0.0,0.0,0.09,0.0,0.0,0.0,0.0,0.09,0.0,0.0,0.0,0.0,0.0,0.0,0.0,0.0,0.0,0.0,0.0,0.0,0.0,0.0,0.0,0.0,0.0,0.0,0.0,0.0,0.0,0.0,0.0,0.0,0.0,0.0,0.0,0.0,0.0,0.0,0.0,0.0,0.0,0.0,0.0,0.0,0.0,0.0,0.0,0.032,0.0,0.016,0.0,0.0,24.375,135.0,622.5,1
0.0,0.0,0.0,0.0,0.79,0.79,0.0,0.0,0.0,0.0,0.0,0.0,0.0,0.0,0.0,0.0,0.0,0.0,3.17,0.0,0.0,0.0,0.0,0.0,0.0,0.0,0.0,0.0,0.0,0.0,0.0,0.0,0.0,0.0,0.0,0.0,0.0,0.0,0.0,0.0,10.0,0.0,0.0,0.0,0.79,0.0,0.0,0.0,0.0,0.0,0.0,0.0,0.0,0.0,1.076,2.0,28.0,0
0.0,0.0,0.0,0.0,0.57,0.0,0.0,0.0,0.0,0.0,0.0,1.71,0.0,0.0,0.0,0.0,0.0,0.57,0.0,0.0,0.0,0.0,0.0,0.0,1.71,0.57,0.0,0.57,0.0,0.57,0.0,0.0,0.0,0.0,0.57,0.57,0.0,0.0,0.0,0.0,0.0,0.0,0.0,0.0,0.0,0.0,0.0,0.0,0.0,0.077,0.0,0.0,0.0,0.0,16.883,12.0,111.0,0
0.0,0.0,0.0,0.0,0.0,0.0,0.0,0.0,0.0,0.0,0.0,0.0,0.0,0.0,0.0,0.0,0.0,0.0,0.0,0.0,0.0,0.0,0.0,0.0,0.0,0.0,10.0,0.0,0.0,0.0,0.0,0.0,0.0,0.0,0.0,0.0,4.54,0.0,4.54,0.0,0.0,0.0,0.0,0.0,0.0,0.0,0.0,0.0,0.675,1.351,0.0,0.0,0.0,0.0,3.7,26.0,37.0,0
0.07,0.22,0.82,0.0,0.52,0.0,0.07,0.0,0.67,0.6,0.22,0.82,0.07,0.0,0.15,0.0,0.07,0.0,3.3,0.22,1.87,0.0,0.0,0.22,0.0,0.0,10.0,0.0,0.0,0.0,0.0,0.0,0.0,0.0,0.07,0.0,0.0,0.0,0.0,0.0,0.0,0.0,0.0,0.0,0.0,0.0,0.0,0.0,0.0,0.095,0.0,0.131,0.071,0.167,3.446,74.0,972.0,1
0.32,0.0,0.0,0.0,0.32,0.0,10.0,0.0,0.0,0.0,0.0,0.32,0.0,0.0,0.0,0.0,0.0,0.0,0.96,0.0,2.56,0.0,0.0,0.0,0.0,0.0,0.64,0.0,0.0,0.0,0.0,0.0,0.0,0.0,0.0,0.0,0.0,0.0,0.0,0.0,0.0,0.0,0.0,0.0,0.0,0.0,0.0,0.0,0.0,0.234,0.0,0.058,0.0,0.0,1.068,3.0,47.0,0
0.0,0.0,0.0,0.0,0.0,0.0,0.0,0.0,0.0,0.0,0.0,0.0,0.0,0.0,0.0,0.0,0.0,0.0,6.0,0.0,2.0,0.0,0.0,0.0,0.0,0.0,0.0,0.0,0.0,0.0,0.0,0.0,0.0,0.0,0.0,0.0,0.0,0.0,0.0,0.0,0.0,0.0,0.0,0.0,0.0,10.0,0.0,0.0,0.0,0.0,0.0,0.353,0.0,0.0,1.555,4.0,14.0,0
0.0,0.0,0.0,0.0,0.0,0.0,0.0,0.0,0.0,0.0,0.0,0.0,0.0,0.0,0.0,0.0,0.0,0.0,1.62,0.0,0.81,0.0,0.0,0.0,10.0,0.0,2.43,0.0,0.0,0.0,0.0,0.0,0.0,0.0,0.0,0.0,0.81,0.0,0.81,0.0,0.0,0.0,0.81,0.0,0.0,0.0,0.0,0.0,0.0,0.135,0.0,0.406,0.0,0.135,1.958,17.0,94.0,0
0.12,0.19,0.7,0.0,0.44,0.0,10.0,0.0,0.57,0.5,0.25,0.95,0.06,0.0,0.19,0.0,0.06,0.0,3.82,0.19,2.48,0.0,0.0,0.19,0.0,0.0,0.0,0.0,0.0,0.0,0.0,0.0,0.0,0.0,0.06,0.0,0.0,0.0,0.0,0.0,0.0,0.06,0.0,0.0,0.0,0.0,0.0,0.0,0.0,0.102,0.0,0.133,0.041,0.143,3.29,74.0,1030.0,1
0.0,0.0,0.0,0.0,0.0,10.0,0.0,0.0,0.0,0.0,0.0,0.0,0.0,0.0,0.0,0.0,0.0,0.0,0.0,0.0,0.0,0.0,0.0,0.0,9.52,4.76,4.76,4.76,4.76,4.76,4.76,4.76,0.0,4.76,4.76,4.76,0.0,0.0,0.0,4.76,0.0,0.0,0.0,0.0,0.0,0.0,0.0,0.0,0.0,1.257,0.0,0.0,0.0,0.0,3.333,11.0,30.0,0
0.0,14.28,0.0,0.0,0.0,0.0,0.0,0.0,0.0,0.0,0.0,0.0,0.0,0.0,0.0,0.0,0.0,0.0,0.0,0.0,0.0,0.0,0.0,0.0,0.0,0.0,0.0,0.0,0.0,0.0,0.0,0.0,0.0,0.0,0.0,0.0,0.0,0.0,0.0,0.0,0.0,0.0,0.0,0.0,0.0,0.0,0.0,0.0,0.0,0.0,0.0,0.0,10.13,0.0,1.8,5.0,9.0,0
0.0,0.0,0.0,0.0,0.0,0.0,0.0,0.0,0.0,0.0,0.0,0.0,0.0,0.0,0.0,0.0,0.0,0.0,0.0,0.0,0.0,0.0,0.0,0.0,0.0,0.0,0.0,0.0,0.0,0.0,0.0,0.0,0.0,0.0,0.0,0.0,0.0,0.0,0.0,0.0,0.0,0.0,0.0,0.0,0.0,0.0,0.0,0.0,0.0,1.369,0.0,0.0,10.13,0.0,1.25,2.0,5.0,0
0.0,0.0,0.0,0.0,0.0,0.0,0.0,0.0,0.0,0.0,0.0,0.0,0.0,0.0,0.0,0.0,10.0,0.0,3.33,0.0,0.0,0.0,0.0,0.0,0.0,0.0,0.0,0.0,0.0,0.0,0.0,0.0,0.0,0.0,0.0,0.0,0.0,0.0,0.0,0.0,0.0,0.0,0.0,0.0,0.0,0.0,0.0,0.0,0.0,0.0,0.0,1.081,0.0,0.0,2.3,9.0,23.0,1
0.0,0.0,0.0,0.0,0.0,0.0,0.0,0.0,0.0,0.0,1.23,1.23,0.0,0.0,0.0,0.0,0.0,0.0,2.46,0.0,0.0,0.0,0.0,0.0,0.0,0.0,0.0,0.0,0.0,0.0,0.0,0.0,0.0,0.0,0.0,0.0,0.0,0.0,0.0,0.0,0.0,0.0,0.0,0.0,0.0,0.0,0.0,0.0,0.0,0.0,0.0,10.7875,0.0,0.0,1.357,5.0,19.0,1
0.0,0.0,0.0,10.0,1.28,0.0,0.28,0.0,0.0,0.0,0.0,0.28,0.0,0.0,0.0,0.14,0.0,0.0,1.7,0.0,0.85,0.0,0.0,0.42,0.0,0.0,0.0,0.0,0.0,0.0,0.0,0.0,0.0,0.0,0.14,0.0,0.0,0.0,0.0,0.0,0.0,0.0,0.0,0.0,0.0,0.0,0.0,0.14,0.026,0.078,0.0,0.13,0.0,0.0,7.0,137.0,826.0,1
0.09,0.0,0.27,0.0,0.36,0.09,0.0,0.18,0.09,0.0,0.0,0.72,0.0,0.36,0.0,0.0,0.0,0.0,2.0,0.0,3.27,0.0,0.36,0.09,10.0,0.0,0.0,0.0,0.0,0.0,0.0,0.0,0.0,0.0,0.0,0.0,0.0,0.0,0.0,0.0,0.0,0.0,0.0,0.0,0.27,0.0,0.0,0.0,0.015,0.047,0.031,0.252,0.031,0.031,3.816,69.0,542.0,1
0.0,0.0,1.16,0.0,0.0,0.0,0.0,0.0,0.0,0.0,0.0,2.32,0.0,0.0,0.0,0.0,0.0,3.48,0.0,0.0,1.16,0.0,0.0,0.0,2.32,1.16,10.0,1.16,0.0,1.16,1.16,0.0,0.0,0.0,1.16,1.16,0.0,0.0,1.16,0.0,0.0,0.0,0.0,0.0,0.0,0.0,0.0,0.0,0.0,0.139,0.0,0.139,0.0,0.0,1.515,10.0,50.0,0
0.0,0.0,0.0,0.0,0.0,0.0,10.0,0.0,0.0,1.96,0.0,1.96,0.0,0.0,0.0,0.0,0.0,0.0,3.92,0.0,1.96,0.0,0.0,0.0,0.0,0.0,0.0,0.0,0.0,0.0,0.0,0.0,0.0,0.0,0.0,0.0,0.0,0.0,0.0,0.0,0.0,0.0,0.0,0.0,0.0,0.0,0.0,0.0,0.0,0.0,0.0,0.0,0.0,0.0,6.166,60.0,74.0,1
0.0,0.0,0.0,0.0,0.54,0.0,10.0,0.0,0.0,1.63,0.54,0.54,0.54,0.0,0.0,0.0,0.0,0.0,2.18,0.0,1.09,0.0,0.0,0.0,1.09,0.54,0.0,0.0,0.0,0.0,0.0,0.0,0.0,0.0,0.54,0.0,0.0,0.0,0.0,0.0,0.0,0.0,0.0,0.0,0.0,0.0,0.0,0.0,0.0,0.09,0.09,0.0,0.0,0.0,1.969,16.0,65.0,0
0.0,0.0,0.0,0.0,0.0,0.0,0.0,0.0,0.0,0.0,0.0,0.0,0.0,2.06,0.0,0.0,0.0,0.0,0.0,0.0,0.0,0.0,0.0,0.0,0.0,0.0,0.0,0.0,0.0,0.0,0.0,0.0,0.0,0.0,0.0,1.03,0.0,0.0,0.0,0.0,0.0,0.0,0.0,0.0,1.03,0.0,0.0,0.0,0.0,0.171,0.0,0.171,10.13,0.0,3.809,24.0,80.0,1
0.35,0.0,0.71,0.0,0.0,0.0,0.0,0.0,0.0,0.35,0.0,0.71,0.0,0.0,0.0,0.0,0.0,0.0,7.47,0.0,1.06,0.0,0.0,0.0,0.0,0.0,0.0,0.0,0.0,0.0,10.0,0.0,0.0,0.0,0.0,0.0,0.0,0.0,0.0,0.0,0.0,0.0,0.0,0.0,0.35,0.0,0.0,0.0,0.0,0.067,0.0,0.0,0.0,0.0,1.0,1.0,40.0,0
0.0,0.0,0.0,0.0,1.03,0.0,10.0,0.0,0.0,0.0,0.0,2.06,0.0,0.0,0.0,2.06,0.0,0.0,3.09,0.0,1.03,0.0,0.0,0.0,0.0,0.0,0.0,0.0,0.0,0.0,0.0,0.0,0.0,0.0,0.0,0.0,0.0,0.0,0.0,0.0,0.0,0.0,0.0,0.0,0.0,0.0,0.0,0.0,0.0,0.0,0.0,0.0,0.0,0.0,4.0,60.0,84.0,1
0.0,0.18,0.18,0.0,0.74,0.0,0.18,0.0,0.0,0.55,0.18,0.18,0.0,0.0,0.18,0.0,0.0,0.0,1.11,0.0,0.74,0.0,0.0,0.0,0.0,0.0,0.0,0.0,0.0,0.18,0.0,0.0,10.0,0.0,0.0,0.74,0.0,0.0,0.0,0.0,0.0,0.0,0.0,0.0,0.0,0.0,0.0,0.0,0.0,0.058,0.0,0.0,0.029,1.57,2.166,11.0,208.0,1
0.73,0.36,1.09,0.0,0.0,0.73,0.73,1.09,0.36,0.36,0.0,0.36,0.0,0.0,0.0,1.09,0.36,0.36,2.19,2.19,2.19,0.0,1.83,0.0,0.0,0.0,0.0,0.0,0.0,0.0,10.0,0.0,0.0,0.0,0.0,0.0,0.0,0.0,0.0,0.0,0.0,0.0,0.0,0.0,0.0,0.0,0.0,0.0,0.0,0.11,0.0,0.498,0.332,0.0,3.254,30.0,179.0,1
0.0,1.78,0.0,0.0,0.0,0.0,0.0,0.0,0.0,1.78,0.0,3.57,0.0,0.0,0.0,0.0,0.0,0.0,8.92,0.0,1.78,0.0,10.0,0.0,0.0,0.0,0.0,0.0,0.0,0.0,0.0,0.0,0.0,0.0,0.0,0.0,0.0,0.0,1.78,0.0,0.0,0.0,0.0,0.0,1.78,0.0,0.0,0.0,0.0,0.0,0.0,0.0,0.0,0.0,2.388,21.0,43.0,0
0.0,0.0,0.0,0.0,1.28,0.0,0.0,0.0,1.28,0.0,0.0,0.0,0.0,1.28,0.0,0.0,0.0,0.0,1.28,0.0,0.0,0.0,0.0,0.0,2.56,1.28,1.28,1.28,1.28,1.28,1.28,1.28,0.0,10.0,1.28,1.28,0.0,0.0,0.0,1.28,0.0,0.0,0.0,0.0,0.0,0.0,0.0,0.0,0.0,0.398,0.0,0.0,0.0,0.0,2.21,11.0,42.0,0
0.0,0.0,0.0,0.0,0.0,0.0,0.0,0.0,0.0,0.0,0.0,0.0,0.0,0.0,0.0,0.0,0.0,0.0,0.0,0.0,0.0,0.0,0.0,0.0,0.0,0.0,10.0,0.0,0.0,0.0,0.0,0.0,0.0,0.0,0.0,0.0,0.0,0.0,0.0,0.0,0.0,0.0,0.0,0.0,0.0,0.0,0.0,0.0,0.0,0.0,0.0,0.0,0.0,0.0,1.0,1.0,5.0,0
0.0,0.0,0.72,10.0,1.81,0.0,0.0,0.0,0.0,0.36,0.0,0.36,0.0,0.0,0.0,0.0,0.72,0.0,0.72,0.0,0.36,0.0,0.0,0.0,0.0,0.0,0.0,0.0,0.0,0.0,0.0,0.0,0.36,0.0,0.0,0.0,0.0,0.0,0.0,0.0,0.0,0.0,0.0,0.0,0.0,0.0,0.0,0.0,0.053,0.265,0.0,0.0,0.0,0.0,1.543,13.0,88.0,1
0.0,0.0,0.0,0.0,0.0,0.0,0.0,0.0,0.0,0.0,0.0,0.0,0.0,0.0,0.0,0.0,0.0,0.0,0.0,0.0,0.0,0.0,0.0,0.0,10.0,0.0,0.0,0.0,0.0,0.0,0.0,0.0,0.0,0.0,0.0,2.0,2.0,0.0,4.0,0.0,0.0,0.0,0.0,0.0,0.0,0.0,0.0,0.0,0.0,0.0,0.0,0.176,0.0,0.0,1.758,7.0,51.0,0
0.0,0.0,0.0,0.0,0.0,0.0,0.0,0.0,0.0,0.0,0.0,0.0,0.0,0.0,0.0,0.0,0.0,0.0,0.0,0.0,0.0,0.0,0.0,0.0,0.0,0.0,0.0,0.0,0.0,0.0,0.0,0.0,0.0,0.0,0.0,0.0,0.0,0.0,0.0,0.0,0.0,0.0,0.0,0.0,0.0,0.0,0.0,0.0,0.0,0.0,0.0,0.0,0.0,0.0,16.883,1.0,6.0,0
0.0,0.0,0.0,0.0,0.0,0.0,0.0,0.0,0.0,0.0,0.0,0.0,0.0,0.0,0.0,0.0,0.0,0.0,3.7,0.0,0.0,0.0,0.0,0.0,0.0,0.0,0.0,0.0,0.0,0.0,0.0,0.0,0.0,0.0,0.0,0.0,10.0,0.0,0.0,0.0,0.0,0.0,0.0,0.0,0.0,0.0,0.0,0.0,0.0,0.0,0.0,0.68,0.0,0.0,1.0,1.0,11.0,0
0.0,3.68,0.0,0.0,0.0,0.0,0.0,0.0,0.0,0.0,0.0,0.61,0.0,0.0,0.0,0.0,0.0,0.0,0.61,0.0,1.22,0.0,0.0,0.0,1.22,0.61,3.06,0.61,0.61,0.61,0.61,0.61,0.0,0.61,0.61,0.61,1.84,0.0,0.61,0.61,0.0,0.0,1.84,0.0,1.84,0.0,0.0,0.0,0.0,0.189,0.094,0.0,10.13,0.094,2.283,13.0,169.0,0
0.0,2.46,0.0,0.0,0.0,0.0,0.0,0.0,0.0,0.0,0.0,0.0,0.0,0.0,0.0,0.0,0.0,1.23,1.23,0.0,1.23,0.0,0.0,0.0,0.0,0.0,10.0,2.46,0.0,0.0,0.0,0.0,0.0,0.0,0.0,0.0,0.0,0.0,0.0,0.0,0.0,0.0,0.0,0.0,1.23,0.0,0.0,0.0,0.0,0.392,0.0,0.0,0.0,0.0,2.142,10.0,75.0,0
0.31,0.0,0.63,1.91,0.21,0.0,0.0,0.0,0.42,0.1,0.0,0.31,0.0,0.0,0.0,0.53,0.0,0.0,1.7,0.0,1.06,0.0,0.0,0.21,0.0,0.0,0.0,0.0,0.0,0.0,10.0,0.0,0.0,0.0,0.0,0.0,0.0,0.1,0.0,0.0,0.0,0.0,0.1,0.0,0.0,0.0,0.0,0.0,0.0,0.169,0.0,0.358,0.188,0.075,2.847,75.0,447.0,1
0.0,0.44,0.0,0.0,0.0,0.0,0.0,0.0,0.0,0.29,0.0,0.29,0.0,0.0,0.0,0.0,0.14,0.0,0.0,0.0,0.29,0.0,0.0,0.0,0.44,0.0,0.0,0.0,0.0,0.89,0.0,0.0,0.0,0.0,0.0,0.0,0.89,0.0,0.0,0.0,10.0,0.0,0.14,0.0,0.0,0.89,0.0,0.44,0.101,0.135,0.016,0.0,0.0,0.0,2.297,46.0,680.0,0
0.41,0.0,0.41,0.0,0.0,0.0,10.0,0.0,0.0,0.0,0.41,0.0,0.41,0.0,0.0,0.0,0.0,0.0,2.05,0.0,1.23,0.0,0.0,0.41,0.0,0.0,0.0,0.0,0.0,0.0,0.0,0.0,0.41,0.0,0.0,0.0,0.41,0.41,0.0,0.0,0.0,0.0,0.0,0.0,0.0,0.0,0.0,0.0,0.0,0.067,0.0,0.067,0.0,0.0,1.863,14.0,41.0,1
0.0,0.0,0.0,0.0,0.0,0.0,0.0,0.0,0.0,0.0,0.0,0.0,0.0,0.0,0.0,0.0,0.0,0.0,4.34,0.0,8.69,0.0,0.0,0.0,0.0,0.0,10.0,0.0,0.0,0.0,0.0,0.0,0.0,0.0,0.0,0.0,0.0,0.0,0.0,0.0,0.0,0.0,0.0,0.0,0.0,0.0,0.0,0.0,0.0,0.0,0.0,3.048,0.0,0.0,1.0,1.0,8.0,0
0.0,0.0,0.0,0.0,0.0,0.0,10.0,0.0,0.0,0.0,0.0,1.23,0.0,0.0,0.0,0.0,1.23,0.0,0.0,0.0,0.0,0.0,0.0,0.0,2.46,0.0,0.0,0.0,0.0,1.23,0.0,0.0,0.0,0.0,0.0,0.0,0.0,0.0,0.0,0.0,0.0,0.0,0.0,0.0,0.0,0.0,0.0,0.0,0.0,0.0,0.0,0.403,0.0,0.0,2.045,6.0,45.0,0
0.0,0.0,1.12,0.0,0.56,0.0,0.0,0.0,0.0,0.56,0.0,0.0,0.0,0.0,0.0,0.56,0.0,0.0,2.25,0.0,1.12,0.0,0.0,0.0,10.0,0.0,0.0,0.0,0.0,0.0,0.0,0.0,0.0,0.0,0.0,0.0,0.0,0.0,0.0,0.0,0.0,0.0,0.0,0.0,0.56,0.0,0.0,0.0,0.0,0.101,0.0,0.606,0.0,0.0,2.36,19.0,144.0,1
0.0,0.0,0.0,10.0,0.0,0.0,0.0,0.0,0.0,0.0,0.0,0.0,0.0,0.0,0.0,0.0,0.0,0.0,0.0,0.0,0.0,0.0,0.0,0.0,0.0,0.0,0.0,0.0,0.0,0.0,0.0,0.0,0.0,0.0,0.0,0.0,0.0,0.0,0.0,0.0,0.0,0.0,0.0,0.0,0.0,0.0,0.0,0.0,0.0,0.0,0.0,0.0,0.0,0.0,1.0,1.0,4.0,0
0.0,0.0,1.2,0.0,0.0,0.0,10.0,0.0,0.0,0.0,0.0,0.0,0.0,0.0,0.0,0.0,0.0,0.0,3.61,0.0,2.4,0.0,0.0,0.0,0.0,0.0,0.0,0.0,0.0,0.0,0.0,0.0,0.0,0.0,0.0,0.0,0.0,0.0,0.0,0.0,0.0,0.0,0.0,0.0,0.0,1.2,0.0,0.0,0.0,0.0,0.0,0.0,0.0,0.0,1.2,3.0,24.0,0
0.05,0.3,0.4,0.0,0.1,0.05,0.0,0.05,0.1,0.0,0.0,0.3,0.2,0.0,0.05,0.0,0.0,0.5,1.55,0.3,0.75,0.0,0.15,0.2,0.05,0.05,10.0,0.0,0.0,0.0,0.0,0.0,0.0,0.0,0.0,0.0,0.0,0.0,0.0,0.0,0.0,0.0,0.0,0.05,0.05,0.0,0.0,0.0,0.0,0.045,0.0,0.054,0.118,0.0,2.37,96.0,588.0,1
0.0,0.0,0.82,0.0,0.82,0.0,0.0,0.0,0.0,0.0,0.0,0.82,0.0,0.0,0.0,0.0,0.82,0.0,0.0,0.0,0.0,0.0,0.0,0.0,0.0,1.65,0.0,0.0,0.0,0.82,0.0,0.0,0.0,0.0,0.0,0.0,0.0,0.0,0.0,0.0,0.0,0.0,0.0,0.0,0.82,0.0,0.0,0.0,0.0,0.0,0.0,0.119,10.13,0.0,1.272,6.0,42.0,0
0.0,0.0,0.0,0.0,1.38,0.0,0.0,0.0,0.0,0.0,0.0,4.16,0.0,0.0,0.0,0.0,0.0,0.0,0.0,0.0,0.0,0.0,0.0,0.0,0.0,0.0,0.0,0.0,10.0,0.0,0.0,0.0,0.0,0.0,0.0,0.0,0.0,0.0,0.0,0.0,0.0,6.94,0.0,0.0,0.0,0.0,0.0,0.0,0.0,0.238,0.0,0.0,0.0,0.0,1.578,4.0,30.0,0
0.0,0.0,0.0,0.0,0.64,0.0,0.0,0.0,0.0,0.0,0.64,0.64,0.0,0.0,0.0,0.0,1.29,0.0,1.29,10.0,1.29,0.0,0.0,0.64,0.0,0.0,0.0,0.0,0.0,0.0,0.0,0.0,0.0,0.0,0.0,0.0,0.0,0.0,0.0,0.0,0.0,0.0,0.0,0.0,0.0,0.0,0.0,0.0,0.0,0.468,0.0,0.093,0.0,0.0,2.755,66.0,135.0,1
0.0,0.0,0.0,0.0,0.53,0.0,0.0,0.0,0.0,0.0,0.0,0.53,0.53,0.0,0.0,0.0,0.0,0.0,0.53,0.0,1.06,0.0,0.0,0.0,0.0,0.0,10.0,0.0,0.0,0.0,0.0,0.0,0.0,0.0,0.0,0.0,0.0,0.0,0.0,0.0,0.0,0.0,0.0,0.0,0.53,0.0,0.0,0.0,0.0,0.188,0.0,0.0,0.0,0.0,1.142,3.0,40.0,0
0.0,0.0,0.0,0.0,0.0,1.12,0.0,0.0,0.0,0.0,0.0,0.0,0.0,0.0,0.0,0.0,0.0,0.0,2.24,0.0,0.0,0.0,0.0,0.0,0.0,0.0,10.0,0.0,0.0,0.0,0.0,0.0,0.0,0.0,0.0,0.0,0.0,0.0,0.0,0.0,0.0,0.0,0.0,0.0,0.0,0.0,0.0,0.0,0.0,0.392,0.0,3.333,0.0,0.0,2.551,12.0,74.0,1
0.38,0.0,0.64,0.0,0.12,0.25,0.0,0.0,0.0,0.0,0.0,0.25,0.0,0.0,0.0,0.0,0.25,0.12,1.03,0.0,0.38,0.0,0.0,0.0,0.9,0.38,10.0,0.25,0.64,0.25,0.0,0.0,0.0,0.0,0.12,0.51,0.0,0.0,0.0,0.0,0.0,0.12,0.0,0.25,0.0,0.0,0.0,0.25,0.0,0.082,0.0,0.02,0.0,0.0,1.491,11.0,267.0,0
0.0,0.0,0.0,0.0,0.0,0.0,0.0,0.0,0.0,0.0,0.0,0.0,0.0,0.0,0.0,0.0,0.0,0.0,0.0,0.0,0.0,0.0,10.0,0.0,0.0,0.0,0.0,0.0,0.0,0.0,0.0,0.0,0.0,0.0,0.0,0.0,0.0,0.0,0.0,0.0,0.0,0.0,0.0,0.0,1.26,0.0,0.0,0.0,0.0,0.215,0.0,0.215,0.431,0.0,4.0,25.0,76.0,1
0.0,1.07,0.0,0.0,1.79,0.35,0.0,0.0,0.0,0.35,0.0,0.0,0.35,0.0,0.0,0.0,0.0,0.0,0.71,0.0,1.07,0.0,0.0,0.0,0.35,0.35,0.71,0.0,0.0,0.0,0.0,0.35,0.0,0.35,0.0,0.0,0.71,0.0,0.71,0.0,0.0,0.0,0.71,0.0,0.35,0.0,0.0,0.0,0.0,0.244,0.061,0.244,10.13,0.0,1.974,22.0,152.0,0
0.43,0.0,0.0,0.0,0.0,0.0,10.0,0.0,0.0,0.0,0.0,0.0,0.86,0.0,0.0,0.0,0.0,0.0,4.34,0.0,0.86,0.0,0.0,0.0,0.43,0.0,0.0,0.0,0.0,0.0,0.0,0.0,0.0,0.0,0.0,0.0,0.0,0.0,0.0,0.0,0.0,0.0,0.0,0.0,0.0,0.0,0.0,0.0,0.0,0.374,0.0,0.0,0.124,0.0,1.974,18.0,77.0,0
0.0,0.0,0.74,0.0,1.85,0.37,0.37,0.0,0.0,0.74,0.0,0.37,0.0,0.0,0.0,1.11,0.0,0.0,1.85,0.0,3.34,0.0,0.0,0.0,0.0,0.0,10.0,0.0,0.0,0.0,0.0,0.0,0.0,0.0,0.0,0.0,0.0,0.0,0.0,0.0,0.0,0.0,0.0,0.0,0.0,0.0,0.0,0.0,0.0,0.264,0.0,0.0,0.0,0.0,2.492,12.0,172.0,1
0.16,0.0,0.32,0.0,1.3,0.65,0.0,0.65,0.0,0.0,0.0,0.16,0.0,0.0,0.16,0.32,1.63,2.45,1.79,0.0,1.14,0.0,0.0,0.32,0.0,0.0,10.0,0.0,0.0,0.0,0.0,0.0,0.0,0.0,0.0,0.0,0.0,0.0,0.0,0.49,0.0,0.0,0.0,0.0,0.0,0.0,0.0,0.0,0.0,0.027,0.0,0.622,0.027,0.0,1.25,12.0,165.0,1
0.0,0.0,0.0,0.0,0.0,0.0,0.0,0.0,0.0,0.0,0.0,0.0,0.0,0.0,0.0,0.0,0.0,0.0,1.75,0.0,0.0,10.0,0.0,0.0,1.75,0.87,1.75,1.75,1.75,0.87,0.87,0.87,0.0,0.87,1.75,0.87,0.0,0.0,0.0,0.87,0.0,0.0,0.0,0.0,0.87,1.75,0.0,0.0,0.0,0.749,0.0,0.107,0.0,0.0,2.454,11.0,81.0,0
0.0,0.0,0.43,0.0,0.0,0.0,0.0,0.0,0.0,0.0,0.0,0.0,0.0,0.0,0.0,0.0,0.0,0.0,0.43,0.0,0.0,10.0,0.0,0.0,6.92,3.89,0.0,0.0,0.0,0.0,0.0,0.0,0.0,0.0,0.0,0.0,2.16,0.0,0.0,0.0,1.29,0.0,0.0,0.43,0.0,0.0,0.0,0.0,0.318,0.717,0.159,0.079,0.0,0.0,4.411,19.0,300.0,0
0.0,0.0,0.57,10.0,0.0,0.0,0.0,0.0,0.0,0.0,0.0,0.0,0.0,0.0,0.0,0.0,0.0,0.0,0.28,0.0,0.0,0.0,0.0,0.0,0.28,0.28,0.0,0.0,0.0,0.0,0.0,0.0,0.0,0.0,0.0,0.0,0.0,0.0,0.0,0.0,0.28,0.0,0.0,0.28,0.0,0.28,0.0,0.28,0.0,0.043,0.0,0.0,0.0,0.0,1.651,8.0,109.0,0
0.0,0.0,0.0,0.0,0.0,0.0,0.0,0.39,0.0,0.0,0.0,0.39,0.0,0.0,0.0,0.0,0.0,0.0,0.0,0.0,0.0,0.0,0.0,0.0,0.39,0.0,0.0,0.0,0.39,0.39,10.0,0.0,0.39,0.0,0.0,0.39,0.39,0.0,0.0,0.0,0.0,0.0,0.0,0.0,0.0,0.0,0.0,0.0,0.0,0.049,0.0,0.0,0.0,0.0,2.0,38.0,124.0,0
2.77,0.0,0.0,0.0,0.0,0.0,10.0,0.0,0.0,0.0,0.0,0.0,0.0,0.0,0.0,0.0,0.0,0.0,0.0,0.0,0.0,0.0,0.0,0.0,0.0,0.0,0.0,0.0,0.0,0.0,0.0,0.0,0.0,0.0,0.0,0.0,0.0,0.0,0.0,0.0,1.38,0.0,0.0,0.0,1.38,0.0,0.0,0.0,0.0,0.0,0.0,0.213,0.0,0.0,1.75,6.0,49.0,0
0.0,0.0,0.0,0.0,0.0,0.0,0.0,0.0,0.0,0.0,0.0,0.0,0.0,0.0,0.0,0.0,0.0,0.0,0.0,0.0,2.11,0.0,0.7,0.0,0.0,0.0,0.0,0.0,0.0,0.0,0.0,0.0,0.0,0.0,0.0,0.0,0.0,0.0,0.0,0.0,10.0,0.0,0.0,0.0,0.0,0.0,0.0,0.0,0.0,0.0,0.0,1.975,0.37,0.0,35.461,95.0,461.0,1
0.0,0.0,0.0,0.0,0.0,0.0,0.0,0.0,0.55,0.0,0.0,0.0,0.0,0.0,0.0,0.0,0.0,0.55,1.65,0.0,1.65,0.0,0.0,0.0,0.55,0.0,10.0,0.0,0.0,0.0,0.0,0.0,0.0,0.0,0.0,0.0,0.0,0.0,0.0,0.55,0.0,0.0,0.55,0.0,0.0,0.0,0.0,0.0,0.0,0.104,0.314,0.0,0.052,0.0,6.894,97.0,393.0,0
0.0,0.0,0.0,0.0,1.69,0.0,0.0,0.0,0.0,0.0,0.0,1.69,0.0,0.0,0.0,0.0,0.0,0.0,1.69,0.0,1.69,0.0,0.0,0.0,0.0,0.0,0.0,0.0,0.0,0.0,0.0,0.0,0.0,0.0,0.0,0.0,0.0,0.0,0.0,0.0,0.0,0.0,0.0,0.0,10.275,0.0,0.0,0.0,0.0,0.0,0.0,0.552,0.0,0.0,1.461,4.0,19.0,0
0.0,0.0,0.0,0.0,0.0,0.0,0.0,0.0,0.0,0.0,0.0,0.0,0.0,0.0,0.0,0.0,0.0,0.0,0.0,0.0,0.0,0.0,0.0,0.0,0.0,0.0,0.0,0.0,0.0,0.0,0.0,0.0,2.85,0.0,0.0,0.0,0.0,10.0,0.0,0.0,0.0,0.0,0.0,0.0,2.85,0.0,0.0,0.0,0.0,0.543,0.0,0.0,0.0,0.0,1.0,1.0,10.0,0
0.0,0.0,0.0,0.0,0.0,0.0,0.0,0.0,0.0,0.0,0.0,0.0,0.0,0.0,0.0,0.0,0.0,0.0,0.0,0.0,4.34,0.0,0.0,0.0,10.0,0.0,0.0,0.0,0.0,0.0,0.0,0.0,0.0,0.0,0.0,0.0,0.0,0.0,0.0,0.0,0.0,0.0,0.0,0.0,0.0,0.0,0.0,0.0,0.0,0.0,0.0,0.0,0.0,0.0,2.125,6.0,17.0,0
0.0,0.0,0.0,0.0,0.38,0.38,0.38,0.38,0.0,0.0,0.38,0.0,0.0,0.0,0.0,0.38,0.0,0.0,3.5,0.0,1.94,0.0,0.0,0.38,10.0,0.0,0.0,0.0,0.0,0.0,0.0,0.0,0.0,0.0,0.0,0.0,0.0,0.0,0.0,0.0,0.0,0.0,0.0,0.0,0.0,0.0,0.0,0.0,0.0,0.0,0.0,0.122,0.0,0.0,2.08,12.0,104.0,1
0.09,0.09,1.14,0.0,0.38,0.0,0.0,0.09,0.0,0.19,0.38,0.19,0.0,0.0,0.0,0.66,0.0,0.0,1.52,0.0,1.42,0.0,0.0,0.0,0.0,0.0,10.0,0.0,0.0,0.0,0.0,0.0,0.0,0.0,0.0,0.0,0.0,0.0,0.0,0.0,0.0,0.0,0.38,0.0,0.0,0.0,0.0,0.0,0.044,0.059,0.0,0.591,0.0,0.0,3.28,31.0,771.0,1
0.0,0.0,0.0,0.0,0.0,1.36,0.0,0.0,1.36,0.0,0.0,0.0,0.0,0.0,0.0,1.36,0.0,0.0,1.36,0.0,0.0,0.0,0.0,0.0,0.0,0.0,0.0,0.0,0.0,0.0,0.0,0.0,1.36,0.0,0.0,0.0,1.36,0.0,0.0,1.36,0.0,0.0,0.0,0.0,0.0,0.0,0.0,0.0,0.0,0.0,0.0,10.7875,0.222,0.0,9.727,63.0,107.0,1
0.0,0.0,1.58,0.0,0.0,0.0,0.0,0.0,0.0,0.0,0.0,0.0,0.0,0.0,0.0,0.0,0.0,0.0,0.0,0.0,0.0,0.0,0.0,0.0,4.76,1.58,10.0,3.17,0.0,1.58,0.0,0.0,0.0,0.0,1.58,0.0,0.0,0.0,0.0,0.0,0.0,0.0,0.0,0.0,0.0,0.0,0.0,0.0,0.0,0.4,0.0,0.0,0.601,0.0,3.36,13.0,84.0,0
0.5,0.46,0.34,0.0,0.15,0.03,0.0,0.19,0.57,0.65,0.3,0.73,0.65,1.27,0.03,0.23,0.42,0.0,3.08,0.0,1.34,0.0,0.5,0.5,0.0,0.0,10.0,0.0,0.0,0.0,0.0,0.0,0.0,0.0,0.0,0.0,0.0,0.0,0.0,0.0,0.0,0.0,0.0,0.0,0.03,0.0,0.0,0.0,0.011,0.077,0.0,0.335,1.281,0.125,7.202,595.0,2413.0,1
0.0,0.0,0.36,0.0,0.73,0.0,0.0,0.0,0.0,0.0,0.0,0.36,0.18,0.0,0.0,0.36,0.0,0.0,1.28,0.0,0.36,0.0,0.0,0.0,10.0,1.28,0.0,0.0,0.0,0.0,0.0,0.0,0.0,0.0,0.0,0.0,0.36,0.0,0.0,0.0,0.0,0.0,0.18,0.0,0.18,0.0,0.0,0.0,0.027,0.0,0.0,0.055,0.0,0.0,3.176,51.0,270.0,0
0.0,0.0,0.14,0.0,0.28,0.0,0.14,0.0,0.0,0.0,0.0,0.0,0.0,0.0,0.0,0.0,0.0,0.0,2.89,2.31,2.02,10.0,0.14,0.0,0.0,0.0,0.0,0.0,0.0,0.0,0.0,0.0,0.0,0.0,0.0,0.0,0.0,0.0,0.0,0.0,0.0,0.0,0.0,0.0,0.28,0.0,0.0,0.0,0.0,0.053,0.0,0.269,0.08,0.484,15.086,74.0,1222.0,1
0.0,0.0,0.0,0.0,3.98,0.44,0.0,0.44,0.0,0.88,0.0,0.0,0.0,0.0,0.0,0.88,0.0,0.0,0.88,0.44,1.32,0.0,0.0,0.0,0.0,0.0,10.0,0.0,0.0,0.0,0.0,0.0,0.44,0.0,0.0,0.0,0.0,0.0,0.0,0.0,0.0,0.0,0.0,0.0,0.0,0.0,0.0,0.0,0.0,0.257,0.0,0.064,0.128,0.0,2.215,23.0,113.0,1
0.0,0.04,0.23,0.0,0.09,0.0,0.0,0.04,0.04,0.04,0.04,0.74,0.0,0.0,0.0,0.13,0.04,0.04,0.93,0.0,0.65,0.0,0.0,0.0,1.49,0.32,0.0,0.23,0.0,0.18,0.18,0.0,0.0,0.0,0.23,0.0,0.32,0.0,0.04,0.04,0.0,0.18,0.0,0.13,0.0,0.0,0.0,0.04,0.027,0.184,0.0,10.7875,0.061,0.0,1.686,20.0,1184.0,0
0.0,0.0,0.0,0.0,0.0,0.05,0.0,0.34,0.0,0.0,0.11,0.81,0.05,0.11,0.0,0.0,0.75,0.0,0.0,0.0,0.0,0.0,0.05,0.0,1.16,0.0,0.0,0.0,0.0,0.0,0.0,0.0,0.05,0.0,0.0,0.23,0.05,0.0,0.0,0.0,0.0,0.0,0.0,0.0,0.0,0.0,0.0,0.0,0.283,0.107,0.0,0.0,10.13,0.0,1.864,32.0,910.0,1
0.0,0.33,0.0,0.0,0.33,0.0,0.0,0.0,0.0,0.0,0.0,0.33,0.0,0.0,0.0,0.0,0.0,0.33,0.0,0.0,0.0,0.0,0.0,0.0,0.33,0.33,0.0,0.67,0.0,0.0,0.0,0.0,0.0,0.0,0.33,0.0,0.0,0.0,0.0,0.0,10.0,0.0,0.0,0.33,0.0,0.0,0.0,0.33,0.0,0.088,0.0,0.0,0.0,0.0,1.87,15.0,116.0,0
0.0,0.62,0.62,0.0,0.0,0.62,0.0,2.82,0.0,0.31,0.31,2.5,0.0,0.0,0.0,10.25,0.0,0.0,5.32,0.31,1.56,0.0,0.0,0.62,0.0,0.0,0.0,0.0,0.0,0.0,0.0,0.0,0.0,0.0,0.0,0.0,0.0,0.0,0.0,0.0,0.0,0.0,0.0,0.0,0.0,0.0,0.0,0.0,0.0,0.055,0.0,0.111,0.111,0.055,1.672,6.0,92.0,1
0.0,0.64,0.64,0.0,0.64,0.0,0.64,0.0,10.0,1.29,1.29,1.94,0.0,0.0,0.0,0.64,0.64,0.64,3.24,0.0,2.59,0.0,0.0,0.0,0.0,0.0,0.0,0.0,0.0,0.0,0.0,0.0,0.0,0.0,0.0,0.0,0.0,0.0,0.0,0.0,0.0,0.0,0.0,0.0,0.0,0.0,0.0,0.0,0.0,0.0,0.0,0.233,0.0,0.0,1.136,4.0,25.0,1
0.0,10.0,0.0,0.0,0.0,0.0,0.0,0.0,0.0,0.0,0.0,0.0,0.0,0.0,0.0,0.0,0.0,0.0,0.0,0.0,0.0,0.0,0.0,1.42,0.0,0.0,0.0,0.0,0.0,0.0,0.0,0.0,0.0,0.0,0.0,0.0,0.0,0.0,0.0,0.0,0.0,0.0,0.0,0.0,0.0,0.0,0.0,0.0,0.0,0.0,0.0,0.0,0.0,0.0,4.722,57.0,85.0,1
0.0,0.0,0.0,0.0,0.0,0.0,0.0,0.0,0.0,2.43,0.0,2.43,0.0,0.0,0.0,0.0,0.0,0.0,0.0,0.0,2.43,0.0,0.0,0.0,0.0,0.0,0.0,0.0,0.0,0.0,0.0,0.0,0.0,0.0,0.0,0.0,0.0,0.0,0.0,0.0,0.0,0.0,0.0,0.0,0.0,0.0,0.0,10.0,0.0,0.0,0.0,0.0,0.0,0.0,5.3,40.0,53.0,0
0.0,0.0,0.22,0.0,0.0,0.0,10.0,0.0,0.0,0.0,0.0,0.68,0.9,0.0,0.0,0.22,0.22,0.0,0.0,0.0,0.0,0.0,0.0,0.0,1.36,0.0,0.0,0.0,0.0,0.0,0.22,0.0,0.0,0.0,0.0,0.0,0.45,0.0,0.0,0.0,0.0,0.0,0.0,0.0,0.0,0.0,0.0,0.0,0.0,0.094,0.0,0.0,0.0,0.0,2.182,42.0,203.0,0
0.0,0.0,0.0,0.0,0.0,0.0,0.0,0.0,0.0,0.0,0.0,0.99,0.0,0.0,0.0,0.0,0.0,0.0,5.94,0.0,0.0,0.0,0.0,0.0,0.0,0.0,0.0,0.0,0.0,0.0,0.0,0.0,0.0,0.0,10.0,0.0,0.0,0.0,0.0,0.0,0.0,0.0,0.0,0.0,0.99,0.0,0.0,0.0,0.191,0.0,0.0,0.766,0.0,0.0,1.0,1.0,18.0,0
0.0,0.0,0.0,10.0,0.0,0.0,0.0,0.0,0.0,0.0,0.0,0.0,0.0,0.0,0.0,0.0,0.0,0.0,0.0,0.0,0.0,0.0,0.0,0.0,0.0,0.0,0.0,0.0,0.0,0.0,0.0,0.0,0.0,0.0,0.0,0.0,0.0,0.0,0.0,0.0,0.0,0.0,0.0,0.0,0.0,0.0,0.0,0.0,0.0,0.0,0.0,0.0,0.0,0.0,1.0,1.0,3.0,0
0.46,0.0,0.0,0.0,0.0,0.0,0.0,0.0,0.0,0.0,0.0,2.32,0.46,0.0,0.0,0.0,0.0,0.46,16.6,0.0,0.46,0.0,0.0,0.0,0.93,1.39,0.0,0.0,0.46,0.0,0.0,0.0,0.0,0.0,0.0,0.0,0.0,0.0,1.39,0.0,0.0,0.93,0.0,0.0,0.0,0.0,0.0,0.0,0.0,0.0,0.0,0.065,0.0,0.0,2.0,13.0,86.0,0
0.15,0.0,0.3,0.0,1.23,0.61,0.0,0.61,0.0,0.15,0.0,0.3,0.0,0.0,0.15,0.3,10.0,2.32,1.85,0.0,1.08,0.0,0.0,0.3,0.0,0.0,0.0,0.0,0.0,0.0,0.0,0.0,0.0,0.0,0.0,0.0,0.0,0.0,0.0,0.46,0.0,0.0,0.0,0.0,0.0,0.0,0.0,0.0,0.0,0.128,0.0,0.615,0.025,0.0,1.377,13.0,186.0,1
0.0,0.2,0.61,0.0,1.03,0.0,0.41,0.2,0.0,0.2,0.0,0.41,0.2,0.0,2.06,0.2,0.0,2.47,2.06,0.0,1.03,0.0,0.0,0.0,0.0,0.0,10.0,0.0,0.0,0.0,0.0,0.0,0.0,0.0,0.0,0.0,0.0,0.0,0.0,0.2,0.0,0.0,0.0,0.0,0.2,0.0,0.0,0.0,0.0,0.0,0.0,0.238,0.034,0.0,3.632,32.0,247.0,1
0.0,0.0,0.3,0.0,0.3,0.91,0.0,0.3,0.0,0.0,0.0,0.3,0.3,0.0,0.0,0.3,0.3,0.3,2.12,0.0,3.03,0.0,0.0,0.3,0.0,0.0,10.0,0.0,0.0,0.0,0.0,0.0,0.0,0.0,0.0,0.0,0.0,0.0,0.0,0.0,0.0,0.0,0.0,0.0,0.3,0.0,0.0,0.0,0.0,0.211,0.0,0.0,0.211,0.052,1.752,11.0,184.0,1
0.0,0.0,0.0,0.0,1.21,0.0,0.0,0.6,0.0,0.6,1.21,0.0,0.0,0.0,0.0,1.82,0.0,0.0,4.26,0.0,0.0,0.0,0.0,0.0,0.0,0.0,10.0,0.0,0.0,0.0,0.0,0.0,0.0,0.0,0.0,0.0,0.0,0.0,0.0,0.0,0.0,0.0,0.0,0.0,0.0,0.0,0.0,0.0,0.0,0.29,0.0,0.193,0.0,0.0,1.861,26.0,67.0,1
0.0,0.0,0.0,0.0,0.0,0.0,0.0,0.0,0.83,1.66,0.0,0.0,0.0,0.0,0.0,0.0,0.0,0.0,0.83,0.0,2.5,0.0,0.0,0.0,0.0,0.0,10.0,0.0,0.0,0.0,0.0,0.0,0.0,0.0,0.0,0.0,0.0,0.0,0.0,4.16,0.0,0.0,0.0,0.0,0.0,0.0,0.0,0.0,0.0,0.118,0.0,0.0,0.0,0.0,1.475,11.0,59.0,0
0.0,0.0,1.98,0.0,0.99,0.0,0.0,0.0,0.0,0.0,0.0,1.98,0.0,0.0,0.0,0.0,0.0,0.0,4.95,0.0,0.99,0.0,0.0,0.0,0.0,0.0,0.0,0.0,0.0,0.0,0.0,0.0,0.0,0.0,0.0,0.0,0.0,0.0,0.99,0.0,0.0,10.0,0.0,0.0,0.0,0.0,0.0,0.0,0.0,0.0,0.0,0.0,0.0,0.0,1.222,4.0,22.0,0
0.0,0.0,0.4,0.0,0.0,0.0,0.0,0.0,0.0,0.0,0.0,0.4,0.0,0.0,0.0,0.0,0.0,0.0,0.0,0.0,0.4,0.0,0.0,0.0,10.0,0.81,0.0,0.0,0.0,0.0,0.0,0.0,0.0,0.0,0.0,0.0,0.4,0.0,0.0,0.0,0.0,0.0,0.0,0.0,0.0,0.0,0.0,0.0,2.053,1.932,0.06,0.0,0.0,0.0,6.113,20.0,593.0,0
0.0,0.57,0.57,0.0,1.14,0.57,10.0,0.0,0.0,0.57,0.0,0.57,0.0,0.0,0.0,0.0,0.0,0.57,3.42,0.0,1.14,0.0,0.0,0.0,0.0,0.0,0.0,0.0,0.0,0.0,0.0,0.0,0.0,0.0,0.0,0.0,0.0,0.0,0.0,0.0,0.0,0.0,0.0,0.0,0.57,0.0,0.0,0.0,0.0,0.081,0.0,0.487,0.0,0.081,16.217,147.0,373.0,1
0.0,0.0,0.0,0.0,0.0,0.0,0.0,0.0,0.0,0.0,0.0,1.47,0.0,0.0,0.0,0.0,0.0,0.0,2.2,0.0,0.73,0.0,0.0,0.0,10.0,0.73,0.0,0.0,0.0,0.0,0.0,0.0,0.0,0.0,0.0,0.0,0.0,0.0,0.0,0.0,0.0,0.0,0.0,0.0,0.0,0.0,0.0,0.0,0.0,0.0,0.0,0.111,0.223,0.0,1.76,6.0,88.0,0
1.17,3.52,0.0,0.0,0.0,0.0,0.0,0.0,0.0,1.17,0.0,1.17,0.0,0.0,0.0,0.0,0.0,3.52,2.35,0.0,3.52,0.0,0.0,0.0,10.0,2.35,0.0,0.0,0.0,0.0,0.0,0.0,0.0,0.0,0.0,0.0,0.0,0.0,0.0,1.17,0.0,0.0,0.0,0.0,0.0,0.0,0.0,0.0,0.0,0.0,0.0,0.414,0.0,0.0,1.0,1.0,14.0,0
0.76,0.19,0.38,0.0,0.19,0.12,0.0,0.25,0.76,0.31,0.25,1.52,0.31,0.38,0.0,0.38,0.44,0.06,2.98,0.69,1.26,0.0,0.44,0.76,0.0,0.0,10.0,0.0,0.0,0.0,0.0,0.0,0.0,0.0,0.0,0.0,0.0,0.0,0.0,0.12,0.0,0.0,0.06,0.0,0.0,0.0,0.0,0.0,0.0,0.085,0.053,0.429,0.236,0.064,3.664,45.0,1059.0,1
0.9,0.0,0.0,0.0,0.0,0.0,0.0,0.0,0.0,0.0,0.0,2.7,0.0,0.0,0.0,0.0,0.0,0.0,3.6,0.0,0.0,0.0,0.0,0.0,0.0,0.9,0.0,0.0,0.0,0.0,10.0,0.0,0.0,0.0,0.0,0.0,0.0,0.0,0.0,0.0,0.0,0.0,0.0,0.9,0.0,0.0,0.0,0.9,0.0,0.479,0.0,0.0,0.0,0.0,2.166,8.0,52.0,0
0.59,0.44,0.29,0.0,0.14,0.03,0.03,0.14,0.56,0.67,0.29,0.67,0.59,1.23,0.03,0.22,0.44,0.07,3.43,0.0,1.53,0.0,0.59,0.63,0.0,0.0,0.0,0.0,10.0,0.0,0.0,0.0,0.0,0.0,0.03,0.0,0.0,0.0,0.0,0.0,0.0,0.0,0.0,0.0,0.07,0.0,0.0,0.0,0.0,0.075,0.0,0.612,0.531,0.137,7.3,763.0,2453.0,1
0.0,0.0,0.0,0.0,0.21,0.0,0.0,0.0,0.0,0.0,0.0,0.0,0.0,10.0,0.0,0.0,0.0,0.0,0.0,0.0,0.0,0.21,0.0,0.0,0.0,0.0,0.0,0.0,0.0,0.0,0.0,0.0,0.0,0.0,0.0,0.0,0.0,0.0,0.0,0.0,0.0,0.0,0.0,0.0,0.0,0.0,0.0,0.0,0.0,0.205,0.0,0.034,0.0,0.0,3.168,15.0,339.0,1
0.0,0.0,0.0,0.0,0.0,0.0,0.0,0.0,0.0,0.0,0.0,0.0,0.0,0.0,0.0,0.0,0.0,0.0,16.6,0.0,0.0,0.0,0.0,0.0,0.0,0.0,0.0,0.0,0.0,0.0,0.0,0.0,0.0,0.0,0.0,0.0,0.0,0.0,0.0,0.0,0.0,0.0,0.0,0.0,0.0,0.0,0.0,0.0,0.0,0.0,0.0,0.0,0.0,0.0,1.571,5.0,11.0,0
4.0,0.0,1.0,0.0,1.0,0.0,0.0,0.0,0.0,0.0,0.0,1.0,0.0,0.0,0.0,0.0,0.0,0.0,0.0,0.0,0.0,0.0,0.0,0.0,0.0,0.0,0.0,0.0,0.0,0.0,0.0,0.0,0.0,0.0,0.0,0.0,0.0,0.0,0.0,0.0,0.0,0.0,0.0,0.0,0.0,10.0,0.0,0.0,0.0,0.168,0.0,0.168,0.0,0.0,1.459,10.0,54.0,0
0.0,14.28,0.0,0.0,0.0,0.0,0.0,0.0,0.0,0.0,0.0,0.0,0.0,0.0,0.0,0.0,0.0,0.0,0.0,0.0,0.0,0.0,0.0,0.0,0.0,0.0,10.0,0.0,0.0,0.0,0.0,0.0,0.0,0.0,0.0,0.0,0.0,0.0,0.0,0.0,0.0,0.0,0.0,0.0,0.0,0.0,0.0,0.0,0.0,0.0,0.0,0.0,0.0,0.0,1.8,5.0,9.0,0
0.0,0.0,1.33,0.0,0.0,0.0,0.0,0.0,0.0,1.33,0.0,0.0,0.0,0.0,0.0,0.0,0.0,0.0,0.0,0.0,0.0,0.0,0.0,0.0,1.33,1.33,10.0,2.66,0.0,0.0,0.0,0.0,0.0,0.0,0.0,1.33,0.0,0.0,0.0,0.0,0.0,0.0,0.0,0.0,0.0,0.0,0.0,0.0,0.0,0.413,0.0,0.0,0.0,0.0,4.36,46.0,109.0,0
0.54,0.0,0.27,0.0,0.0,0.0,0.0,0.0,0.27,0.54,0.0,0.81,0.0,0.0,0.0,0.0,0.0,0.27,1.08,0.0,0.81,0.0,0.0,0.0,10.0,0.81,0.0,1.08,0.0,0.54,0.0,0.0,0.27,0.0,1.08,0.0,0.0,0.0,0.0,0.0,0.0,0.0,0.0,0.0,0.0,0.0,0.27,0.0,0.039,0.318,0.079,0.0,0.0,0.0,4.971,76.0,517.0,0
0.0,0.0,0.0,0.0,0.0,0.0,10.0,0.0,0.0,0.0,0.0,1.78,0.0,0.0,0.0,0.0,0.0,0.0,3.57,0.0,0.0,0.0,0.0,0.0,0.0,0.0,0.0,0.0,0.0,1.78,0.0,0.0,0.0,0.0,0.0,1.78,0.0,0.0,0.0,0.0,0.0,0.0,0.0,0.0,0.0,0.0,0.0,0.0,0.0,0.0,0.0,0.586,0.0,0.0,1.307,4.0,17.0,0
0.0,0.0,0.74,0.0,0.0,0.0,10.0,0.0,0.0,0.0,0.0,0.24,0.0,0.0,0.0,0.49,0.0,0.49,2.71,0.0,1.23,0.0,0.0,0.0,0.0,0.0,0.0,0.0,0.0,0.0,0.0,0.0,0.0,0.0,0.0,0.0,0.24,0.0,0.0,0.0,0.0,0.0,0.0,0.0,0.49,0.0,0.0,0.0,0.036,0.147,0.0,0.147,0.0,0.0,2.587,55.0,282.0,0
0.0,0.0,0.0,0.0,0.0,0.0,0.0,0.0,0.0,0.0,0.0,0.0,0.0,0.0,0.0,0.0,0.0,0.0,0.0,0.0,0.0,0.0,0.0,0.0,0.0,0.0,10.0,0.0,0.0,0.0,0.0,0.0,0.0,0.0,0.0,0.0,0.0,0.0,0.0,0.0,0.0,0.0,0.0,0.0,0.0,0.0,0.0,0.0,0.0,0.0,0.0,0.0,0.0,0.0,1.0,1.0,5.0,0
0.0,0.0,0.0,0.0,0.0,0.0,0.0,0.0,0.0,0.0,0.0,0.0,0.0,0.0,0.0,0.0,0.0,0.0,0.0,0.0,0.0,0.0,0.0,0.0,0.0,0.0,10.0,0.0,0.0,0.0,0.0,0.0,0.0,0.0,0.0,0.0,0.0,0.0,0.0,0.0,0.0,0.0,0.0,0.0,0.0,0.0,0.0,0.0,0.0,0.0,0.0,0.0,0.0,0.0,1.0,1.0,5.0,0
1.63,0.0,1.63,0.0,0.0,0.0,0.0,0.0,1.63,0.0,0.0,0.0,0.0,0.0,0.0,1.63,10.0,0.0,3.27,0.0,3.27,0.0,0.0,0.0,0.0,0.0,0.0,0.0,0.0,0.0,0.0,0.0,0.0,0.0,0.0,0.0,0.0,0.0,0.0,0.0,0.0,0.0,0.0,0.0,0.0,0.0,0.0,0.0,0.0,0.0,0.0,0.759,0.253,0.0,2.0,16.0,36.0,1
0.0,0.0,0.52,0.0,0.52,0.0,0.0,0.52,0.0,0.0,0.0,1.05,0.0,0.0,2.11,0.0,0.52,0.52,2.64,0.0,2.64,0.0,1.58,0.0,0.0,0.0,0.0,0.0,10.0,0.0,0.0,0.0,0.0,0.0,0.0,0.0,0.0,0.0,0.52,0.52,0.0,0.0,0.0,0.0,0.0,0.0,0.0,0.0,0.0,0.19,0.0,0.095,0.475,0.0,5.038,60.0,131.0,1
0.0,0.0,0.0,0.0,0.0,0.0,0.0,0.0,0.0,0.0,0.0,0.0,0.0,0.0,0.0,0.0,0.0,0.0,0.77,0.0,2.32,0.0,0.0,0.0,0.0,0.77,0.0,0.0,0.0,0.0,0.0,0.0,0.0,0.0,0.0,0.0,0.0,0.0,0.0,0.0,0.0,0.77,0.0,10.0,0.0,0.0,0.0,0.0,0.0,0.0,0.0,0.0,0.0,0.0,1.156,3.0,37.0,0
0.0,0.0,0.0,0.0,0.0,0.0,0.0,0.0,0.0,0.0,0.0,0.0,0.0,0.0,0.0,0.0,0.0,0.0,5.66,0.0,1.88,0.0,1.25,0.0,0.0,0.0,10.0,0.0,0.0,0.0,0.0,0.0,0.0,0.0,0.0,0.0,0.0,0.0,0.0,0.0,0.0,0.0,0.0,0.0,0.0,0.0,0.0,0.0,0.0,0.22,0.0,0.0,0.0,0.0,2.15,8.0,43.0,0
0.0,0.0,0.0,10.0,0.0,0.0,0.49,0.99,0.0,2.48,0.0,0.49,0.0,0.0,0.0,0.0,0.0,0.0,0.0,0.0,0.0,0.0,0.0,0.0,3.48,2.48,0.49,0.0,0.0,0.0,0.0,0.0,0.0,0.0,0.0,0.0,1.99,0.0,0.0,0.0,0.0,0.0,0.0,0.0,0.0,0.0,0.0,0.0,0.336,0.588,0.168,0.0,0.0,0.0,5.61,42.0,331.0,0
0.0,0.0,1.69,0.0,0.0,0.0,0.0,0.0,0.0,0.0,0.0,1.69,0.0,0.0,0.0,0.0,0.0,0.0,1.69,0.0,0.0,0.0,0.0,0.0,0.0,0.0,0.0,0.0,0.0,0.0,0.0,0.0,0.0,0.0,0.0,0.0,0.0,0.0,1.69,0.0,0.0,10.0,0.0,0.0,0.0,0.0,0.0,0.0,0.0,0.0,0.0,0.0,0.0,0.0,1.0,1.0,12.0,0
0.0,0.0,1.96,0.0,0.0,0.0,0.0,0.0,0.0,0.0,0.0,3.92,0.0,0.0,0.0,0.0,0.0,0.0,0.0,0.0,0.0,0.0,0.0,0.0,10.0,3.92,0.0,0.0,0.0,1.96,0.0,0.0,0.0,0.0,0.0,0.0,0.0,0.0,0.0,0.0,0.0,0.0,0.0,0.0,0.0,0.0,0.0,0.0,0.0,0.476,0.0,0.0,0.0,0.0,2.318,25.0,51.0,0
1.24,0.41,1.24,0.0,0.0,0.0,0.0,0.0,0.0,0.0,0.0,0.41,0.0,0.0,0.0,0.41,0.0,0.82,3.73,0.0,1.24,0.0,0.0,0.41,0.0,0.0,0.0,0.0,10.0,0.0,0.0,0.0,0.0,0.0,0.0,0.0,0.0,0.0,0.0,0.0,0.0,0.0,0.0,0.0,0.41,0.0,0.0,0.0,0.0,0.068,0.0,0.48,0.549,0.0,3.166,19.0,114.0,1
0.0,0.0,0.0,0.0,0.0,0.0,0.0,0.0,0.0,0.0,0.0,0.0,0.0,0.0,0.0,0.0,0.0,0.0,0.0,0.0,0.0,0.0,0.0,0.0,0.0,0.0,0.0,0.0,0.0,0.0,0.0,0.0,0.0,0.0,0.0,0.0,0.0,0.0,0.0,0.0,7.14,0.0,0.0,0.0,0.0,10.0,0.0,0.0,0.0,0.0,0.0,0.0,0.0,0.0,5.5,10.0,11.0,0
0.56,0.0,0.84,0.0,0.28,0.84,0.0,0.84,0.28,0.28,0.28,1.41,0.0,0.0,0.0,0.0,1.41,0.0,0.84,1.98,2.83,0.0,0.28,0.84,0.0,0.0,10.0,0.0,0.0,0.0,0.0,0.0,0.0,0.0,0.0,0.0,0.0,0.0,0.0,0.0,0.0,0.0,0.0,0.0,0.0,0.0,0.0,0.0,0.0,0.128,0.0,1.289,0.042,0.0,3.979,47.0,386.0,1
0.0,0.0,0.0,10.0,0.0,0.0,0.0,0.74,0.0,0.0,0.0,0.0,0.0,0.0,0.0,2.23,0.0,0.0,1.49,0.0,0.0,0.0,0.0,0.0,0.0,0.0,0.0,0.0,0.0,0.0,0.0,0.0,0.74,0.0,0.0,0.0,0.0,0.0,0.0,0.0,0.0,0.0,0.0,0.0,0.0,0.0,0.0,0.0,0.0,0.0,0.0,0.109,0.0,0.0,2.263,24.0,86.0,1
0.0,0.0,0.56,0.0,0.0,0.0,0.0,0.0,0.0,1.12,0.0,0.0,0.0,0.0,0.0,0.0,0.0,0.0,1.69,0.0,0.56,10.0,0.0,0.0,0.0,0.0,0.0,0.0,0.0,0.0,0.0,0.0,0.0,0.0,0.0,0.0,0.0,0.0,0.0,0.0,0.0,0.0,0.0,0.0,0.0,0.0,0.0,0.0,0.0,0.493,0.197,0.394,0.0,0.394,3.537,22.0,237.0,1
0.0,0.0,0.0,0.0,0.0,0.0,0.0,0.0,0.0,0.0,0.0,0.0,0.97,0.0,0.0,0.0,0.0,0.0,0.0,0.0,0.0,0.0,0.0,0.0,6.79,3.88,10.0,0.97,0.97,0.97,0.97,0.97,0.0,0.97,0.97,0.97,0.97,0.0,0.0,0.97,0.0,0.0,0.97,0.0,1.94,0.0,0.0,0.0,0.0,0.299,0.149,0.0,0.0,0.0,2.666,13.0,72.0,0
0.0,0.0,0.68,0.0,0.0,0.0,0.0,10.0,0.0,0.0,0.68,0.68,0.0,0.0,0.0,0.0,0.0,0.0,3.4,0.0,1.36,0.0,0.68,0.68,0.0,0.0,0.0,0.0,0.0,0.0,0.0,0.0,0.0,0.0,0.0,0.0,0.0,0.0,0.0,0.0,0.0,0.0,0.0,0.0,0.0,0.0,0.0,0.0,0.0,0.0,0.0,0.232,0.232,0.0,2.232,19.0,96.0,1
1.24,0.41,1.24,0.0,0.0,0.0,0.0,0.0,0.0,0.0,0.0,0.41,0.0,0.0,0.0,0.41,0.0,0.82,3.73,0.0,1.24,0.0,0.0,0.41,0.0,0.0,10.0,0.0,0.0,0.0,0.0,0.0,0.0,0.0,0.0,0.0,0.0,0.0,0.0,0.0,0.0,0.0,0.0,0.0,0.41,0.0,0.0,0.0,0.0,0.068,0.0,0.481,0.549,0.0,3.166,19.0,114.0,1
0.0,0.0,0.0,0.0,0.47,0.0,0.0,0.0,0.0,0.0,0.0,0.47,0.0,0.0,0.0,0.0,1.9,0.0,0.0,0.0,0.0,0.0,0.0,10.0,1.9,0.95,0.0,0.0,0.0,1.42,0.0,0.0,0.0,0.0,0.0,0.47,0.0,0.0,0.0,0.0,0.0,0.0,0.0,0.0,0.0,0.0,0.0,0.0,0.0,0.217,0.0,0.0,0.0,0.0,1.677,5.0,99.0,0
0.0,0.0,0.17,0.0,0.17,0.0,0.0,0.17,0.08,0.0,0.08,0.25,0.0,0.0,0.0,0.08,0.0,0.0,0.94,0.0,0.6,0.0,0.25,0.0,10.0,0.43,0.0,0.08,0.0,0.25,0.34,0.0,0.0,0.0,0.25,0.0,0.17,0.0,0.0,0.0,0.0,0.0,0.0,0.0,0.0,0.0,0.0,0.08,0.0,0.127,0.0,0.051,0.038,0.0,1.838,24.0,605.0,0
0.0,0.0,0.61,0.0,0.0,0.0,0.0,0.0,0.0,0.0,0.0,1.84,0.0,0.0,0.0,0.0,0.0,0.0,0.0,0.0,0.0,0.0,0.0,0.0,0.0,0.61,0.0,0.0,0.0,0.0,0.0,0.0,0.0,0.0,0.0,0.0,0.0,0.0,0.0,0.0,0.0,0.0,0.0,0.0,0.0,0.0,0.61,0.0,0.079,0.158,0.0,0.0,10.13,0.0,2.508,17.0,143.0,0
0.08,0.17,0.17,0.0,0.8,0.08,0.0,0.26,0.0,0.0,0.0,3.39,0.17,0.0,0.0,0.08,0.0,0.0,0.0,0.0,0.0,0.0,0.0,0.0,2.68,0.0,10.0,0.0,0.0,0.0,0.0,0.0,0.0,0.0,0.0,0.35,0.08,0.0,0.0,0.0,0.0,0.08,0.08,0.0,0.0,0.0,0.0,0.0,0.023,0.046,0.0,0.0,0.023,0.0,2.658,57.0,436.0,0
0.0,0.0,0.0,0.0,0.0,0.0,0.0,0.0,0.0,0.0,0.0,0.0,0.0,0.0,0.0,0.0,0.0,0.0,1.45,0.0,0.0,0.0,0.0,0.0,0.72,10.0,0.0,0.0,0.0,0.0,0.0,0.0,0.0,0.0,0.0,0.72,0.0,0.0,0.0,0.0,0.0,0.0,0.0,0.0,0.0,0.0,0.0,0.0,0.0,0.0,0.0,0.124,0.0,0.0,2.361,30.0,85.0,0
0.0,0.0,1.33,0.0,0.66,0.0,0.0,0.0,0.0,0.0,0.0,0.0,0.0,0.0,0.0,0.0,0.0,0.66,0.66,0.0,0.66,0.0,0.0,0.0,0.0,0.0,0.0,0.0,0.0,0.0,10.0,0.0,0.0,0.0,0.0,0.0,0.0,0.0,0.0,0.0,0.0,0.0,0.0,0.0,0.66,0.0,0.0,0.0,0.0,0.0,0.0,0.355,0.118,0.0,2.315,12.0,132.0,1
0.13,0.0,0.41,0.0,0.0,0.0,0.0,0.27,0.0,0.0,0.27,1.93,0.13,0.0,0.0,0.0,0.0,0.27,1.65,0.0,0.13,0.0,0.0,0.0,0.0,0.0,10.0,0.0,0.0,0.0,0.0,0.0,0.13,0.0,0.0,0.0,0.0,0.0,0.0,0.0,0.0,0.0,0.0,0.0,0.82,0.0,0.0,0.13,0.0,0.023,0.046,0.164,0.0,0.0,1.279,11.0,183.0,0
0.84,0.0,0.0,0.0,0.0,2.54,0.0,0.0,0.0,0.0,0.0,0.84,0.84,0.0,0.0,0.0,0.0,0.0,2.54,0.0,1.69,0.0,0.0,0.0,0.0,0.0,10.0,0.0,0.0,0.0,0.0,0.0,0.0,0.0,0.0,0.0,0.0,0.0,0.0,0.0,0.0,0.0,0.0,0.0,0.0,0.0,0.0,0.0,0.0,0.452,0.0,2.865,0.301,0.0,5.037,23.0,136.0,1
0.0,0.0,0.69,0.0,0.69,0.0,0.69,0.0,0.0,0.0,0.0,0.0,0.69,0.0,0.0,0.0,0.0,0.0,1.38,0.0,2.08,0.0,0.0,0.69,0.0,0.0,0.0,0.0,0.0,0.0,0.0,0.0,0.0,0.0,10.0,0.0,0.0,0.0,0.0,0.0,0.0,0.0,0.0,0.0,0.0,0.0,0.0,0.0,0.0,0.35,0.0,0.701,0.116,0.0,8.781,34.0,281.0,1
0.0,2.59,1.29,0.0,1.29,0.0,0.0,0.0,0.0,0.0,0.0,1.29,0.0,0.0,0.0,0.0,0.0,0.0,2.59,0.0,0.0,0.0,0.0,0.0,0.0,0.0,1.29,0.0,0.0,0.0,0.0,0.0,0.0,0.0,0.0,0.0,0.0,0.0,0.0,0.0,0.0,0.0,0.0,10.0,1.29,0.0,0.0,0.0,0.0,0.0,0.0,0.0,0.0,0.0,1.0,1.0,13.0,0
0.44,0.0,0.0,0.0,0.89,0.0,0.0,0.0,0.0,0.44,0.0,1.34,0.0,0.0,0.0,0.44,0.0,0.0,4.03,0.0,1.79,0.0,0.0,0.44,0.0,0.0,10.0,0.0,0.0,0.0,0.0,0.0,0.0,0.0,0.0,0.0,0.0,0.0,0.0,0.0,0.0,0.0,0.0,0.0,0.44,0.0,0.0,0.0,0.0,0.0,0.0,0.944,0.145,0.072,2.451,28.0,152.0,1
0.0,0.0,0.0,0.0,0.0,0.0,0.0,3.97,0.0,0.66,0.0,0.0,0.0,0.0,0.0,0.0,0.0,0.0,0.0,0.0,0.0,0.0,0.0,0.0,0.0,0.0,0.0,0.0,0.0,0.0,0.0,0.0,0.0,0.0,0.0,0.0,1.32,0.0,0.0,0.0,1.98,0.0,0.0,0.0,0.66,1.98,0.0,0.0,0.11,10.47,0.0,0.0,0.0,0.0,2.857,19.0,120.0,0
0.0,0.0,0.0,0.0,0.0,0.0,0.0,0.0,0.0,0.0,0.0,0.0,0.0,0.0,0.0,0.44,0.0,0.44,0.0,0.0,0.44,0.0,0.0,0.0,0.0,0.0,0.0,0.0,0.0,0.0,0.0,0.0,0.0,0.0,0.0,0.0,0.44,0.0,0.0,0.0,0.0,0.0,0.0,0.0,0.0,0.88,0.0,0.0,0.0,0.178,0.059,0.0,0.0,10.0,7.046,70.0,303.0,0
0.0,0.0,0.08,0.0,0.0,0.16,0.0,0.08,0.08,0.0,0.08,0.92,0.08,0.08,0.0,0.0,0.16,0.0,0.0,0.0,0.0,10.0,0.0,0.0,3.53,0.0,0.0,0.0,0.0,0.0,0.0,0.0,0.25,0.0,0.0,0.0,0.08,0.0,0.0,0.0,0.0,0.0,0.0,0.16,0.0,0.0,0.0,0.0,0.069,0.103,0.0,0.0,0.011,0.0,2.44,18.0,598.0,0
0.0,0.0,0.0,0.0,0.0,0.0,0.0,0.0,0.0,0.0,0.0,0.0,0.0,0.0,0.0,0.0,0.0,0.0,0.0,0.0,0.0,0.0,0.0,0.0,0.0,0.0,0.0,0.0,0.0,0.0,0.0,0.0,0.0,0.0,0.0,0.0,0.0,0.0,0.0,0.0,0.0,0.0,0.0,0.0,0.0,10.0,0.0,0.0,0.0,0.0,0.0,0.0,0.0,0.0,3.0,5.0,15.0,0
0.0,0.0,1.38,0.0,0.0,0.0,0.0,0.0,0.0,0.0,0.0,1.38,0.0,0.0,0.0,10.25,0.0,4.16,4.16,0.0,1.38,0.0,0.0,0.0,0.0,0.0,0.0,0.0,0.0,0.0,0.0,0.0,0.0,0.0,0.0,0.0,0.0,0.0,0.0,0.0,0.0,0.0,0.0,0.0,0.0,0.0,0.0,0.0,0.0,0.0,0.0,0.715,0.0,0.0,1.181,2.0,13.0,1
0.0,0.0,2.25,0.0,0.0,0.0,0.0,0.0,0.0,0.0,0.0,0.0,0.0,0.0,0.0,0.0,0.0,0.0,0.0,0.0,0.0,0.0,0.0,0.0,10.0,1.5,0.0,0.75,0.0,0.0,0.0,0.0,0.0,0.0,0.75,0.0,0.0,0.0,0.0,0.0,0.0,0.0,0.0,0.0,0.75,0.0,0.0,0.0,0.0,0.369,0.0,0.0,0.0,0.0,2.032,10.0,63.0,0
0.0,0.0,0.0,0.0,0.0,0.0,0.0,10.0,0.0,0.0,1.02,0.0,0.0,0.0,0.0,0.0,0.0,0.0,4.08,0.0,1.02,0.0,1.02,0.0,0.0,0.0,0.0,0.0,0.0,0.0,0.0,0.0,0.0,0.0,0.0,0.0,0.0,0.0,0.0,0.0,0.0,0.0,0.0,0.0,0.0,0.0,0.0,0.0,0.0,0.0,0.0,0.968,0.0,0.0,2.179,18.0,85.0,1
0.09,0.0,0.27,0.0,0.36,0.09,0.0,0.18,0.09,0.0,0.0,0.72,0.0,0.36,0.0,0.0,0.0,0.0,2.0,0.0,3.27,0.0,0.36,0.09,0.0,0.0,10.0,0.0,0.0,0.0,0.0,0.0,0.0,0.0,0.0,0.0,0.0,0.0,0.0,0.0,0.0,0.0,0.0,0.0,0.27,0.0,0.0,0.0,0.015,0.045,0.03,0.242,0.03,0.03,3.816,69.0,542.0,1
0.0,0.0,0.85,0.0,0.42,0.0,0.0,0.0,0.0,0.0,0.0,0.0,0.0,0.0,0.0,0.42,10.0,0.0,2.14,0.0,1.28,0.0,0.0,0.0,0.0,0.0,0.0,0.0,0.0,0.0,0.0,0.0,0.0,0.0,0.0,0.0,0.0,0.0,0.0,0.0,0.0,0.0,0.0,0.0,0.42,0.0,0.0,0.0,0.0,0.159,0.0,1.117,0.0,0.0,1.206,7.0,117.0,1
0.0,0.0,0.0,0.0,0.0,0.0,0.0,0.0,0.0,0.0,0.0,0.89,0.0,0.0,0.0,0.0,0.0,0.0,0.89,0.0,0.0,0.0,0.0,0.0,10.0,1.78,0.0,0.89,0.0,0.0,0.0,0.0,0.0,0.0,0.89,0.89,0.0,0.0,0.0,0.0,0.0,0.0,0.0,0.0,0.0,0.0,0.0,0.89,0.0,0.537,0.0,0.0,0.0,0.268,2.292,12.0,94.0,0
0.15,0.45,1.05,0.0,0.45,0.0,0.0,1.81,0.6,0.75,0.0,0.9,0.3,0.0,0.3,0.0,0.0,0.0,4.07,0.0,1.51,0.0,0.0,0.3,0.0,0.0,10.0,0.0,0.0,0.0,0.0,0.0,0.0,0.0,0.0,0.0,0.0,0.0,0.0,0.0,0.0,0.0,0.0,0.0,0.15,0.0,0.0,0.0,0.0,0.25,0.0,1.318,0.068,0.0,5.301,130.0,774.0,1
0.0,0.0,0.0,0.0,0.0,0.0,0.0,0.0,0.0,0.0,0.0,0.0,0.0,0.0,0.0,0.0,0.0,0.0,0.0,0.0,0.0,0.0,0.0,0.0,0.0,0.0,10.0,0.0,0.0,0.0,0.0,0.0,0.0,0.0,0.0,0.0,0.0,0.0,0.0,0.0,0.0,0.0,0.0,0.0,0.0,0.0,0.0,0.0,0.0,0.0,0.0,1.086,0.0,0.0,1.0,1.0,3.0,0
0.0,0.0,0.58,0.0,1.16,0.0,0.0,0.0,0.0,0.58,0.0,0.0,0.0,0.0,0.0,0.58,0.0,0.0,0.58,0.0,1.16,0.0,0.0,0.0,0.0,0.0,10.0,0.0,0.0,0.0,0.0,0.0,0.0,0.0,0.0,0.0,0.0,0.0,0.0,0.0,0.0,0.0,0.0,0.0,0.0,0.0,0.0,0.0,0.0,0.0,0.0,0.0,0.0,0.0,2.101,11.0,145.0,1
0.0,0.0,0.0,0.0,0.0,0.0,0.0,0.0,0.0,1.37,0.0,2.75,0.0,0.0,0.68,0.0,0.0,0.0,0.0,0.0,0.0,0.0,0.0,0.0,2.06,2.06,1.37,0.0,0.68,0.68,0.0,0.0,0.0,0.0,0.0,0.0,0.0,0.0,0.0,0.0,0.0,0.0,0.0,10.0,0.0,0.0,0.0,0.0,0.0,0.235,0.0,0.0,0.0,0.0,1.531,11.0,49.0,0
0.0,0.0,0.0,0.0,0.0,0.0,0.0,0.0,0.0,0.0,0.0,0.0,0.0,0.0,0.0,0.0,0.0,3.44,1.72,0.0,0.0,0.0,0.0,0.0,0.0,0.0,1.72,0.0,0.0,0.0,0.0,0.0,0.0,0.0,0.0,0.0,0.0,3.44,0.0,0.0,0.0,1.72,0.0,0.0,10.275,0.0,0.0,1.72,0.0,0.0,0.0,0.0,0.0,0.0,1.2,4.0,18.0,0
0.0,0.0,0.0,0.0,0.0,0.0,10.0,0.0,0.0,0.0,0.0,0.0,0.0,0.0,0.0,0.0,0.0,0.0,3.22,0.0,0.0,0.0,0.0,0.0,0.0,0.0,0.0,0.0,0.0,0.0,0.0,0.0,0.0,0.0,0.0,0.0,0.0,0.0,0.0,0.0,0.0,0.0,0.0,0.0,0.0,0.0,0.0,0.0,0.0,0.0,0.0,0.546,0.0,0.0,2.3,9.0,23.0,1
0.0,0.37,0.0,0.0,0.0,0.0,0.0,0.0,0.0,0.0,0.0,0.0,0.37,0.0,0.0,10.25,0.0,0.0,1.51,0.0,0.0,0.0,0.0,0.0,5.68,4.16,0.0,0.0,0.0,0.0,0.0,0.0,0.0,0.0,0.0,0.0,0.0,0.0,0.0,0.0,0.0,0.0,0.0,0.0,0.0,0.0,0.0,0.0,0.065,0.261,0.0,0.0,0.0,0.0,1.114,5.0,39.0,0
0.0,0.0,0.0,0.0,0.0,0.0,0.0,0.0,0.0,0.0,0.0,0.0,0.0,0.0,0.0,10.25,0.0,0.0,0.0,0.0,0.0,0.0,0.0,0.0,0.0,0.0,0.0,0.0,0.0,0.0,0.0,0.0,0.0,0.0,0.0,0.0,0.0,0.0,0.0,0.0,0.0,0.0,0.0,0.0,0.0,0.0,0.0,0.0,0.0,0.0,0.0,0.0,0.0,0.0,1.0,1.0,1.0,0
0.0,0.0,0.8,0.0,0.8,1.61,0.0,0.0,0.0,0.0,0.0,0.8,1.61,0.0,0.0,0.0,0.0,0.0,4.03,0.0,0.0,0.0,0.0,0.0,0.0,0.0,10.0,0.0,0.0,0.0,0.0,0.0,0.0,0.0,0.0,0.0,0.0,0.0,0.0,0.0,0.0,0.0,0.0,0.0,0.0,0.0,0.0,0.0,0.0,0.0,0.0,0.875,0.0,0.0,6.0,48.0,138.0,1
0.0,0.0,0.0,0.0,0.0,0.0,1.11,0.0,0.0,1.11,0.0,0.0,0.0,0.0,0.0,0.0,0.0,0.0,2.22,0.0,1.11,0.0,0.0,0.0,0.0,0.0,10.0,0.0,0.0,0.0,0.0,0.0,0.0,0.0,0.0,0.0,0.0,0.0,0.0,0.0,0.0,0.0,0.0,0.0,0.0,0.0,0.0,0.0,0.0,0.202,0.0,0.202,0.0,0.0,4.0,16.0,40.0,1
0.0,0.0,0.0,0.0,0.0,0.0,0.0,0.0,0.0,0.0,0.0,0.0,0.0,0.0,0.0,0.0,0.0,0.0,0.0,0.0,0.0,0.0,0.0,0.0,0.0,0.0,10.0,0.0,0.0,0.0,0.0,0.0,0.0,0.0,0.0,0.0,0.0,0.0,0.0,0.0,0.0,0.0,0.0,0.0,0.0,0.0,0.0,0.0,0.0,0.0,0.0,0.0,0.0,0.0,1.0,1.0,5.0,0
0.0,0.0,0.0,0.0,0.0,0.0,0.0,1.08,0.0,0.0,0.0,0.0,0.0,0.0,0.0,0.0,0.0,0.0,0.0,0.0,0.0,0.0,10.0,0.0,0.0,0.0,0.0,0.0,0.0,0.0,0.0,0.0,0.0,0.0,0.0,0.0,0.0,0.0,0.0,0.0,0.0,0.0,0.0,0.0,1.08,0.0,0.0,0.0,0.0,0.194,0.0,0.0,0.389,0.0,3.476,16.0,73.0,1
0.0,0.0,0.0,0.0,0.0,0.0,0.0,0.0,0.0,0.0,0.0,0.0,0.0,0.0,0.0,0.0,0.0,0.0,1.57,0.0,0.0,0.0,0.0,0.0,0.0,0.0,10.0,0.0,0.0,0.0,0.0,0.0,0.0,0.0,0.0,0.78,0.0,0.0,0.0,0.0,0.0,0.0,0.0,0.0,0.0,0.0,0.0,0.0,0.0,0.0,0.0,0.0,0.0,0.0,1.0,1.0,16.0,0
0.0,0.0,0.83,0.0,1.66,0.41,10.0,0.0,0.0,0.0,0.0,0.41,0.0,0.0,0.0,0.41,0.0,0.0,2.08,0.0,4.16,0.0,0.0,0.0,0.0,0.0,0.0,0.0,0.0,0.0,0.0,0.0,0.0,0.0,0.0,0.0,0.0,0.0,0.0,0.0,0.0,0.0,0.0,0.0,0.0,0.0,0.0,0.0,0.0,0.218,0.0,0.0,0.0,0.0,2.35,12.0,134.0,1
0.83,0.0,0.41,0.0,0.0,0.0,10.0,0.0,0.0,0.0,0.41,0.83,0.0,0.0,0.0,0.0,0.0,0.0,2.91,0.0,1.66,0.0,0.0,0.0,0.41,0.41,0.0,0.0,0.0,0.0,0.0,0.0,0.0,0.0,0.0,0.0,0.41,0.0,0.0,0.0,0.0,0.0,0.41,0.0,0.0,0.0,0.0,0.0,0.0,0.0,0.0,0.283,0.0,0.0,2.022,13.0,91.0,0
0.0,0.0,0.48,0.0,0.0,0.0,0.0,0.0,0.0,0.0,0.0,0.0,0.0,0.0,0.0,0.0,0.48,0.0,0.0,0.0,0.0,0.0,0.0,0.0,0.96,1.93,10.0,0.0,0.0,0.48,0.0,0.0,0.0,0.0,0.0,0.96,0.48,0.0,0.0,0.0,0.0,0.0,0.0,0.0,0.48,0.0,0.0,0.0,0.0,0.0,0.0,0.0,0.0,0.0,1.353,7.0,88.0,0
0.08,10.0,0.76,0.0,0.85,1.02,0.25,0.17,0.59,0.08,0.17,0.59,0.17,0.0,2.21,0.25,0.08,0.93,1.62,0.17,0.42,0.0,0.85,0.08,0.0,0.0,0.0,0.0,0.0,0.0,0.0,0.0,0.0,0.0,0.0,0.0,0.0,0.0,0.0,0.08,0.0,0.0,0.17,0.08,0.08,0.08,0.0,0.0,0.0,0.065,0.0,0.486,0.118,0.013,7.561,669.0,1414.0,1
0.0,0.0,0.0,0.0,0.0,0.0,0.0,0.0,0.0,0.0,0.0,0.0,0.0,0.0,0.0,0.0,0.0,4.44,2.22,0.0,2.22,0.0,0.0,0.0,0.0,0.0,4.44,0.0,0.0,0.0,0.0,0.0,0.0,0.0,0.0,0.0,2.22,0.0,2.22,0.0,0.0,0.0,2.22,10.0,4.44,0.0,0.0,0.0,0.0,0.0,0.0,0.0,0.0,0.0,1.947,12.0,37.0,0
0.0,0.22,0.0,0.0,0.66,0.22,0.0,0.44,0.44,0.89,0.0,0.0,0.22,0.22,0.0,1.33,0.0,0.0,0.89,0.0,0.44,0.0,0.0,0.22,10.0,3.56,0.66,0.22,0.22,0.22,0.22,0.22,0.0,0.22,0.22,0.22,1.11,0.0,0.0,0.22,0.0,0.0,0.22,0.0,0.22,0.0,0.0,0.0,0.148,0.372,0.111,0.372,0.223,0.0,3.425,42.0,411.0,0
2.0,0.0,0.0,0.0,0.0,0.0,0.0,0.0,0.0,0.0,2.0,2.0,0.0,0.0,0.0,0.0,0.0,0.0,2.0,0.0,8.0,0.0,0.0,0.0,0.0,0.0,0.0,0.0,0.0,0.0,0.0,0.0,0.0,0.0,0.0,0.0,0.0,0.0,0.0,0.0,0.0,0.0,0.0,0.0,0.0,0.0,0.0,0.0,0.0,0.0,0.0,0.0,10.13,0.0,5.888,29.0,53.0,0
0.43,0.43,0.43,0.0,0.43,0.0,0.0,0.0,0.0,1.31,0.0,0.87,0.43,0.0,0.0,2.63,0.0,0.0,1.75,0.0,2.19,0.0,0.0,0.0,0.0,0.0,0.0,0.0,0.0,0.0,0.0,0.0,0.0,0.0,0.0,0.0,0.0,0.0,0.0,0.0,0.0,0.0,0.0,0.0,0.0,0.0,0.0,0.0,0.0,0.201,0.0,0.941,10.13,0.0,2.329,28.0,226.0,1
0.0,0.0,0.27,0.0,0.81,0.81,0.0,2.98,0.54,0.81,0.27,0.54,0.27,0.0,0.0,0.81,1.63,0.27,2.17,1.35,2.44,0.0,0.0,0.27,0.0,0.0,0.0,0.0,0.0,0.0,0.0,0.0,0.0,0.0,0.0,0.0,0.0,0.0,0.0,0.0,0.0,10.0,0.0,0.0,0.0,0.0,0.0,0.0,0.0,0.04,0.0,0.565,0.121,0.0,1.617,18.0,131.0,1
0.0,0.0,0.0,0.0,0.0,0.0,0.0,0.0,0.0,0.0,0.0,0.0,0.0,0.0,0.0,0.0,0.0,0.0,0.0,0.0,0.0,0.0,0.0,0.0,0.0,0.0,0.0,0.0,0.0,0.0,0.0,0.0,0.0,0.0,0.0,0.0,0.0,0.0,0.0,0.0,0.0,0.0,0.0,0.0,0.0,10.0,0.0,0.0,0.0,0.719,0.0,0.0,0.0,0.0,1.0,1.0,4.0,0
0.0,0.66,0.66,0.0,1.33,0.33,0.33,0.0,0.33,0.0,0.33,0.33,0.0,0.0,0.0,0.33,0.66,1.0,1.0,1.0,2.0,0.0,0.0,0.0,0.0,0.0,10.0,0.0,0.0,0.0,0.0,0.0,0.0,0.0,0.0,0.0,0.0,0.0,0.0,0.0,0.0,0.0,0.0,0.0,0.66,0.0,0.0,0.0,0.0,0.266,0.0,0.372,0.159,0.0,1.894,14.0,161.0,1
0.0,0.0,0.91,0.0,1.82,0.45,0.0,0.0,0.0,0.0,0.0,0.45,0.0,0.0,0.0,10.25,0.0,0.0,2.28,0.0,4.56,0.0,0.0,0.0,0.0,0.0,0.0,0.0,0.0,0.0,0.0,0.0,0.0,0.0,0.0,0.0,0.0,0.0,0.0,0.0,0.0,0.0,0.0,0.0,0.0,0.0,0.0,0.0,0.0,0.073,0.0,0.0,0.0,0.0,2.032,12.0,126.0,1
0.0,0.0,0.0,0.0,0.0,0.0,0.76,0.0,0.0,0.0,0.0,0.0,0.76,0.0,0.0,0.0,0.0,0.0,0.76,0.76,0.0,0.0,0.0,0.0,0.0,0.0,10.0,0.0,0.0,0.0,0.0,0.0,0.0,0.0,0.0,0.0,0.0,0.0,0.0,0.0,0.0,0.0,0.76,0.0,0.0,0.0,0.0,0.0,0.0,0.0,0.0,0.274,0.0,0.0,11.035,110.0,309.0,1
0.0,0.0,0.0,0.0,0.0,0.0,0.0,0.0,0.0,0.0,0.0,0.0,0.0,0.0,0.0,0.0,0.0,0.0,0.0,0.0,0.0,0.0,0.0,0.0,0.0,0.0,10.0,0.0,0.0,0.0,0.0,0.0,0.0,0.0,0.0,0.0,0.0,0.0,0.0,0.0,0.0,0.0,0.0,0.0,0.0,0.0,0.0,0.0,0.0,0.0,0.0,0.0,0.0,0.0,1.0,1.0,5.0,0
0.0,0.0,0.0,0.0,0.0,0.0,0.0,0.0,0.0,10.4,0.0,0.0,0.0,0.0,0.0,0.0,0.0,0.0,1.88,0.0,0.0,0.0,0.0,1.88,0.0,0.0,0.0,0.0,0.0,0.0,0.0,0.0,0.0,0.0,0.0,0.0,0.0,0.0,0.0,0.0,0.0,0.0,0.0,0.0,0.0,0.0,0.0,0.0,0.264,0.0,0.0,0.0,0.0,0.0,4.333,13.0,78.0,1
0.05,0.05,0.4,0.0,0.34,0.0,0.0,0.0,0.57,0.05,0.0,0.28,0.11,0.0,0.0,0.17,0.0,0.0,1.04,0.05,0.92,0.0,0.0,0.05,0.0,0.0,0.0,0.0,0.05,0.0,0.0,0.0,0.0,0.0,0.0,0.0,0.0,0.0,0.0,0.0,0.0,0.11,0.0,0.0,0.05,10.0,0.0,0.0,0.019,0.099,0.0,0.099,0.079,0.009,4.881,95.0,1313.0,1
0.0,2.12,0.0,0.0,0.0,0.0,10.0,0.0,0.0,0.0,0.0,0.0,0.0,0.0,0.0,0.0,0.0,0.0,2.12,0.0,2.12,0.0,0.0,0.0,0.0,0.0,0.0,0.0,0.0,0.0,0.0,0.0,0.0,0.0,0.0,0.0,0.0,0.0,0.0,0.0,0.0,0.0,0.0,0.0,0.0,2.12,0.0,0.0,0.0,0.0,0.0,0.0,0.0,0.0,4.117,47.0,70.0,0
0.0,0.0,0.0,0.0,0.0,0.0,0.0,0.0,0.0,0.0,0.0,0.0,1.88,0.0,0.0,0.0,0.0,1.88,0.0,0.0,0.0,0.0,0.0,0.0,0.0,0.0,0.0,0.0,0.0,0.0,0.0,0.0,0.0,0.0,0.0,0.0,0.0,0.0,0.0,0.0,0.0,0.0,0.0,10.0,0.0,0.0,0.0,0.0,0.0,0.0,0.0,0.0,0.0,0.0,1.533,5.0,23.0,0
0.0,0.0,0.0,0.0,0.0,0.65,0.0,1.3,0.65,0.65,0.0,0.0,0.0,0.0,0.0,0.65,2.61,0.65,1.3,10.0,1.3,0.0,0.0,0.0,0.0,0.0,0.0,0.0,0.0,0.0,0.0,0.0,0.0,0.0,0.0,0.0,0.0,0.0,0.0,0.65,0.0,0.0,0.0,0.0,0.0,0.0,0.0,0.0,0.0,0.0,0.0,1.154,0.524,0.0,3.89,78.0,249.0,1
0.0,0.0,0.0,0.0,1.05,0.0,0.0,0.0,0.0,0.0,0.0,0.0,0.0,0.0,0.0,0.0,0.0,0.0,2.11,0.0,2.81,0.0,0.0,0.0,0.0,0.0,10.0,0.0,0.0,0.0,0.0,0.35,0.0,0.35,0.0,0.0,0.0,0.0,0.0,0.0,0.0,0.0,0.0,0.0,0.0,0.0,0.0,0.0,0.0,0.047,0.0,0.0,0.0,0.047,2.232,12.0,163.0,0
0.0,0.0,0.0,0.0,0.0,0.0,0.0,0.0,0.0,0.0,0.0,0.0,0.0,0.0,0.0,0.0,0.0,0.0,0.0,0.0,0.0,0.0,0.0,0.0,0.0,10.0,0.0,0.0,0.0,0.0,0.0,0.0,0.0,0.0,0.0,0.0,0.0,0.0,0.0,0.0,0.0,0.0,0.0,0.0,0.0,0.0,0.0,0.0,0.0,0.0,0.0,0.0,0.0,0.0,2.0,4.0,6.0,0
0.0,0.0,0.0,0.0,0.0,0.0,0.0,0.0,0.0,0.0,0.0,0.69,0.0,0.0,0.0,0.69,0.0,0.0,2.79,0.0,0.69,0.0,0.0,0.0,2.09,0.0,0.0,0.0,0.0,1.39,0.0,0.0,0.0,0.0,0.0,0.0,0.0,0.0,0.0,0.0,0.0,0.0,0.0,0.0,0.69,1.39,0.0,0.0,0.0,0.221,0.0,0.0,10.13,0.0,2.184,12.0,83.0,0
0.0,0.0,0.71,0.0,0.71,0.0,0.0,0.0,0.0,0.0,0.0,0.0,0.0,0.0,0.0,0.0,10.0,0.0,0.0,0.0,1.42,0.0,0.0,0.0,0.0,0.0,0.0,0.0,0.0,0.0,0.0,0.0,0.0,0.0,0.0,0.0,0.0,0.0,0.0,0.0,0.0,0.71,0.0,0.0,0.0,0.0,0.0,0.0,0.0,0.055,0.0,0.055,0.0,0.0,15.333,54.0,138.0,0
0.6,0.0,0.0,0.0,0.91,0.0,0.0,0.0,0.0,0.0,0.0,0.91,0.6,0.0,0.0,0.0,0.0,0.0,1.21,0.0,1.82,10.0,0.0,0.0,0.3,0.3,0.0,0.0,0.0,0.0,0.0,0.0,0.0,0.0,0.0,0.0,0.6,0.0,0.0,0.0,0.0,0.91,0.0,0.0,0.3,0.0,0.0,0.3,0.088,0.044,0.0,0.044,0.0,0.0,2.222,22.0,120.0,0
1.18,0.39,0.59,0.0,0.0,0.98,0.19,0.19,1.38,0.39,0.0,0.98,0.0,0.19,0.0,0.98,0.0,0.0,2.56,0.39,1.38,0.0,0.0,1.38,0.0,0.0,10.0,0.0,0.0,0.0,0.0,0.0,0.0,0.0,0.0,0.0,0.0,0.0,0.0,0.0,0.0,0.0,0.0,0.0,0.0,0.0,0.0,0.0,0.0,0.232,0.0,0.749,0.31,0.025,6.652,76.0,632.0,1
0.0,0.0,0.0,0.0,0.0,0.0,0.0,0.0,0.0,0.0,0.0,0.0,0.0,0.0,0.0,0.0,0.0,0.0,0.37,0.0,0.0,2.24,0.0,0.0,0.0,0.0,0.0,0.0,0.0,0.0,0.0,0.0,0.0,0.0,0.0,0.0,0.0,0.0,0.0,0.0,0.0,0.0,0.0,0.0,0.0,0.37,0.0,0.0,10.0,0.059,0.0,0.059,0.0,0.237,5.016,43.0,311.0,0
0.0,0.0,0.46,0.0,0.23,0.23,0.0,0.0,0.0,0.0,0.0,0.0,0.0,0.0,0.0,0.23,0.0,0.0,1.63,0.0,0.23,0.0,0.0,0.0,0.0,0.0,10.0,0.0,0.0,0.0,0.0,0.0,0.0,0.0,0.0,0.0,0.0,0.0,0.0,0.0,0.46,0.0,0.0,0.0,0.0,0.23,0.0,0.0,0.0,0.082,0.0,0.082,0.0,0.0,1.256,5.0,98.0,0
0.0,0.0,0.0,0.0,0.0,0.0,0.0,0.0,0.0,0.0,0.0,0.0,0.0,0.0,0.0,0.0,0.0,0.0,1.61,0.0,1.61,0.0,0.0,0.0,0.0,0.0,0.0,0.0,0.0,0.0,0.0,0.0,0.0,0.0,0.0,0.0,1.61,0.0,0.0,0.0,0.0,0.0,0.0,0.0,0.0,10.0,0.0,0.0,0.0,0.0,0.0,0.0,0.0,0.0,3.117,15.0,53.0,0
0.0,0.0,0.0,0.0,0.0,0.0,0.0,0.0,0.0,0.0,0.0,0.0,0.0,0.0,0.0,0.0,0.0,0.0,0.0,0.0,0.0,0.0,0.0,0.0,0.0,0.0,10.0,0.0,0.0,0.0,0.0,0.0,0.0,0.0,0.0,0.0,0.0,0.0,0.0,0.0,0.0,0.0,0.0,0.0,0.0,0.0,0.0,0.0,0.0,0.0,0.0,0.0,0.0,0.0,1.0,1.0,5.0,0
0.0,0.62,1.24,0.0,0.31,0.0,0.0,0.0,0.0,0.0,0.0,0.62,0.0,0.0,0.0,0.31,0.0,1.24,2.49,0.0,1.24,0.0,0.0,0.0,0.0,0.0,10.0,0.0,0.0,0.0,0.0,0.0,0.0,0.0,0.0,0.0,0.0,0.0,0.0,0.0,0.0,0.0,0.0,0.0,0.31,0.0,0.0,0.0,0.0,0.05,0.0,1.152,0.0,0.0,4.592,121.0,349.0,1
0.19,0.0,0.38,0.0,0.0,0.19,0.0,0.0,0.0,0.0,0.19,0.19,0.0,0.0,0.0,0.38,0.0,0.19,1.14,0.0,0.38,0.0,0.0,0.0,0.0,0.0,0.0,0.0,0.0,0.0,0.0,0.0,0.0,0.0,0.0,0.0,0.0,0.0,0.0,0.0,0.0,0.0,0.0,0.0,0.0,0.0,0.0,0.0,0.01,0.01,0.0,0.0,0.0,0.003,2.383,21.0,622.5,1
0.08,0.0,0.0,0.0,0.08,0.0,0.0,0.0,0.0,0.08,0.0,0.0,0.08,0.0,0.0,0.0,0.08,0.0,0.08,0.0,0.08,0.0,0.0,0.0,0.16,0.0,10.0,0.0,0.0,0.0,0.0,0.0,0.16,0.0,0.24,0.16,0.08,0.0,0.0,0.0,0.0,0.0,0.0,0.24,0.0,0.0,0.0,0.0,0.0,0.085,0.0,0.0,0.0,0.007,4.858,60.0,2026.0,0
0.0,10.0,0.0,0.0,0.0,0.0,0.0,0.0,0.0,0.0,0.0,1.81,0.0,0.0,0.0,0.0,0.0,0.0,0.0,0.0,1.81,0.0,0.0,0.0,0.0,0.0,0.0,0.0,0.0,0.0,0.0,0.0,0.0,0.0,0.0,0.0,0.0,0.0,0.0,0.0,0.0,0.0,0.0,0.0,0.0,0.0,0.0,0.0,0.0,0.0,0.0,0.309,0.0,0.0,1.333,11.0,56.0,1
0.0,0.0,0.0,0.0,0.0,0.0,0.0,0.0,0.0,0.0,0.0,0.0,0.0,0.0,0.0,0.0,0.0,0.0,2.17,0.0,2.17,0.0,0.0,0.0,0.0,0.0,10.0,0.0,0.0,0.0,0.0,0.0,0.0,0.0,0.0,0.0,0.0,0.0,0.0,0.0,0.0,0.0,0.0,0.0,0.0,0.0,0.0,0.0,0.0,0.0,0.0,0.411,0.0,0.0,4.307,15.0,56.0,1
0.0,0.0,0.64,0.0,0.64,0.0,0.0,0.0,0.0,1.29,0.0,0.0,0.0,0.0,0.0,2.59,0.0,0.0,3.24,0.0,0.64,0.0,0.0,0.0,0.0,0.0,10.0,0.0,0.0,0.0,0.0,0.0,0.0,0.0,0.0,0.0,0.0,0.0,0.0,0.0,0.0,0.0,0.64,0.0,0.0,0.0,0.0,0.0,0.0,0.0,0.0,0.574,0.0,0.0,5.833,30.0,105.0,1
0.0,0.0,0.0,0.0,0.0,0.0,0.0,0.0,0.0,0.0,0.0,0.0,0.0,0.0,0.0,0.0,0.0,0.0,3.12,0.0,0.0,0.0,0.0,0.0,0.0,0.0,0.0,0.0,0.0,0.0,0.0,0.0,0.0,0.0,0.0,0.0,0.0,0.0,0.0,0.0,0.0,0.0,0.0,10.0,3.12,0.0,0.0,0.0,0.0,0.0,0.0,0.467,0.0,0.0,1.0,1.0,5.0,0
0.0,0.0,0.0,0.0,0.0,0.0,0.0,0.0,0.0,2.32,0.0,0.0,0.0,0.0,0.0,0.0,0.0,0.0,0.0,0.0,0.0,0.0,0.0,0.0,2.32,2.32,0.0,4.65,0.0,2.32,0.0,0.0,0.0,0.0,10.0,0.0,0.0,0.0,0.0,0.0,0.0,0.0,0.0,0.0,0.0,0.0,0.0,0.0,0.0,0.453,0.0,0.0,0.0,0.0,11.687,75.0,187.0,0
0.0,0.0,0.3,0.0,0.3,0.9,0.0,0.3,0.0,0.0,0.0,0.3,0.3,0.0,0.0,0.3,0.3,0.3,2.11,0.0,3.02,0.0,0.0,0.3,0.0,0.0,0.0,0.0,0.0,0.0,0.0,0.0,0.0,0.0,0.0,0.0,0.0,0.0,0.0,0.0,0.0,10.0,0.0,0.0,0.3,0.0,0.0,0.0,0.0,0.21,0.0,0.0,0.21,0.052,1.738,11.0,186.0,1
0.13,0.4,0.0,0.0,0.0,0.0,0.0,0.0,0.0,0.53,0.0,0.0,0.0,0.0,0.0,0.0,0.13,0.0,0.8,0.0,0.53,0.0,0.0,0.0,0.0,0.0,0.0,0.0,0.0,0.0,0.0,0.0,0.0,0.13,0.0,0.0,10.0,0.0,0.0,0.0,0.0,0.0,0.0,0.0,0.0,0.53,0.0,0.13,0.0,0.25,0.0,0.014,0.427,0.044,5.473,143.0,1538.0,0
0.0,0.1,0.0,0.0,0.0,0.0,0.0,0.2,0.0,0.0,0.0,0.3,0.0,0.0,0.0,0.0,0.05,0.05,0.05,0.0,0.0,0.0,0.0,0.0,0.3,0.2,0.0,0.05,0.0,0.05,0.0,0.0,0.05,0.0,0.0,0.2,0.41,0.0,0.0,0.0,0.0,0.0,0.0,0.1,0.05,0.2,0.0,0.35,0.0,0.141,0.0,0.0,0.0,0.0,16.883,87.0,1620.0,0
0.0,0.0,0.0,0.0,0.0,0.0,0.0,0.0,0.0,0.0,0.0,12.0,0.0,0.0,0.0,0.0,0.0,0.0,0.0,0.0,0.0,0.0,0.0,0.0,1.25,1.25,0.0,1.25,0.0,0.0,0.0,0.0,0.0,0.0,0.0,0.0,0.0,0.0,1.25,0.0,0.0,0.0,0.0,0.0,0.0,0.0,0.0,0.0,0.0,0.224,0.0,0.0,0.0,0.0,2.379,18.0,69.0,0
0.0,0.63,0.0,0.0,1.59,0.31,0.0,0.0,0.31,0.0,0.0,0.63,0.0,0.0,1.27,0.63,0.31,3.18,2.22,0.0,1.91,0.0,0.31,0.63,0.0,0.0,0.0,0.31,0.0,0.0,0.0,0.0,0.0,0.0,0.0,0.0,0.0,0.0,0.0,1.59,0.0,0.0,0.0,0.0,0.0,0.0,0.0,0.0,0.0,0.275,0.0,0.055,10.13,0.0,3.509,91.0,186.0,1
1.0,0.0,2.0,0.0,0.0,0.0,0.0,0.0,0.0,0.0,0.0,1.0,0.0,0.0,0.0,0.0,0.0,0.0,5.0,0.0,1.0,0.0,0.0,0.0,0.0,0.0,10.0,0.0,0.0,0.0,0.0,0.0,0.0,0.0,0.0,0.0,0.0,0.0,0.0,0.0,0.0,0.0,0.0,0.0,0.0,0.0,0.0,0.0,0.17,0.0,0.0,0.17,0.0,0.0,1.692,4.0,22.0,0
0.0,0.0,0.35,0.0,0.35,0.71,0.0,0.0,0.0,0.0,0.0,0.71,0.0,0.0,0.0,0.0,0.0,0.0,0.71,0.0,0.35,0.0,0.0,0.0,0.0,0.0,0.0,0.0,0.0,0.0,0.0,0.0,0.35,0.0,0.0,0.0,0.35,0.0,0.35,0.0,0.0,0.0,0.35,0.0,0.35,0.0,0.0,0.0,0.0,0.124,0.0,0.372,10.13,0.0,1.641,12.0,110.0,0
0.29,0.0,0.29,0.0,0.0,0.0,10.0,0.0,0.0,0.29,0.0,0.29,0.59,0.0,0.0,0.29,0.0,0.0,3.86,0.0,0.29,0.0,0.0,0.0,0.0,0.0,0.0,0.0,0.0,0.0,0.0,0.0,0.0,0.0,0.0,0.0,0.0,0.0,0.0,0.0,0.0,0.0,0.0,0.0,0.0,0.29,0.0,0.0,0.0,0.107,0.0,0.0,0.0,0.0,1.22,6.0,61.0,0
0.0,0.0,0.48,0.0,10.95,0.48,0.0,0.0,0.24,0.0,0.48,0.24,0.0,0.0,0.0,0.48,0.0,0.0,1.2,0.0,1.44,0.0,0.48,0.24,0.0,0.0,0.0,0.0,0.0,0.24,0.0,0.0,0.0,0.0,0.0,0.0,0.0,0.0,0.0,0.24,0.0,0.0,0.24,0.0,0.0,0.0,0.0,0.24,0.0,0.036,0.0,0.036,0.184,0.0,2.336,66.0,264.0,1
0.0,0.0,0.0,0.0,1.31,0.0,0.0,0.0,0.0,0.0,0.0,0.0,0.0,0.0,0.0,0.0,0.0,0.0,1.31,0.0,2.63,0.0,0.0,0.0,0.0,0.0,10.0,0.0,0.0,0.0,0.0,0.0,0.0,0.0,0.0,0.0,0.0,0.0,0.0,0.0,0.0,0.0,0.0,0.0,0.0,0.0,0.0,0.0,0.0,0.251,0.0,1.007,0.0,0.0,1.44,8.0,36.0,1
0.0,0.0,0.0,0.0,0.0,0.0,0.0,0.0,0.0,0.0,0.0,0.0,0.0,0.0,0.0,0.0,0.0,0.0,0.0,0.0,0.0,0.0,0.0,0.0,0.0,0.0,10.0,0.0,0.0,0.0,0.0,0.0,0.0,0.0,0.0,0.0,0.0,0.0,0.0,0.0,0.0,0.0,0.0,0.0,0.0,0.0,0.0,0.0,0.0,0.0,0.0,0.0,0.0,0.0,1.0,1.0,3.0,0
0.0,0.0,0.0,0.0,0.0,0.0,0.0,0.0,0.0,0.0,0.0,0.0,2.58,0.0,0.0,0.0,0.0,0.0,2.58,0.0,1.72,0.0,0.86,0.0,0.0,0.0,0.0,0.0,0.0,0.0,0.0,0.0,0.0,0.0,0.0,0.0,0.0,0.0,0.0,0.0,0.0,0.0,0.0,0.0,0.0,0.0,0.0,0.0,0.142,0.0,0.0,10.7875,0.0,0.0,13.266,70.0,199.0,1
0.0,0.0,0.0,0.0,0.0,0.0,0.0,0.0,0.0,0.0,0.0,0.0,0.0,0.0,0.0,0.0,0.0,0.0,4.76,0.0,0.95,10.0,0.0,0.0,0.0,0.0,0.0,0.0,0.0,0.0,0.0,0.0,0.0,0.0,0.0,0.0,0.0,0.0,0.0,0.0,0.0,0.95,0.0,0.0,0.0,0.0,0.0,0.0,0.0,0.0,0.0,0.0,0.0,0.0,1.076,3.0,28.0,0
0.0,0.0,0.0,0.0,1.13,0.0,0.0,0.0,0.0,1.13,0.0,0.0,0.0,0.0,0.0,0.0,0.0,1.13,2.27,0.0,3.4,0.0,0.0,0.0,10.0,0.0,1.13,0.0,0.0,0.0,0.0,0.0,0.0,0.0,0.0,0.0,0.0,0.0,0.0,0.0,0.0,1.13,0.0,0.0,0.0,0.0,0.0,0.0,0.0,0.0,0.0,0.0,0.0,0.0,1.0,1.0,11.0,0
0.0,0.0,1.58,0.0,0.0,0.0,0.0,0.0,0.0,0.0,0.0,0.0,0.0,0.0,0.0,0.0,0.0,0.0,0.0,0.0,0.0,0.0,0.0,0.0,0.0,0.0,0.0,0.0,0.0,0.0,0.0,0.0,0.0,0.0,0.0,0.0,0.0,0.0,0.0,0.0,10.0,0.0,0.0,0.0,0.0,1.58,0.0,1.58,0.0,0.0,0.0,0.0,0.0,0.0,2.227,7.0,49.0,0
0.0,0.0,1.56,0.0,0.0,0.0,10.0,0.0,0.0,0.0,0.0,0.0,0.0,0.0,0.0,1.56,0.0,0.0,0.0,0.0,0.0,0.0,0.0,0.0,0.0,0.0,0.0,0.0,0.0,0.0,0.0,0.0,0.0,0.0,0.0,0.0,0.0,0.0,0.0,0.0,0.0,0.0,0.0,0.0,1.56,0.0,0.0,0.0,0.0,0.256,0.0,0.769,0.0,0.0,2.125,12.0,34.0,1
0.0,0.0,0.64,0.0,0.32,0.32,0.0,0.0,0.0,0.0,0.0,0.0,1.29,0.0,0.0,0.0,0.32,0.0,0.97,0.0,0.32,0.0,0.0,0.0,10.0,0.32,0.32,0.64,0.0,0.32,0.0,0.0,0.0,0.0,0.32,0.0,0.0,0.0,0.0,0.0,0.0,0.0,0.0,0.0,0.0,0.0,0.0,0.0,0.0,0.371,0.0,0.0,0.0,0.0,2.05,11.0,82.0,0
0.0,0.0,0.0,0.0,0.0,0.0,0.0,0.0,0.0,0.0,0.0,0.0,0.0,0.0,0.0,0.0,0.0,0.0,1.33,0.0,1.33,0.0,0.0,0.0,4.0,0.0,10.0,0.0,0.0,0.0,0.0,0.0,0.0,0.0,0.0,0.0,0.0,0.0,0.0,0.0,0.0,0.0,0.0,0.0,0.0,0.0,0.0,0.0,0.211,0.0,0.0,0.211,0.0,0.0,1.38,4.0,29.0,0
0.0,0.0,0.0,0.0,0.0,0.0,0.0,0.0,0.0,0.0,0.0,0.0,0.0,0.0,0.0,0.0,0.0,0.0,4.54,0.0,0.0,0.0,0.0,0.0,0.0,0.0,0.0,0.0,0.0,0.0,0.0,0.0,0.0,0.0,0.0,0.0,0.0,0.0,0.0,0.0,0.0,0.0,0.0,0.0,10.275,0.0,0.0,0.0,0.0,0.0,0.0,0.763,0.0,0.0,2.222,8.0,20.0,0
0.0,0.0,0.0,0.0,0.0,0.0,5.4,0.0,0.0,0.0,0.0,0.0,0.0,0.0,0.0,5.4,0.0,0.9,1.8,0.0,0.9,0.0,0.0,0.0,0.0,0.0,10.0,0.0,0.0,0.0,0.0,0.0,0.0,0.0,0.0,0.0,0.0,0.0,0.0,0.0,0.0,0.0,0.0,0.0,0.0,0.0,0.0,0.0,0.0,0.0,0.0,0.841,0.21,0.0,24.785,295.0,347.0,1
0.0,0.0,0.0,0.0,0.0,0.0,0.0,0.0,0.0,0.0,0.0,0.44,0.0,0.0,0.0,0.0,0.0,0.0,0.88,0.0,0.88,0.0,0.0,0.0,1.32,0.88,0.88,0.88,0.44,0.44,0.44,0.44,0.0,0.44,0.88,0.44,0.0,0.0,0.0,0.44,0.0,0.0,0.0,0.0,0.44,0.0,0.0,0.0,0.0,0.207,0.0,0.0,0.0,0.207,16.883,40.0,132.0,0
0.36,0.36,0.0,0.0,1.8,0.0,0.0,0.0,0.0,0.0,0.0,1.44,0.0,0.0,0.0,0.0,0.72,0.0,0.36,0.0,1.08,0.0,0.0,0.0,1.8,0.0,0.0,0.0,0.72,0.36,0.0,0.0,0.0,0.0,0.0,0.0,0.36,0.0,0.0,0.0,0.0,0.0,0.0,0.0,0.0,0.0,0.0,0.0,0.0,0.0,0.0,0.0,10.13,0.0,1.636,12.0,54.0,0
0.0,0.0,0.0,0.0,0.0,0.0,10.0,0.0,0.0,0.0,0.0,0.91,0.0,0.0,0.0,0.91,0.0,1.83,4.58,0.0,1.83,0.0,0.0,0.0,0.0,0.0,0.0,0.0,0.0,0.0,0.0,0.0,0.0,0.0,0.0,0.0,0.0,0.0,0.0,0.0,0.0,0.0,0.0,0.0,0.0,0.0,0.0,0.0,0.0,0.151,0.0,0.455,0.0,0.0,2.842,10.0,54.0,1
0.45,0.9,0.9,0.0,0.45,0.0,0.0,0.45,0.0,1.8,0.0,2.25,0.0,0.45,0.0,0.45,0.0,0.0,1.8,0.0,5.4,0.0,0.0,0.0,0.0,0.0,10.0,0.0,0.0,0.0,0.0,0.0,0.0,0.0,0.0,0.0,0.0,0.0,0.0,0.0,0.0,0.0,0.0,0.0,0.0,0.0,0.0,0.0,0.0,0.243,0.0,1.626,0.162,0.081,69.727,706.0,767.0,1
0.0,0.0,0.0,0.0,1.26,0.0,10.0,1.26,1.26,1.26,1.26,1.26,0.0,0.0,0.0,0.0,5.06,0.0,2.53,1.26,3.79,0.0,0.0,0.0,0.0,0.0,0.0,0.0,0.0,0.0,0.0,0.0,0.0,0.0,0.0,0.0,0.0,0.0,0.0,0.0,0.0,0.0,0.0,0.0,0.0,0.0,0.0,0.0,0.0,0.0,0.0,0.537,0.0,0.0,72.5,287.0,290.0,1
0.43,0.0,0.43,0.0,0.43,0.0,0.86,0.0,0.0,0.0,0.0,0.43,0.0,0.0,0.0,0.0,0.86,0.43,1.29,0.0,4.76,0.0,0.0,1.29,0.0,0.0,0.0,0.0,0.0,0.0,0.0,0.0,0.0,0.0,0.0,0.0,0.0,0.0,0.0,0.0,10.0,0.0,0.0,0.0,0.0,0.0,0.0,0.0,0.14,0.0,0.0,0.915,0.0,0.0,3.891,47.0,144.0,1
0.0,0.55,0.55,0.0,1.1,0.55,10.0,0.0,0.0,0.55,0.0,0.55,0.0,0.0,0.0,0.0,0.0,0.55,3.31,0.0,1.1,0.0,0.0,0.0,0.0,0.0,0.0,0.0,0.0,0.0,0.0,0.0,0.0,0.0,0.0,0.0,0.0,0.0,0.0,0.0,0.0,0.0,0.0,0.0,0.55,0.0,0.0,0.0,0.0,0.165,0.0,0.496,0.0,0.082,16.782,148.0,386.0,1
0.0,0.0,3.7,0.0,0.0,0.0,0.0,0.0,0.0,0.0,0.0,0.0,0.0,0.0,0.0,1.85,0.0,0.0,1.85,0.0,0.0,0.0,1.85,0.0,0.0,0.0,0.0,0.0,0.0,0.0,0.0,0.0,0.0,0.0,0.0,0.0,0.0,0.0,0.0,0.0,0.0,0.0,0.0,0.0,0.0,0.0,0.0,0.0,0.0,0.289,0.0,10.7875,0.0,0.0,4.833,29.0,87.0,1
0.0,0.0,0.0,0.0,0.0,0.0,0.0,0.0,0.0,0.0,0.0,0.0,0.0,0.0,0.0,0.0,0.0,0.0,0.0,0.0,0.0,0.0,0.0,0.0,1.97,1.72,0.49,0.24,0.24,0.24,0.24,0.24,0.24,0.24,0.24,0.24,0.24,0.0,0.0,0.24,0.0,0.0,0.24,0.0,0.24,0.49,0.0,0.0,0.0,10.47,0.075,0.037,0.0,0.0,2.367,12.0,206.0,0
0.29,0.0,0.51,0.0,1.62,0.0,0.0,0.0,0.0,0.0,0.0,0.73,0.14,0.0,0.0,0.07,0.81,0.0,16.6,0.0,0.07,0.0,0.0,0.0,0.95,0.0,0.0,0.0,0.0,0.07,0.0,0.0,0.0,0.0,0.0,0.14,0.07,0.07,0.0,0.0,0.0,0.07,0.0,0.0,0.07,0.0,0.0,0.0,0.0,0.032,0.0,0.0,0.01,0.0,1.588,51.0,243.0,0
0.0,0.0,0.0,0.0,5.26,0.0,0.0,0.0,0.0,0.0,0.0,0.0,0.0,0.0,0.0,0.0,0.0,0.0,0.0,0.0,0.0,0.0,0.0,0.0,0.0,0.0,10.0,0.0,0.0,0.0,0.0,0.0,0.0,0.0,0.0,0.0,0.0,0.0,0.0,0.0,0.0,0.0,0.0,0.0,0.0,0.0,0.0,0.0,0.0,0.0,0.0,0.0,0.0,0.0,2.0,7.0,12.0,0
0.0,0.0,0.0,0.0,0.0,0.0,0.0,0.0,0.0,0.0,0.0,5.12,0.0,0.0,0.0,0.0,0.0,0.0,2.56,0.0,0.0,0.0,0.0,0.0,0.0,0.0,0.0,0.0,5.12,0.0,0.0,0.0,0.0,0.0,0.0,0.0,0.0,0.0,0.0,0.0,0.0,10.0,0.0,0.0,0.0,0.0,0.0,0.0,0.0,0.5,0.0,0.0,0.0,0.0,2.266,7.0,34.0,0
0.0,0.0,0.48,0.0,0.96,0.0,0.48,0.0,0.0,0.0,0.0,0.0,0.0,0.0,0.0,0.48,0.96,0.0,1.92,0.0,1.44,0.0,0.48,0.48,0.0,0.0,0.0,0.0,0.0,0.0,0.0,0.0,0.0,0.0,0.0,0.0,0.0,0.0,0.0,0.0,0.0,10.0,0.0,0.0,1.44,0.0,0.0,0.0,0.0,0.073,0.0,0.515,0.957,0.0,6.833,78.0,328.0,1
0.0,0.0,0.48,0.0,0.72,0.48,0.0,0.0,0.24,0.0,0.48,0.24,0.0,0.0,0.0,0.48,0.0,0.0,1.2,0.0,1.44,0.0,0.48,0.24,0.0,0.0,10.0,0.0,0.0,0.24,0.0,0.0,0.0,0.0,0.0,0.0,0.0,0.0,0.0,0.24,0.0,0.0,0.24,0.0,0.0,0.0,0.0,0.24,0.0,0.036,0.0,0.036,0.184,0.0,2.336,66.0,264.0,1
0.0,0.82,0.32,0.0,1.14,0.32,0.0,0.16,0.0,0.65,0.0,2.13,0.0,0.0,0.0,0.16,0.0,0.0,1.47,0.0,1.47,0.0,0.98,0.32,0.0,0.0,0.0,0.0,0.0,0.0,0.0,0.0,0.0,10.0,0.0,0.0,0.0,0.0,0.0,0.0,0.0,0.0,0.0,0.16,0.0,0.0,0.0,0.0,0.0,0.0,0.0,0.0,0.29,0.029,2.257,13.0,158.0,1
0.0,0.0,0.0,0.0,0.0,0.0,0.0,0.0,0.0,0.0,0.0,0.0,0.0,0.0,0.0,0.6,0.0,0.0,0.0,0.0,0.0,0.0,0.0,0.6,0.0,0.0,10.0,0.0,0.0,0.0,0.0,0.0,0.0,0.0,0.0,0.0,0.0,0.0,0.0,0.0,0.0,0.0,0.0,0.0,0.0,0.0,0.0,0.0,0.0,0.102,0.0,0.102,0.72,0.0,4.512,43.0,185.0,1
0.0,0.0,0.0,0.0,0.0,0.0,0.0,0.0,0.0,1.44,0.0,0.0,0.0,0.0,0.0,0.0,0.0,0.0,4.34,0.0,0.0,0.0,0.0,0.0,0.0,0.0,0.0,0.0,0.0,0.0,0.0,0.0,0.0,0.0,0.0,0.0,0.0,0.0,0.0,0.0,0.0,0.0,0.0,0.0,0.0,10.0,0.0,0.0,0.0,0.0,0.0,0.954,0.0,0.0,9.125,63.0,73.0,0
0.0,0.0,0.0,0.0,0.0,0.0,0.0,0.0,0.0,0.0,0.0,0.0,0.0,0.0,0.0,10.25,0.0,0.0,3.57,0.0,0.0,0.0,0.0,0.0,0.0,0.0,0.0,0.0,0.0,0.0,0.0,0.0,0.0,0.0,0.0,0.0,0.0,0.0,0.0,0.0,0.0,0.0,0.0,0.0,3.57,0.0,0.0,0.0,0.675,0.0,0.0,0.0,0.0,0.0,1.0,1.0,3.0,0
0.0,0.0,0.29,0.0,0.0,0.0,0.0,0.0,0.0,0.0,0.0,0.0,0.0,0.0,0.0,10.25,0.0,0.0,0.29,0.0,0.0,0.0,0.0,0.0,0.0,0.0,0.0,0.0,0.0,0.0,0.0,0.0,0.0,0.0,0.29,1.17,0.0,0.0,0.0,0.0,0.0,0.58,0.0,0.29,0.29,0.0,0.0,0.0,0.0,0.178,0.0,0.044,0.0,0.0,1.666,10.0,180.0,0
0.0,0.0,0.0,0.0,0.0,0.0,0.0,0.0,0.0,0.0,0.0,0.0,0.0,0.0,0.0,0.0,0.0,0.0,5.71,0.0,0.0,0.0,0.0,0.0,0.0,0.0,0.0,0.0,0.0,0.0,0.0,0.0,0.0,0.0,0.0,0.0,0.0,0.0,0.0,0.0,0.0,0.0,0.0,0.0,2.85,10.0,0.0,0.0,0.0,0.0,0.0,0.0,0.0,0.0,1.111,3.0,20.0,0
0.0,0.0,0.0,0.0,0.0,0.0,0.0,0.0,0.0,0.0,0.0,0.91,0.0,0.0,0.0,0.0,0.0,0.22,0.0,10.0,0.0,0.0,0.0,0.0,0.22,0.22,0.0,0.45,0.0,0.0,0.0,0.0,0.0,0.0,0.22,0.0,0.0,0.0,0.0,0.0,0.0,0.0,0.0,0.22,0.0,0.0,0.0,0.22,0.0,0.154,0.0,0.0,0.0,0.0,1.768,15.0,122.0,0
0.0,0.0,0.29,0.0,0.29,0.0,0.0,0.0,0.29,0.0,0.0,0.29,0.0,1.19,0.0,0.0,0.29,0.0,0.29,0.0,0.29,0.0,0.0,0.0,0.0,0.0,10.0,0.29,0.0,0.0,0.29,0.0,0.0,0.0,0.29,0.0,0.29,0.0,0.0,0.0,0.0,0.89,0.0,0.0,0.0,0.0,0.0,0.0,0.0,0.156,0.031,0.376,0.0,0.125,3.338,157.0,611.0,0
0.23,0.0,0.47,0.0,0.23,0.0,10.0,0.0,0.0,0.0,0.0,0.0,0.0,0.23,0.0,0.23,0.23,0.0,7.1,0.0,1.89,0.0,0.0,0.23,0.0,0.0,0.0,0.0,0.0,0.0,0.0,0.0,0.0,0.0,0.0,0.0,0.0,0.0,0.0,0.0,0.0,0.0,0.0,0.0,0.71,0.0,0.0,0.0,0.043,0.043,0.0,0.175,0.0,0.0,1.294,11.0,66.0,1
0.0,0.0,0.0,0.0,0.0,0.0,0.0,0.0,0.0,0.0,0.0,0.0,0.0,0.0,0.0,0.0,0.0,0.0,4.16,0.0,0.0,0.0,0.0,0.0,10.0,0.0,0.0,0.0,0.0,0.0,0.0,0.0,0.0,0.0,0.0,0.0,0.0,0.0,0.0,0.0,0.0,0.0,0.0,0.0,0.0,0.0,0.0,0.0,0.0,0.0,0.0,0.74,0.0,0.0,1.625,6.0,13.0,0
0.0,2.01,0.0,0.0,0.0,0.0,0.0,0.0,0.0,2.68,0.0,0.67,0.0,0.0,0.0,0.0,0.0,0.0,4.02,0.0,3.35,0.0,0.0,0.0,0.0,0.0,0.0,0.0,0.0,0.0,0.0,0.0,0.0,0.0,0.0,0.0,0.67,0.0,0.0,0.0,0.0,0.0,0.0,0.0,0.0,2.01,0.0,0.0,0.112,0.112,0.0,0.112,10.13,0.0,2.484,15.0,82.0,0
0.0,0.0,0.0,0.0,0.0,0.0,0.0,0.0,0.0,0.0,0.0,0.0,0.0,0.0,0.0,0.0,0.0,0.0,1.49,0.0,0.0,0.0,0.0,0.0,7.46,2.98,10.0,0.0,0.0,2.98,0.0,0.0,0.0,0.0,1.49,0.0,0.0,0.0,0.0,0.0,0.0,0.0,0.0,0.0,0.0,0.0,0.0,0.0,0.0,0.0,0.0,0.0,0.0,0.0,1.961,11.0,51.0,0
0.09,0.0,0.09,0.0,0.39,0.09,0.09,0.0,0.19,0.29,0.39,0.48,0.0,0.58,0.0,0.87,0.19,0.0,1.66,4.1,1.66,0.0,0.39,0.19,0.0,0.0,10.0,0.0,0.0,0.0,0.0,0.0,0.0,0.0,0.0,0.0,0.0,0.0,0.0,0.0,0.0,0.0,0.0,0.0,0.0,0.0,0.0,0.0,0.0,0.14,0.0,0.326,0.155,0.0,6.813,494.0,1458.0,1
0.0,0.0,0.91,0.0,0.0,0.0,0.0,0.0,0.0,0.0,0.0,0.91,0.91,0.0,0.0,0.0,0.0,0.0,5.5,0.0,0.91,0.0,0.0,1.83,0.0,0.0,0.0,0.0,0.0,0.0,0.0,0.0,0.0,0.0,0.0,0.0,0.0,0.0,0.0,0.0,0.0,0.0,0.0,0.0,0.91,10.0,0.0,0.0,0.0,0.0,0.0,0.13,0.0,0.0,2.457,47.0,86.0,0
0.0,1.31,0.56,0.0,0.0,0.93,0.0,0.18,0.37,0.75,0.0,2.06,0.0,10.0,0.0,0.0,0.37,0.0,2.44,0.0,0.93,0.0,0.0,0.18,0.0,0.0,0.18,0.0,0.0,0.0,0.0,0.0,0.0,0.0,0.0,0.0,0.0,0.0,0.0,0.0,0.0,0.0,0.0,0.0,0.0,0.0,0.0,0.0,0.0,0.08,0.0,0.268,0.107,0.0,2.698,42.0,251.0,1
0.0,0.29,0.29,0.0,0.58,0.0,0.58,0.0,0.0,0.58,0.29,0.29,0.0,0.0,0.0,1.46,0.29,0.87,1.16,0.87,1.16,0.0,0.0,0.0,0.0,0.0,10.0,0.0,0.0,0.0,0.0,0.0,0.0,0.0,0.0,0.0,0.0,0.0,0.0,0.0,0.0,0.0,0.0,0.0,0.29,0.0,0.0,0.0,0.0,0.086,0.0,0.606,0.0,0.043,3.591,37.0,352.0,1
0.0,0.0,1.29,0.0,0.0,1.29,0.0,0.0,0.0,0.0,0.0,0.0,0.0,0.0,0.0,2.59,0.0,0.0,1.29,0.0,1.29,1.29,10.0,0.0,0.0,0.0,0.0,0.0,0.0,0.0,0.0,0.0,0.0,0.0,0.0,0.0,0.0,0.0,0.0,0.0,0.0,0.0,0.0,0.0,0.0,0.0,0.0,0.0,0.0,0.439,0.0,1.098,0.0,0.439,3.571,36.0,125.0,1
0.06,0.0,0.06,0.0,0.0,0.06,0.0,0.0,0.54,0.0,0.0,0.18,0.0,0.12,0.0,0.0,0.0,0.06,0.24,0.0,0.18,0.0,0.0,0.0,1.14,1.2,0.06,0.0,0.0,0.0,10.0,0.0,0.18,0.0,0.0,0.0,0.9,0.0,0.0,0.0,0.0,0.0,0.0,0.0,0.12,0.0,0.0,0.0,0.115,0.221,0.115,0.0,0.017,0.0,3.015,38.0,1345.0,0
0.0,0.0,0.0,10.0,0.0,0.0,0.0,0.0,0.0,0.0,0.0,0.0,0.0,0.0,0.0,0.0,0.0,0.0,2.12,0.0,0.0,0.0,0.0,0.0,0.0,0.0,0.0,0.0,0.0,0.0,0.0,0.0,0.0,0.0,0.0,0.0,0.0,0.0,0.0,0.0,0.0,2.12,0.0,0.0,0.0,2.12,0.0,0.0,0.0,0.344,0.0,0.0,0.0,0.0,1.4,5.0,14.0,0
0.0,0.0,0.0,0.0,0.27,0.0,0.0,0.27,0.0,0.0,0.0,0.27,1.91,0.0,0.27,0.27,0.0,0.54,0.0,0.0,0.0,0.0,0.0,0.0,10.0,0.27,0.0,0.54,0.0,0.27,0.0,0.0,0.0,0.0,0.0,0.0,0.0,0.0,0.0,0.0,0.0,0.0,0.0,0.0,0.0,0.27,0.0,0.0,0.039,0.117,0.0,0.0,0.0,0.0,2.52,55.0,189.0,0
0.0,0.0,0.0,0.0,0.0,0.0,0.0,0.0,0.0,0.0,0.0,1.31,0.0,0.0,0.0,0.0,0.0,0.0,1.31,0.0,0.0,0.0,0.0,0.0,2.63,2.63,2.63,1.31,1.31,1.31,1.31,1.31,0.0,1.31,1.31,1.31,1.31,0.0,1.31,1.31,0.0,0.0,1.31,0.0,2.63,0.0,10.0,0.0,0.0,0.407,0.203,0.0,0.0,0.0,2.151,12.0,71.0,0
0.0,0.0,0.0,0.0,0.51,0.0,0.0,0.0,0.0,0.0,0.0,0.51,0.0,0.0,0.0,0.0,0.0,0.51,0.0,0.0,0.0,0.0,0.0,0.0,0.0,0.0,10.0,0.0,0.0,0.0,0.0,0.0,1.03,0.0,0.0,0.0,0.51,0.0,0.0,0.0,0.0,0.0,0.0,0.51,0.0,1.03,0.0,0.0,0.0,0.0,0.0,0.0,0.0,0.0,1.681,11.0,74.0,0
0.27,0.27,0.55,0.0,0.27,0.27,0.0,1.37,0.27,0.82,0.27,0.55,0.0,0.0,0.0,0.0,1.37,0.55,1.65,2.2,3.03,0.0,0.0,0.0,10.0,0.0,0.0,0.0,0.0,0.0,0.0,0.0,0.0,0.0,0.0,0.0,0.0,0.0,0.0,0.27,0.0,0.0,0.0,0.0,0.0,0.0,0.0,0.0,0.0,0.279,0.0,1.023,0.093,0.0,3.621,63.0,344.0,1
0.34,0.0,1.7,0.0,1.02,0.0,0.0,0.0,0.68,1.02,0.0,0.0,0.0,0.0,0.0,0.0,0.0,0.0,0.34,1.02,0.68,0.0,0.0,0.0,0.34,0.0,0.0,0.0,0.0,0.0,0.0,0.0,0.0,0.0,0.0,0.0,0.0,0.0,0.0,0.0,0.0,0.0,0.0,0.0,0.0,0.0,0.0,0.0,0.0,0.0,0.0,0.898,0.105,0.0,16.883,1325.0,1330.0,1
0.0,0.0,0.0,0.0,1.29,0.0,0.0,0.0,0.0,0.0,0.0,0.0,0.0,0.0,0.0,0.64,0.0,1.29,2.58,0.64,1.29,0.0,0.0,0.0,0.0,0.0,0.0,0.0,0.0,0.0,0.0,0.0,0.0,0.0,0.0,0.0,0.0,0.0,0.64,0.0,0.0,0.0,0.0,0.0,0.0,0.0,0.0,0.0,0.0,0.224,0.0,10.7875,0.0,0.0,2.09,13.0,69.0,1
0.0,0.0,0.93,0.0,0.31,0.0,0.0,0.0,0.31,0.0,0.31,0.93,0.0,0.0,0.0,0.0,0.62,0.0,3.75,0.0,3.43,0.0,0.0,0.0,0.0,0.0,0.0,0.0,0.0,0.0,10.0,0.0,0.0,0.0,0.0,0.0,0.31,0.0,0.0,0.0,0.0,0.0,0.0,0.0,0.0,0.0,0.0,0.0,0.054,0.108,0.0,0.054,0.0,0.054,2.735,14.0,145.0,0
0.0,0.0,0.0,0.0,2.5,0.0,0.0,0.0,0.0,0.0,0.0,0.62,0.0,0.0,0.0,0.0,1.25,0.0,3.12,0.0,0.62,0.0,0.0,0.0,10.0,0.0,0.0,0.0,0.0,0.0,0.0,0.0,0.0,0.0,0.0,0.0,0.0,0.0,0.0,0.0,0.0,0.0,0.0,0.0,0.0,0.0,0.0,0.0,0.0,0.0,0.0,0.08,0.0,0.0,2.111,18.0,57.0,1
0.13,0.0,0.13,0.0,0.27,0.27,0.0,0.0,0.0,0.0,0.0,0.41,0.27,0.0,0.0,0.0,0.0,0.0,1.25,0.0,0.27,0.0,0.0,0.0,0.0,0.0,0.0,0.0,0.0,0.0,0.0,0.0,0.0,0.0,0.0,0.0,0.0,0.0,0.13,0.0,0.0,0.0,0.0,0.0,0.27,0.13,0.0,0.0,0.0,0.294,0.0,0.514,10.13,0.0,1.409,17.0,172.0,0
0.1,0.0,0.0,0.0,0.0,0.1,0.0,0.52,0.0,0.1,0.0,1.9,0.1,0.1,0.0,0.1,0.21,0.0,0.0,0.0,0.0,0.0,0.0,0.0,10.0,0.0,0.0,0.0,0.0,0.0,0.0,0.0,0.0,0.0,0.0,0.1,0.1,0.0,0.0,0.0,0.0,0.0,0.0,0.1,0.0,0.0,0.0,0.0,0.027,0.138,0.0,0.041,0.041,0.0,2.321,31.0,469.0,0
0.0,0.0,0.0,0.0,0.0,0.0,0.0,1.25,0.0,0.41,0.0,0.0,0.0,0.0,10.0,0.41,0.0,1.67,0.41,0.0,0.41,0.0,0.0,0.0,0.0,0.0,0.0,0.0,0.0,0.0,0.0,0.0,0.0,0.0,0.0,0.41,0.0,0.0,0.0,0.0,0.0,0.0,0.0,0.0,0.0,0.0,0.0,0.0,0.0,0.125,0.0,0.312,0.062,0.0,1.477,8.0,65.0,1
0.0,0.0,0.0,0.0,0.38,0.0,0.0,0.0,0.0,0.0,0.0,2.28,0.0,0.0,0.0,0.0,0.0,0.0,0.76,0.0,0.0,0.0,0.0,0.0,1.14,0.76,10.0,0.0,0.38,1.14,0.0,0.0,0.0,0.0,0.0,0.0,0.0,0.0,0.0,0.0,0.0,0.0,0.0,0.0,0.0,0.0,0.0,0.0,0.0,0.0,0.0,0.0,0.0,0.0,1.352,3.0,46.0,0
0.0,0.0,0.0,0.0,0.0,0.0,0.0,0.0,0.0,0.0,0.0,4.34,0.0,0.0,0.0,0.0,0.0,0.0,0.0,0.0,0.0,0.0,0.0,0.0,0.0,0.0,0.0,0.0,0.0,0.0,0.0,0.0,0.0,0.0,0.0,0.0,0.0,0.0,0.0,0.0,0.0,10.0,0.0,0.0,0.0,0.0,0.0,0.0,0.0,0.0,0.0,0.0,0.0,0.0,1.928,15.0,54.0,0
0.0,3.27,0.0,0.0,1.63,0.0,0.0,0.0,0.0,0.0,0.0,0.0,0.0,0.0,0.0,0.0,0.0,0.0,0.0,0.0,3.27,0.0,0.0,0.0,0.0,0.0,1.63,0.0,0.0,0.0,0.0,1.63,0.0,1.63,0.0,0.0,0.0,0.0,0.0,0.0,0.0,0.0,0.0,0.0,0.0,0.0,0.0,0.0,0.0,0.527,0.0,0.263,0.0,0.0,16.883,22.0,53.0,0
0.0,0.0,0.21,0.0,0.0,0.0,10.0,0.21,0.0,0.21,0.0,0.0,0.0,0.0,0.0,0.0,0.0,0.21,0.0,0.0,0.0,0.0,0.0,0.0,0.21,0.21,0.0,0.43,0.0,0.0,0.0,0.0,0.21,0.0,0.21,0.0,0.21,0.0,0.0,0.0,0.0,0.0,0.0,0.0,0.0,0.0,0.0,0.0,0.0,0.149,0.0,0.0,0.0,0.0,1.79,15.0,188.0,0
0.0,0.0,0.0,0.0,0.0,0.0,10.0,0.0,0.0,0.0,0.0,0.0,0.0,0.0,0.0,0.0,0.0,0.0,5.55,0.0,1.11,0.0,0.0,0.0,0.0,0.0,0.0,0.0,0.0,0.0,0.0,0.0,0.0,0.0,0.0,0.0,0.0,0.0,0.0,0.0,0.0,0.0,0.0,0.0,0.0,0.0,0.0,0.0,0.0,0.0,0.0,1.473,0.0,0.0,4.071,29.0,114.0,1
0.79,0.19,0.09,0.0,0.0,0.0,0.0,0.09,0.29,0.09,0.29,0.59,0.69,0.0,0.0,0.09,0.0,0.59,4.09,0.0,0.89,0.0,0.39,0.49,0.0,0.0,0.0,0.0,0.0,0.0,0.0,0.0,0.0,0.0,0.0,0.0,0.0,0.0,0.0,0.0,0.0,0.0,0.0,0.0,0.0,10.0,0.0,0.0,0.0,0.267,0.0,0.19,0.247,0.0,2.324,19.0,365.0,1
0.0,0.0,0.0,0.0,0.0,0.0,0.0,0.0,0.0,5.0,0.0,0.0,0.0,0.0,0.0,0.0,0.0,0.0,0.0,0.0,0.0,0.0,0.0,0.0,0.0,0.0,0.0,0.0,0.0,0.0,0.0,0.0,0.0,0.0,0.0,0.0,0.0,0.0,0.0,0.0,0.0,0.0,0.0,0.0,0.0,10.0,0.0,0.0,0.317,0.0,0.0,0.952,0.0,0.0,4.823,13.0,82.0,1
0.0,0.54,0.0,0.0,0.0,0.0,10.0,0.0,0.0,0.54,0.54,0.54,0.0,0.0,0.0,2.17,0.0,0.54,3.26,0.0,1.08,0.0,0.0,0.0,0.0,0.0,0.0,0.0,0.0,0.0,0.0,0.0,0.0,0.0,0.0,0.0,0.0,0.0,0.0,0.0,0.0,0.0,0.0,0.0,0.54,0.0,0.0,0.0,0.0,0.0,0.0,0.347,0.0,0.0,1.325,5.0,53.0,1
0.0,0.0,0.0,0.0,0.0,0.68,1.37,0.68,0.0,0.0,10.0,0.68,0.0,0.0,0.0,0.0,0.0,0.34,0.34,0.0,0.0,0.0,0.0,0.0,0.0,0.0,0.0,0.0,0.0,0.0,0.0,0.0,0.0,0.0,0.0,0.34,0.0,0.0,0.0,0.0,0.0,0.34,0.0,0.0,0.0,0.0,0.0,0.0,0.0,0.103,0.0,0.206,0.309,0.0,4.029,69.0,270.0,1
0.54,0.0,1.08,0.0,0.54,0.0,1.08,0.0,0.0,0.0,0.0,0.54,0.0,0.0,0.0,0.54,10.0,0.0,4.32,0.0,1.08,0.0,1.62,0.0,0.0,0.0,0.0,0.0,0.0,0.0,0.0,0.0,0.0,0.0,0.0,0.0,0.0,0.0,0.0,0.0,0.0,0.0,0.0,0.0,0.54,0.0,0.0,0.0,0.0,0.0,0.0,1.18,0.252,0.0,5.323,68.0,181.0,1
0.43,0.0,0.87,0.0,0.87,0.0,0.87,0.0,0.0,0.0,0.0,0.43,0.0,0.0,0.0,0.0,0.43,0.43,4.38,0.0,1.31,0.0,1.31,0.0,0.0,0.0,0.0,0.0,10.0,0.0,0.0,0.0,0.0,0.0,0.43,0.0,0.0,0.0,0.0,0.0,0.0,0.0,0.0,0.0,0.43,0.0,0.0,0.0,0.0,0.145,0.0,1.021,0.218,0.0,3.35,59.0,134.0,1
0.08,0.08,0.76,0.0,0.85,1.02,10.0,0.17,0.59,0.08,0.17,0.59,0.17,0.0,2.21,0.25,0.08,0.93,1.61,0.17,0.42,0.0,0.85,0.08,0.0,0.0,0.0,0.0,0.0,0.0,0.0,0.0,0.0,0.0,0.0,0.0,0.0,0.0,0.0,0.08,0.0,0.0,0.17,0.08,0.08,0.08,0.0,0.0,0.0,0.065,0.0,0.408,0.118,0.013,7.55,669.0,1412.0,1
0.0,0.28,0.0,0.0,1.4,0.0,0.28,0.28,0.0,0.56,0.0,0.84,0.0,0.0,0.0,0.28,0.0,0.0,1.68,0.0,1.96,0.0,0.0,0.0,0.0,0.0,10.0,0.0,0.0,0.0,0.0,0.0,1.4,0.0,0.0,0.0,0.0,0.28,0.0,0.0,0.0,0.0,0.0,0.28,0.28,0.0,0.0,0.0,0.0,0.137,0.068,0.034,0.0,0.0,5.635,114.0,603.0,1
1.23,0.0,0.0,0.0,0.0,0.46,0.0,0.15,0.0,0.61,0.0,0.3,1.07,0.0,0.0,0.0,0.0,0.0,1.84,0.0,0.92,0.0,0.76,1.23,0.0,0.0,10.0,0.0,0.0,0.0,0.0,0.0,0.0,0.0,0.0,0.0,0.0,0.0,0.0,0.0,0.0,0.0,0.0,0.0,0.0,0.0,0.0,0.0,0.0,0.057,0.0,0.52,0.289,0.144,4.33,84.0,446.0,1
1.63,0.0,1.63,0.0,0.0,0.0,0.0,0.0,1.63,0.0,0.0,0.0,0.0,0.0,0.0,1.63,0.0,0.0,3.27,0.0,3.27,0.0,0.0,0.0,0.0,0.0,10.0,0.0,0.0,0.0,0.0,0.0,0.0,0.0,0.0,0.0,0.0,0.0,0.0,0.0,0.0,0.0,0.0,0.0,0.0,0.0,0.0,0.0,0.0,0.0,0.0,0.8,0.266,0.0,2.0,16.0,36.0,1
0.25,0.0,0.25,0.0,0.0,0.0,0.25,0.0,0.77,1.55,0.0,0.51,0.0,0.0,0.0,0.25,0.0,0.0,1.55,0.0,0.51,0.0,0.0,0.0,0.0,0.0,0.0,0.0,0.0,0.0,0.0,0.0,0.0,0.0,0.0,0.0,1.29,0.0,0.0,0.0,0.0,0.0,0.0,0.0,0.0,0.0,0.0,0.0,0.0,0.404,0.0,0.161,10.13,0.04,9.633,110.0,578.0,1
0.0,0.0,0.0,0.0,0.0,0.0,0.0,0.0,0.0,0.0,0.0,0.0,0.0,0.0,0.0,0.0,0.0,0.0,5.0,0.0,0.0,0.0,0.0,0.0,0.0,0.0,10.0,0.0,0.0,0.0,0.0,0.0,0.0,0.0,0.0,0.0,0.0,0.0,0.0,0.0,0.0,0.0,0.0,0.0,0.0,0.0,0.0,0.0,0.0,0.0,0.0,0.833,0.0,0.416,1.937,8.0,31.0,0
0.0,0.0,0.0,0.0,2.63,0.0,0.0,0.0,0.0,0.0,0.0,0.0,0.0,0.0,0.0,1.31,0.0,0.0,1.31,0.0,2.63,0.0,0.0,0.0,0.0,0.0,0.0,0.0,0.0,0.0,10.0,0.0,0.0,0.0,0.0,0.0,0.0,0.0,0.0,0.0,0.0,0.0,0.0,0.0,0.0,0.0,0.0,0.0,0.0,0.0,0.0,0.0,0.0,0.0,4.818,46.0,106.0,1
0.05,0.05,0.4,0.0,0.34,0.0,0.0,0.0,0.57,0.05,0.0,0.28,0.11,0.0,0.0,0.17,0.0,0.0,1.09,0.05,0.92,0.0,0.0,0.05,0.0,0.0,10.0,0.0,0.05,0.0,0.0,0.0,0.0,0.0,0.0,0.0,0.0,0.0,0.0,0.0,0.0,0.11,0.0,0.0,0.05,0.0,0.0,0.0,0.019,0.099,0.0,0.099,0.079,0.009,4.906,95.0,1310.0,1
0.0,0.0,0.0,0.0,0.0,0.0,10.0,0.0,0.0,0.0,0.0,0.0,0.0,0.0,0.0,0.0,0.0,0.0,0.0,0.0,0.0,0.0,0.0,0.0,0.0,0.0,0.0,0.0,0.0,0.0,0.0,0.0,0.0,0.0,0.0,0.0,0.0,0.0,0.0,0.0,0.0,0.0,0.0,0.0,0.0,0.0,0.0,0.0,0.0,0.0,0.0,0.0,0.0,0.0,3.0,5.0,6.0,0
0.41,0.0,0.41,0.0,1.25,0.0,0.41,0.0,0.0,0.2,0.0,1.04,0.2,0.0,0.0,0.41,0.41,0.0,3.96,0.0,2.29,0.0,0.2,1.04,0.0,0.0,0.0,0.0,0.0,0.0,0.0,0.0,0.0,0.0,0.0,0.0,0.0,0.0,0.0,0.0,0.0,0.2,0.0,0.0,0.83,0.0,0.0,0.0,0.0,0.069,0.0,0.866,10.13,0.0,5.052,214.0,485.0,0
0.0,0.35,0.7,0.0,0.35,0.0,0.0,0.0,0.0,0.0,0.0,0.7,0.0,0.0,0.0,1.05,0.0,0.7,2.11,0.0,1.4,0.0,0.0,0.0,0.0,0.0,10.0,0.0,0.0,0.0,0.0,0.0,0.0,0.0,0.0,0.0,0.0,0.0,0.0,0.0,0.0,0.0,0.0,0.0,0.35,0.0,0.0,0.0,0.0,0.122,0.0,1.284,0.0,0.0,3.639,61.0,313.0,1
0.41,0.0,0.83,0.0,0.0,0.41,0.0,0.0,0.0,0.0,0.0,0.83,0.0,0.0,0.0,0.0,0.0,0.0,1.67,0.0,0.41,0.0,0.0,0.0,0.0,0.0,0.83,0.0,0.0,0.41,10.0,0.0,0.0,0.0,0.0,0.0,0.0,0.0,0.0,0.0,0.0,0.0,0.41,0.0,0.0,0.0,0.0,0.0,0.0,0.0,0.0,0.0,0.0,0.0,1.12,3.0,56.0,0
0.0,0.0,0.0,0.0,1.65,0.0,0.0,0.0,0.82,0.0,0.0,1.65,0.0,0.0,0.0,0.82,0.0,0.0,1.65,0.0,0.82,0.0,0.0,0.0,10.0,0.0,0.0,0.0,0.0,0.0,0.0,0.0,0.0,0.0,0.0,0.0,0.0,0.0,0.0,0.0,0.0,0.0,0.0,0.0,0.0,0.0,0.0,0.0,0.0,0.415,0.0,0.0,0.0,0.0,1.769,11.0,69.0,1
0.0,0.0,0.0,0.0,0.0,0.0,0.0,0.0,0.0,0.0,0.0,3.7,0.0,0.0,0.0,0.0,0.0,3.7,0.0,0.0,0.0,0.0,0.0,0.0,10.0,0.0,0.0,0.0,0.0,3.7,0.0,0.0,0.0,0.0,0.0,0.0,3.7,0.0,0.0,0.0,0.0,0.0,0.0,0.0,0.0,0.0,0.0,0.0,0.0,0.0,0.0,0.0,0.0,0.0,1.466,6.0,22.0,0
0.0,0.0,0.11,0.0,0.11,0.0,0.0,0.0,0.0,0.0,0.11,1.02,0.0,0.0,0.0,0.0,0.0,0.11,0.11,0.0,0.0,0.0,0.0,0.0,0.0,0.0,0.0,0.22,10.0,0.0,0.0,0.0,0.0,0.0,0.22,0.0,0.22,0.0,0.11,0.11,0.0,0.34,0.0,0.0,0.0,1.02,0.0,0.0,0.049,0.149,0.0,0.0,0.0,0.0,1.637,18.0,511.0,0
0.0,0.0,0.0,0.0,0.0,0.0,1.23,0.0,0.0,0.0,0.0,0.0,0.0,0.0,0.0,1.23,0.0,0.0,0.0,0.0,0.0,0.0,0.0,0.0,0.0,0.0,0.0,0.0,0.0,0.0,0.0,0.0,0.0,0.0,0.0,0.0,0.0,0.0,0.0,0.0,0.0,0.0,0.0,0.0,0.0,10.0,0.0,0.0,0.0,0.0,0.0,1.949,0.0,0.0,1.379,8.0,40.0,1
0.0,0.0,0.0,0.0,0.0,0.0,0.0,0.0,0.0,0.0,0.0,0.0,0.0,0.0,0.0,0.0,0.0,0.0,0.0,0.0,0.0,0.0,0.0,0.0,0.0,0.0,10.0,0.0,0.0,0.0,0.0,0.0,0.0,0.0,0.0,0.0,0.0,0.0,0.0,0.0,0.0,0.0,0.0,0.0,0.0,0.0,0.0,0.0,0.0,0.0,0.0,0.0,0.0,0.0,1.5,3.0,6.0,0
0.0,0.0,0.0,0.0,0.0,0.49,0.0,0.0,0.99,0.49,0.0,0.0,0.0,0.0,0.0,0.0,0.0,0.0,0.0,0.0,0.0,0.0,0.0,0.0,0.0,0.49,0.99,0.0,0.0,0.0,0.49,0.0,2.48,0.0,0.49,0.0,0.49,0.0,0.0,0.0,10.0,0.0,0.0,0.0,0.0,0.0,0.0,0.0,0.0,0.062,0.0,0.0,0.0,0.0,2.824,29.0,161.0,0
0.0,0.0,0.0,0.0,0.0,0.0,0.0,0.0,0.0,0.0,0.0,0.0,0.0,0.0,0.0,0.0,0.0,0.0,0.0,0.0,0.0,0.0,0.0,0.0,0.0,0.0,10.0,0.0,0.0,0.0,0.0,0.0,0.0,0.0,0.0,0.0,0.0,0.0,0.0,0.0,0.0,0.0,0.0,0.0,0.0,0.0,0.0,0.0,0.0,0.0,0.0,0.0,0.0,0.0,1.0,1.0,4.0,0
0.0,0.0,0.0,0.0,0.0,0.0,0.0,1.08,0.0,0.0,0.0,0.0,0.0,0.0,0.0,0.0,0.0,0.0,0.0,0.0,0.0,0.0,1.08,0.0,0.0,0.0,0.0,0.0,0.0,0.0,0.0,0.0,0.0,0.0,0.0,0.0,0.0,0.0,0.0,0.0,0.0,0.0,0.0,0.0,1.08,10.0,0.0,0.0,0.0,0.194,0.0,0.0,0.389,0.0,3.6,16.0,72.0,1
0.13,0.0,0.13,0.0,0.13,0.0,0.0,0.0,1.18,0.0,0.0,0.52,0.0,0.0,0.0,0.0,0.0,0.0,0.52,0.0,0.26,0.0,0.0,0.0,0.65,0.79,0.13,0.0,0.0,0.0,0.0,0.0,0.52,0.0,0.0,0.0,0.0,0.0,0.0,0.0,0.0,0.0,0.0,0.0,0.0,0.0,0.0,0.0,0.128,0.164,0.036,0.0,0.036,0.0,16.883,32.0,481.0,0
0.0,0.0,0.32,0.0,0.0,0.16,10.0,0.0,0.0,0.0,0.0,0.64,0.0,0.0,0.0,0.0,0.48,0.0,0.96,0.0,0.96,0.0,0.0,0.0,0.48,0.0,0.0,0.0,0.0,0.0,0.0,0.0,0.0,0.0,0.0,0.16,0.0,0.0,0.0,0.0,0.0,0.0,0.0,0.0,0.0,0.0,0.0,0.0,0.021,0.105,0.0,0.021,0.063,0.063,3.789,39.0,432.0,0
0.0,0.0,0.13,0.0,0.2,0.0,0.0,0.0,0.0,0.0,0.0,0.6,0.06,0.0,0.0,0.13,0.0,0.0,0.73,0.06,0.73,0.0,0.0,0.0,1.6,0.33,0.0,0.13,0.0,0.0,0.26,0.0,0.0,0.0,0.33,0.13,0.4,0.0,0.0,0.0,0.0,0.0,0.0,0.0,0.13,0.06,0.0,0.2,0.0,0.208,0.0,10.7875,0.075,0.0,2.068,29.0,871.0,0
0.0,0.0,0.12,0.0,0.12,0.0,0.0,0.29,0.08,0.04,0.0,0.8,0.04,0.0,0.0,0.0,0.08,0.0,0.88,0.0,0.63,0.0,0.08,0.0,1.9,0.5,10.0,0.08,0.0,0.12,0.21,0.0,0.0,0.0,0.08,0.0,0.21,0.0,0.21,0.0,0.0,0.0,0.0,0.08,0.0,0.0,0.0,0.04,0.038,0.115,0.0,0.044,0.051,0.0,1.664,27.0,1263.0,0
0.0,0.0,0.0,0.0,1.2,0.0,1.2,1.2,1.2,1.2,1.2,1.2,0.0,0.0,0.0,0.0,4.81,0.0,2.4,1.2,3.61,0.0,0.0,0.0,10.0,0.0,0.0,0.0,0.0,0.0,0.0,0.0,0.0,0.0,0.0,0.0,0.0,0.0,0.0,0.0,0.0,0.0,0.0,0.0,0.0,0.0,0.0,0.0,0.0,0.0,0.0,0.331,0.0,0.0,50.166,295.0,301.0,1
0.2,0.4,0.4,0.0,0.0,0.4,0.0,0.2,1.43,0.61,0.0,0.2,0.0,0.0,0.0,0.0,0.0,0.0,2.66,0.2,2.04,0.0,0.0,0.61,0.0,0.0,10.0,0.0,0.0,0.0,0.0,0.0,0.0,0.0,0.0,0.0,0.0,0.0,0.0,0.0,0.0,0.0,0.0,0.0,0.2,0.0,0.0,0.0,0.029,0.059,0.447,0.298,0.149,0.029,11.96,376.0,909.0,1
0.0,0.0,0.0,0.0,0.0,0.0,0.0,0.0,0.0,0.0,0.0,0.76,0.0,0.0,0.0,0.0,0.0,0.0,0.76,0.0,1.53,0.0,0.0,0.0,10.0,0.0,0.0,0.0,0.0,0.0,0.0,0.0,0.0,0.0,0.0,0.0,0.76,0.0,0.0,0.0,0.0,0.0,0.76,0.0,0.0,0.0,0.0,0.0,0.377,0.0,0.094,0.0,0.0,0.0,4.807,31.0,274.0,0
0.0,1.2,0.4,0.0,0.4,0.0,0.8,0.4,0.0,0.0,0.0,0.8,0.4,0.0,0.0,0.8,0.4,1.2,3.62,0.0,1.61,0.0,0.0,1.61,0.0,0.0,0.0,0.0,0.0,0.0,0.0,0.0,0.0,0.0,0.0,0.0,0.0,0.0,0.0,0.0,0.0,0.0,0.0,0.0,0.4,0.0,0.0,0.0,0.0,0.069,0.0,0.552,10.13,0.138,6.652,69.0,153.0,1
0.0,0.47,0.47,0.0,1.41,0.0,0.47,0.0,0.0,0.47,0.47,0.94,0.0,0.0,0.0,0.94,0.0,0.0,1.88,0.0,0.94,0.0,0.0,0.0,0.0,0.0,10.0,0.0,0.0,0.0,0.0,0.0,0.0,0.0,0.0,0.0,0.0,0.0,0.0,0.0,0.0,0.0,0.0,0.0,0.0,0.0,0.0,0.0,0.0,0.0,0.0,0.218,0.0,0.0,1.102,6.0,54.0,1
0.42,0.0,0.42,0.0,1.71,0.0,0.42,0.0,0.0,0.21,0.21,0.85,0.21,0.0,0.0,0.0,1.92,0.42,3.21,0.0,1.49,5.78,0.21,0.21,0.0,0.0,10.0,0.0,0.0,0.0,0.0,0.0,0.21,0.0,0.0,0.0,0.0,0.0,0.0,0.0,0.0,0.0,0.0,0.0,0.0,0.0,0.0,0.0,0.0,0.0,0.075,0.263,0.075,0.639,53.433,494.0,1603.0,1
0.0,0.0,0.0,0.0,0.0,0.0,0.0,0.0,0.29,0.0,0.0,0.0,0.0,1.75,0.0,0.0,0.29,0.0,0.29,0.0,0.29,0.0,0.0,0.0,0.29,0.0,0.0,0.0,0.0,0.0,0.0,0.0,0.0,0.0,0.0,0.0,0.29,0.0,0.0,0.0,0.0,10.0,0.0,0.0,0.0,0.0,0.0,0.0,0.156,0.052,0.0,0.052,0.0,0.235,2.721,38.0,566.0,0
0.39,0.0,0.39,0.0,0.0,0.39,0.0,0.0,0.0,0.0,0.0,0.39,0.78,0.0,0.0,0.0,10.0,0.78,3.13,0.0,1.17,0.0,0.0,1.56,0.0,0.0,0.0,0.0,0.0,0.0,0.0,0.0,0.0,0.0,0.0,0.0,0.0,0.0,0.0,0.0,0.0,0.0,0.0,0.0,0.0,0.0,0.0,0.0,0.0,0.0,0.0,0.261,0.0,0.0,1.461,19.0,114.0,1
0.0,0.0,0.0,0.0,0.0,0.0,0.0,0.83,0.0,0.0,0.0,0.0,0.0,0.0,0.0,10.25,0.0,0.0,0.0,0.0,0.0,0.0,0.0,0.0,0.83,0.41,0.0,0.41,0.41,0.0,0.0,0.0,0.0,0.0,0.41,0.41,0.41,0.0,0.0,0.0,0.0,0.0,0.0,0.0,0.0,0.0,0.0,0.0,0.0,0.158,0.0,0.0,0.0,0.0,1.969,13.0,130.0,0
0.0,0.0,0.0,0.0,0.0,0.0,0.0,0.0,0.0,0.0,0.0,0.0,0.0,0.0,0.0,0.0,0.0,0.0,0.0,0.0,0.0,0.0,0.0,0.0,0.0,0.0,0.0,0.0,0.0,0.0,0.0,0.0,10.0,0.0,0.0,0.0,0.0,0.0,0.0,0.0,0.0,0.0,0.0,0.0,0.0,0.0,0.0,0.0,0.0,0.0,0.0,0.386,0.0,0.0,1.6,4.0,16.0,0
0.0,0.0,0.0,0.0,0.54,0.54,0.0,0.0,0.0,0.0,0.0,1.09,0.0,0.0,0.0,0.0,0.0,0.0,1.63,0.0,0.54,0.0,0.0,0.0,0.0,0.0,10.0,0.0,0.0,0.0,0.0,0.0,0.0,0.0,0.0,0.0,0.0,0.0,0.0,0.0,0.0,0.54,0.0,0.0,0.0,0.0,0.0,0.0,0.299,0.199,0.0,0.0,0.0,0.0,1.0,1.0,14.0,0
0.87,0.17,0.52,0.0,0.0,0.32,0.0,0.04,0.29,0.42,0.39,1.37,0.87,1.69,0.0,0.32,0.54,0.22,3.47,0.29,1.32,0.0,0.34,0.84,0.0,0.0,0.0,0.0,0.0,0.0,0.0,0.0,0.0,0.0,0.0,0.0,0.0,0.0,0.0,0.0,0.0,10.0,0.0,0.02,0.07,0.0,0.04,0.0,0.016,0.058,0.0,0.639,0.165,0.182,3.697,117.0,3498.0,1
0.0,0.0,0.0,0.0,0.0,0.0,0.0,2.53,0.0,0.0,0.0,0.0,0.0,0.0,0.0,0.0,1.26,0.0,0.0,0.0,0.0,0.0,0.0,0.0,0.0,0.0,0.0,0.0,0.0,0.0,0.0,0.0,0.0,0.0,0.0,0.0,0.0,0.0,0.0,0.0,0.0,10.0,0.0,0.0,1.26,0.0,0.0,0.0,0.0,0.186,0.0,0.186,0.186,0.0,4.0,23.0,84.0,1
0.34,0.05,0.58,0.0,0.63,0.17,0.0,0.0,0.75,0.23,0.34,1.27,0.34,0.0,0.0,0.58,0.05,0.17,3.01,2.61,1.5,0.0,0.17,0.34,0.0,0.0,0.0,0.0,0.0,0.0,0.0,0.0,0.0,0.0,0.0,0.0,0.0,0.0,0.0,0.0,0.0,10.0,0.0,0.0,0.0,0.0,0.0,0.0,0.0,0.204,0.0,0.13,0.186,0.027,4.225,131.0,1107.0,1
0.0,0.0,0.42,0.0,0.0,0.0,0.0,0.0,0.0,0.0,0.0,0.85,0.0,0.0,0.0,0.85,0.0,0.85,4.7,0.0,0.85,10.0,0.0,0.0,0.0,0.0,0.0,0.0,0.0,0.0,0.0,0.0,0.0,0.0,0.0,0.0,0.42,0.0,0.0,0.0,0.0,0.0,0.0,0.0,0.0,0.0,0.0,0.0,0.0,0.082,0.0,0.0,0.082,0.248,7.17,42.0,294.0,1
0.54,0.0,1.08,0.0,0.54,0.0,1.08,0.0,0.0,0.0,0.0,0.54,0.0,0.0,0.0,0.54,0.54,0.0,4.32,0.0,1.08,0.0,1.62,0.0,0.0,0.0,0.0,0.0,0.0,0.0,0.0,0.0,0.0,0.0,0.0,0.0,0.0,0.0,0.0,0.0,0.0,0.0,0.0,0.0,0.54,0.0,0.0,10.0,0.0,0.0,0.0,1.218,0.261,0.0,5.323,68.0,181.0,1
0.0,0.0,0.0,0.0,0.65,0.0,0.65,0.0,0.0,0.0,0.0,0.0,0.0,0.0,0.0,0.65,0.0,0.0,5.88,0.0,0.65,0.0,0.0,0.0,0.0,0.0,0.0,0.0,0.0,0.0,0.0,0.0,0.0,0.0,0.0,0.0,0.0,0.0,0.0,0.0,0.0,0.0,0.0,0.0,0.65,10.0,0.0,0.0,0.0,0.0,0.0,1.765,0.0,0.0,3.025,21.0,118.0,1
0.0,0.0,0.0,0.0,0.0,0.0,0.0,0.0,0.0,0.0,0.0,0.0,0.0,0.0,0.0,0.0,0.0,0.0,6.75,0.0,1.35,0.0,0.0,0.0,0.0,0.0,10.0,0.0,0.0,0.0,0.0,0.0,0.0,0.0,0.0,0.0,0.0,0.0,0.0,0.0,0.0,0.0,0.0,0.0,1.35,0.0,0.0,0.0,0.0,0.0,0.0,0.0,0.0,0.0,1.913,6.0,44.0,0
0.0,0.0,0.0,0.0,0.0,0.0,0.0,0.0,0.0,0.0,0.0,0.0,0.0,0.0,0.0,0.0,0.0,0.0,0.0,0.0,0.0,10.0,0.0,0.0,0.0,0.0,0.0,0.0,0.0,0.0,0.0,0.0,0.0,0.0,0.0,0.0,0.0,0.0,0.0,0.0,0.0,0.0,0.0,0.0,0.0,0.0,0.0,0.0,0.0,0.331,0.0,0.331,0.0,0.0,1.714,4.0,24.0,0
0.0,0.0,0.37,0.0,1.13,0.0,0.37,0.0,0.0,0.75,0.0,0.37,0.0,0.0,0.0,0.37,0.75,0.0,2.65,0.0,1.13,0.0,0.37,0.0,0.0,0.0,0.0,0.0,0.0,0.0,10.0,0.0,0.0,0.0,0.0,0.0,0.0,0.0,0.0,0.0,0.0,0.0,0.0,0.0,1.13,0.0,0.0,0.0,0.0,0.063,0.0,0.882,0.189,0.0,4.08,78.0,253.0,1
0.06,0.0,0.19,0.0,0.06,0.06,0.0,0.0,0.0,0.13,0.0,0.26,0.06,0.0,0.0,0.0,0.0,0.0,0.52,0.0,0.46,0.0,0.0,0.0,2.57,0.92,0.0,0.06,0.13,0.52,0.32,0.0,0.06,0.0,0.26,0.13,0.32,0.0,0.26,0.0,0.0,0.0,0.0,0.0,0.06,0.0,0.0,0.13,0.009,0.152,0.0,0.047,10.13,0.0,1.948,23.0,836.0,0
0.0,0.0,0.31,0.0,0.63,0.63,0.31,0.31,0.0,0.0,0.0,0.31,0.31,0.0,0.0,0.31,0.31,0.0,2.55,0.0,3.19,0.0,0.0,0.31,0.0,0.0,10.0,0.0,0.0,0.0,0.0,0.0,0.0,0.0,0.0,0.0,0.0,0.0,0.0,0.0,0.0,0.0,0.0,0.0,0.31,0.0,0.0,0.0,0.0,0.108,0.0,0.0,0.163,0.054,1.515,10.0,144.0,1
0.0,0.0,0.0,10.0,0.0,0.0,0.0,0.0,0.0,0.0,0.0,0.0,0.0,0.0,0.0,0.0,0.0,0.0,2.94,0.0,2.94,0.0,0.0,0.0,0.0,0.0,0.0,0.0,0.0,0.0,0.0,0.0,0.0,0.0,0.0,0.0,0.0,0.0,0.0,0.0,0.0,0.0,0.0,0.0,0.0,0.0,0.0,0.0,0.0,0.0,0.0,0.0,0.0,0.0,1.0,1.0,6.0,0
0.0,0.0,0.0,0.0,0.0,0.0,0.0,0.0,0.0,0.0,0.0,0.0,0.0,0.0,0.0,0.0,0.0,0.0,0.0,0.0,0.0,0.0,0.0,0.0,0.0,0.0,0.0,0.0,0.0,0.0,2.7,0.0,0.0,0.0,0.0,0.0,0.0,0.0,0.0,0.0,0.0,0.0,0.0,10.0,0.0,0.0,0.0,0.0,0.0,0.0,0.0,0.0,0.0,0.473,2.25,14.0,27.0,0
0.0,0.0,0.0,0.0,0.0,0.0,0.0,0.0,0.0,1.96,0.0,0.0,0.0,0.0,0.0,0.0,0.0,1.96,1.96,0.0,0.0,0.0,0.0,0.0,0.0,0.0,0.0,1.96,0.0,0.0,10.0,0.0,0.0,0.0,0.0,0.0,0.0,0.0,0.0,0.0,0.0,0.0,0.0,0.0,0.0,0.0,0.0,0.0,0.0,0.373,0.0,0.0,0.0,0.0,1.857,11.0,26.0,0
0.0,0.0,0.0,0.0,1.21,0.0,0.0,0.0,0.0,0.0,0.0,2.43,0.0,0.0,0.0,0.0,0.0,0.0,0.0,0.0,1.21,0.0,0.0,0.0,0.0,0.0,1.21,0.0,0.0,0.0,0.0,0.0,0.0,0.0,0.0,0.0,0.0,0.0,0.0,0.0,0.0,10.0,0.0,1.21,0.0,0.0,0.0,0.0,0.567,0.378,0.0,0.0,0.0,0.0,1.333,3.0,24.0,0
0.0,0.0,0.0,0.0,0.0,0.0,0.0,0.0,0.0,0.82,0.0,0.82,0.0,0.0,0.0,0.0,0.0,0.0,1.65,0.0,0.82,0.0,0.0,0.0,0.0,1.65,0.0,0.0,0.0,0.0,0.0,0.0,0.0,0.0,0.0,0.0,0.0,0.0,0.0,0.0,0.0,0.0,0.0,0.0,0.82,0.0,0.0,0.0,0.0,0.122,0.0,0.0,0.0,0.0,16.883,19.0,76.0,0
0.09,0.49,0.59,0.0,0.29,0.19,0.0,0.0,0.09,0.39,0.0,1.59,0.19,0.0,0.0,0.0,0.09,0.0,3.67,0.09,1.09,0.0,0.0,0.09,0.0,0.0,0.0,0.0,0.0,0.0,0.0,0.0,0.0,0.0,0.0,0.0,0.0,0.0,0.0,0.0,0.0,0.0,0.0,0.0,0.09,0.0,0.0,0.0,0.766,0.037,0.0,5.836,10.13,0.0,5.792,54.0,753.0,1
0.0,0.0,0.0,0.0,1.51,0.0,0.0,0.0,0.0,0.0,0.0,3.03,0.0,0.0,0.0,0.0,0.0,0.0,1.51,0.0,0.0,0.0,0.0,0.0,0.0,0.0,0.0,0.0,0.0,0.0,0.0,0.0,0.0,0.0,0.0,0.0,0.0,0.0,0.0,0.0,0.0,0.0,0.0,10.0,0.0,0.0,0.0,0.0,0.0,0.547,0.0,0.0,0.0,0.0,1.75,5.0,28.0,0
0.0,0.3,0.3,0.0,0.61,0.3,0.0,0.0,0.0,0.3,0.3,0.3,0.0,0.0,0.0,0.92,0.0,0.0,0.61,0.0,0.0,0.0,0.0,0.0,0.0,0.0,0.0,0.0,0.0,10.0,0.0,0.0,0.0,0.0,0.0,0.0,0.0,0.0,0.0,0.0,0.0,0.0,0.0,0.3,0.0,0.0,0.0,0.0,0.0,0.094,0.0,0.0,0.0,0.0,2.141,38.0,212.0,1
0.0,0.0,0.36,0.0,0.0,0.73,0.0,0.0,0.0,0.0,0.0,1.46,0.36,0.0,0.0,0.0,0.0,0.0,0.0,0.0,0.0,0.0,0.0,0.0,0.0,0.0,0.0,0.0,0.0,0.0,0.0,0.0,0.0,0.0,0.0,0.0,0.36,0.0,0.0,0.0,0.0,0.0,0.0,0.0,0.0,0.0,0.0,0.0,0.0,0.049,0.0,0.049,10.13,0.0,1.919,54.0,167.0,0
0.0,0.0,0.0,0.0,0.0,0.0,0.0,0.0,0.0,0.29,0.0,0.0,0.0,0.0,0.0,0.0,0.0,0.0,0.58,0.0,0.58,0.0,0.0,0.0,3.51,2.34,0.87,2.34,0.58,1.17,0.58,0.58,10.0,0.58,1.17,0.58,0.29,0.0,0.87,0.58,0.0,0.87,0.29,0.0,0.58,0.0,0.0,0.0,0.091,0.637,0.045,0.0,0.0,0.0,3.552,37.0,373.0,0
0.0,0.0,0.0,0.0,0.0,0.0,0.0,0.0,0.0,0.0,0.0,1.33,0.0,0.0,0.0,1.33,0.0,0.0,2.66,0.0,4.0,0.0,0.0,0.0,0.0,0.0,0.0,0.0,0.0,0.0,0.0,0.0,0.0,0.0,0.0,0.0,0.0,0.0,0.0,0.0,0.0,0.0,0.0,0.0,0.0,0.0,0.0,0.0,0.0,0.0,0.0,10.7875,0.0,0.0,2.2,11.0,44.0,1
1.24,0.41,1.24,0.0,0.0,0.0,0.0,0.0,0.0,0.0,0.0,0.41,0.0,0.0,0.0,0.41,0.0,0.82,3.73,0.0,1.24,0.0,0.0,0.41,0.0,0.0,0.0,0.0,0.0,0.0,0.0,0.0,0.0,0.0,0.0,0.0,0.0,0.0,0.0,0.0,0.0,0.0,0.0,0.0,0.41,0.0,0.0,0.0,0.0,0.065,0.0,0.461,10.13,0.0,3.166,19.0,114.0,1
0.0,0.0,0.0,0.0,0.0,0.0,0.0,0.0,0.0,0.0,0.0,0.0,0.0,0.0,0.0,0.0,0.0,0.0,0.0,0.0,0.0,0.0,0.0,0.0,0.0,0.0,10.0,0.0,0.0,0.0,0.0,0.0,0.0,0.0,0.0,0.0,0.0,0.0,0.0,0.0,0.0,11.11,0.0,0.0,0.0,0.0,0.0,0.0,0.0,0.0,0.0,0.0,0.0,0.0,1.0,1.0,7.0,0
0.0,0.0,0.0,0.0,0.0,0.37,0.0,0.0,0.0,0.0,0.0,0.0,0.0,0.0,0.0,0.0,0.0,0.0,3.73,0.0,0.37,0.0,0.0,0.0,0.0,0.0,0.0,0.0,0.0,0.0,0.0,0.0,0.0,0.0,0.0,0.0,0.0,0.0,0.0,0.0,0.0,0.0,0.0,0.0,10.275,0.0,0.0,0.0,0.0,0.066,0.0,0.066,0.0,0.0,1.555,4.0,14.0,0
0.0,0.0,1.32,0.0,0.66,0.0,0.0,0.0,0.0,0.0,0.0,0.66,0.0,0.0,0.0,0.0,0.66,0.0,5.29,2.64,5.29,0.0,0.0,1.32,0.0,0.0,10.0,0.0,0.0,0.0,0.0,0.0,0.0,0.0,0.0,0.0,0.0,0.0,0.0,0.66,0.0,0.0,0.0,0.0,0.0,0.0,0.0,0.0,0.0,0.0,0.0,0.83,0.069,0.0,3.215,43.0,164.0,1
0.0,0.0,0.6,0.0,0.0,0.6,0.0,0.0,0.6,0.0,0.0,1.81,0.0,0.0,0.0,0.3,0.0,0.0,2.72,0.0,1.21,0.0,0.0,0.6,0.0,0.0,0.0,0.0,0.0,0.0,0.0,0.0,0.0,0.0,10.0,0.0,0.0,0.0,0.0,0.0,0.0,0.0,0.0,0.0,0.0,0.0,0.0,0.0,0.0,0.142,0.047,0.19,0.142,0.0,2.03,31.0,199.0,1
0.0,0.68,0.0,0.0,0.0,0.0,0.0,0.0,0.0,0.0,0.0,0.0,0.0,0.0,0.0,0.0,0.0,0.0,2.06,0.0,0.0,10.0,0.0,0.0,2.06,1.37,1.37,0.68,0.68,0.68,0.68,0.68,0.0,0.68,0.68,0.68,0.68,0.0,0.0,0.68,0.0,0.0,0.68,0.0,0.68,0.68,0.0,0.0,0.0,0.216,0.108,0.216,0.0,0.108,2.754,25.0,157.0,0
0.0,0.0,0.0,0.0,0.0,0.0,0.0,0.0,0.0,0.0,0.0,1.58,0.0,0.0,0.0,0.0,0.0,0.0,0.0,0.0,1.58,0.0,0.0,0.0,0.0,0.0,0.0,0.0,0.0,0.0,0.0,0.0,0.0,0.0,0.0,0.0,0.0,0.0,0.0,0.0,0.0,0.0,0.0,10.0,0.0,1.58,0.0,0.0,0.0,0.287,0.0,0.287,0.0,0.0,1.076,2.0,14.0,0
0.4,0.48,0.37,0.0,0.14,0.14,0.03,0.07,0.55,0.66,0.29,0.89,0.44,1.04,0.03,0.26,0.37,0.07,3.16,0.0,1.41,0.0,0.48,0.59,0.0,0.0,0.0,0.0,10.0,0.0,0.0,0.0,0.03,0.0,0.0,0.0,0.0,0.03,0.0,0.0,0.0,0.0,0.0,0.0,0.07,0.0,0.0,0.0,0.0,0.082,0.0,0.433,0.529,0.114,6.482,140.0,2379.0,1
0.0,0.0,0.0,0.0,0.24,0.0,0.0,0.0,0.0,0.0,0.0,0.24,0.0,0.0,0.0,0.0,0.0,0.0,0.0,0.0,0.0,0.0,0.0,0.0,0.0,0.0,0.0,0.0,0.0,0.0,0.0,0.0,10.0,0.0,0.0,0.24,0.0,0.0,0.0,0.0,0.0,0.0,0.0,0.0,0.0,0.24,0.0,0.24,0.0,0.195,0.0,0.0,0.0,0.0,2.192,35.0,239.0,0
0.0,0.0,0.57,0.57,0.0,0.0,0.0,0.28,0.0,0.0,0.0,0.0,0.28,0.0,0.0,0.0,0.28,0.57,2.89,0.86,1.73,0.0,0.0,0.28,0.0,0.0,10.0,0.0,0.0,0.0,0.0,0.0,0.0,0.0,0.0,0.0,0.0,0.0,0.0,0.0,0.0,0.0,0.0,0.0,0.0,0.0,0.0,0.0,0.0,0.461,0.0,1.385,0.0,0.046,3.535,64.0,396.0,1
0.58,0.0,0.0,10.0,0.58,0.0,0.58,0.58,0.0,0.0,0.0,0.0,0.0,0.58,0.0,0.58,0.58,0.58,0.58,0.0,1.74,0.0,0.0,1.16,0.0,0.0,0.0,0.0,0.0,0.0,0.0,0.0,0.0,0.0,0.0,0.0,0.0,0.0,0.0,0.0,0.0,0.0,0.0,0.0,0.0,0.0,0.0,0.0,0.0,0.0,0.0,0.239,0.239,0.0,3.338,123.0,207.0,1
0.0,0.0,1.25,0.0,1.25,0.62,0.0,0.0,0.0,0.0,0.0,0.0,0.0,0.0,0.0,1.25,0.62,0.0,0.62,0.0,1.88,0.62,0.62,0.0,0.0,0.0,10.0,0.0,0.0,0.0,0.0,0.0,0.0,0.0,0.0,0.0,0.0,0.0,0.0,0.0,0.0,0.0,0.0,0.0,0.62,0.0,0.0,0.0,0.0,0.11,0.0,0.331,0.11,0.11,3.897,30.0,152.0,1
0.32,0.0,0.32,0.0,0.98,0.32,0.65,0.0,0.0,0.32,0.0,0.98,0.32,0.0,0.0,0.0,0.65,0.0,2.61,0.0,2.28,0.0,0.65,0.0,0.0,0.0,10.0,0.0,0.0,0.0,0.0,0.0,0.0,0.0,0.0,0.0,0.0,0.0,0.0,0.0,0.0,0.0,0.0,0.0,0.0,0.0,0.0,0.0,0.0,0.0,0.0,0.288,0.173,0.0,3.065,28.0,141.0,1
0.0,0.0,0.0,0.0,0.0,0.77,0.0,0.0,0.0,0.0,0.0,0.0,0.0,0.0,0.0,0.0,0.0,0.0,7.75,0.0,0.0,0.0,0.0,0.0,0.0,0.0,0.0,0.0,0.0,0.0,0.0,0.0,0.0,0.0,0.0,0.0,0.0,0.0,0.0,0.0,0.0,0.0,0.0,0.0,10.275,0.0,0.0,0.0,0.0,0.156,0.0,0.312,0.0,0.0,1.08,2.0,27.0,0
0.0,0.0,0.0,0.0,0.0,0.0,0.0,0.0,0.0,0.0,0.0,0.0,0.0,1.19,0.0,0.0,0.0,1.19,1.19,0.0,0.0,0.0,0.0,0.0,0.0,0.0,0.0,0.0,0.0,0.0,0.0,0.0,0.0,0.0,0.0,0.0,0.0,0.0,0.0,0.0,0.0,10.0,0.0,0.0,0.0,0.0,0.0,0.0,0.0,0.22,0.0,0.0,0.0,0.0,2.0,12.0,34.0,0
0.0,14.28,0.0,0.0,0.0,0.0,0.0,0.0,0.0,0.0,0.0,0.0,0.0,0.0,10.0,0.0,0.0,0.0,0.0,0.0,0.0,0.0,0.0,0.0,0.0,0.0,0.0,0.0,0.0,0.0,0.0,0.0,0.0,0.0,0.0,0.0,0.0,0.0,0.0,0.0,0.0,0.0,0.0,0.0,0.0,0.0,0.0,0.0,0.0,0.0,0.0,0.0,0.0,0.0,1.8,5.0,9.0,0
0.0,0.63,0.0,0.0,1.59,0.31,0.0,0.0,0.31,0.0,0.0,0.63,0.0,0.0,1.27,0.63,0.31,3.18,2.22,0.0,1.91,0.0,0.31,0.63,0.0,0.0,0.0,0.31,0.0,0.0,0.0,0.0,0.0,10.0,0.0,0.0,0.0,0.0,0.0,1.59,0.0,0.0,0.0,0.0,0.0,0.0,0.0,0.0,0.0,0.278,0.0,0.055,0.501,0.0,3.509,91.0,186.0,1
0.0,0.0,0.0,0.0,0.0,0.0,0.0,0.0,0.0,0.0,0.0,0.58,0.0,0.0,0.0,0.0,0.0,0.0,0.0,0.0,0.58,0.0,0.0,0.0,0.0,0.0,0.58,0.0,0.0,0.0,0.0,0.0,10.0,0.0,0.0,0.0,0.0,0.0,0.0,0.0,0.0,0.0,0.0,0.0,0.58,0.0,0.0,0.0,0.0,0.107,0.0,0.107,0.0,0.0,1.531,6.0,49.0,0
0.09,0.0,0.27,0.0,0.36,0.09,0.0,0.18,0.09,0.0,0.0,0.73,0.0,0.36,0.0,0.0,0.0,0.0,2.01,0.0,3.38,0.0,0.36,0.09,0.0,0.0,10.0,0.0,0.0,0.0,0.0,0.0,0.0,0.0,0.0,0.0,0.0,0.0,0.0,0.0,0.0,0.0,0.0,0.0,0.27,0.0,0.0,0.0,0.016,0.048,0.032,0.257,0.032,0.032,3.689,69.0,535.0,1
0.0,0.0,0.0,0.0,0.0,0.0,0.0,0.0,0.0,0.0,0.0,0.0,0.0,0.0,0.0,0.0,0.0,0.0,4.34,0.0,0.0,0.0,0.0,0.0,10.0,0.0,0.0,0.0,0.0,0.0,0.0,0.0,0.0,0.0,0.0,0.0,0.0,0.0,0.0,0.0,0.0,0.0,0.0,0.0,0.0,0.0,0.0,0.0,0.0,0.0,0.0,0.0,0.0,0.0,1.333,3.0,12.0,0
0.11,0.0,0.22,0.0,0.55,0.0,0.0,0.0,0.0,0.0,0.0,0.55,0.0,0.0,0.0,0.11,0.11,0.0,1.22,0.0,0.0,0.0,0.0,0.0,1.22,0.44,10.0,0.0,0.0,0.11,0.0,0.0,1.89,0.0,0.0,0.0,0.0,1.22,0.11,0.0,0.0,0.0,0.0,0.0,0.22,0.0,0.0,0.11,0.052,0.156,0.034,0.017,0.0,0.052,3.061,38.0,600.0,0
0.0,0.0,0.54,0.0,1.08,0.0,10.0,0.0,0.0,0.0,0.0,0.18,0.9,0.0,0.18,0.0,0.36,0.36,3.06,0.0,0.9,0.0,0.0,0.0,0.0,0.0,0.0,0.0,0.0,0.0,0.0,0.0,0.0,0.0,0.0,0.0,0.0,0.0,0.0,0.0,0.0,0.0,0.0,0.0,0.0,0.0,0.0,0.0,0.029,0.178,0.0,0.416,0.0,0.0,1.373,6.0,92.0,1
0.09,0.09,0.09,0.0,0.29,0.0,0.0,0.0,0.87,0.0,0.0,0.29,0.09,0.0,0.19,0.0,0.0,0.0,0.39,0.0,0.19,0.0,0.0,0.0,0.58,0.68,10.0,0.0,0.0,0.0,0.0,0.0,0.29,0.0,0.0,0.0,0.19,0.0,0.0,0.0,0.0,0.0,0.0,0.0,0.0,0.0,0.0,0.0,0.111,0.153,0.069,0.0,0.041,0.0,3.298,41.0,686.0,0
0.0,0.0,0.0,0.0,2.1,0.0,10.0,0.0,0.0,0.0,0.0,0.0,0.0,0.0,0.0,0.0,0.0,0.0,0.0,0.0,0.0,0.0,0.0,0.0,0.0,0.0,0.0,0.0,0.0,0.0,0.0,0.0,0.0,0.0,0.0,1.05,0.0,0.0,0.0,0.0,0.0,0.0,0.0,0.0,0.0,0.0,0.0,0.0,0.0,0.0,0.0,0.0,0.0,0.0,4.5,34.0,108.0,1
0.0,0.77,0.77,0.0,0.77,0.38,0.0,0.0,0.0,0.0,0.0,1.16,0.0,0.0,1.16,0.0,0.0,0.38,3.48,0.0,1.16,0.0,0.0,0.0,0.0,0.0,10.0,0.0,0.0,0.0,0.0,0.0,0.0,0.0,0.0,0.0,0.38,0.0,0.0,0.0,0.0,0.0,0.0,0.0,0.0,0.0,0.0,0.0,0.0,0.067,0.0,0.0,0.0,0.0,1.225,5.0,49.0,0
0.0,0.0,0.0,0.0,0.0,0.0,10.0,0.0,0.0,0.0,0.0,0.0,0.0,0.0,0.0,0.81,0.0,0.0,4.09,0.0,0.0,0.0,0.0,0.0,0.0,0.0,0.0,0.0,0.0,0.0,0.0,0.0,0.0,0.0,0.0,0.0,0.0,0.0,0.0,0.0,0.0,0.0,0.0,0.0,0.0,0.0,0.0,0.0,0.0,0.176,0.0,0.706,0.0,0.0,8.411,55.0,143.0,1
0.47,0.31,0.47,0.0,0.05,0.13,0.05,0.26,0.42,0.76,0.26,0.97,0.57,1.23,0.0,0.1,0.47,0.0,3.23,0.0,1.49,0.0,0.99,0.34,0.0,0.0,0.0,0.0,0.0,0.0,0.0,0.0,0.0,10.0,0.0,0.0,0.0,0.0,0.0,0.0,0.0,0.0,0.0,0.0,0.02,0.0,0.0,0.0,0.0,0.067,0.0,0.328,0.858,0.157,5.928,199.0,3160.0,1
1.61,0.0,0.0,0.0,10.95,0.0,0.0,0.0,0.0,0.0,0.0,0.0,0.0,0.0,0.0,0.8,0.0,0.0,3.22,0.0,1.61,0.0,0.0,0.0,0.0,0.0,0.0,0.0,0.0,0.0,0.0,0.0,0.0,0.0,0.0,0.0,0.8,0.0,0.0,0.0,0.0,0.0,0.0,0.0,0.0,0.0,0.0,0.0,0.0,0.0,0.0,0.511,0.0,0.0,2.909,20.0,64.0,1
0.0,0.0,0.0,0.0,0.0,0.0,0.0,0.0,0.0,0.0,0.0,12.0,0.0,0.0,0.0,0.0,0.0,0.0,0.0,0.0,0.0,0.0,0.0,0.0,0.0,0.0,0.0,0.0,0.0,0.0,0.0,0.0,0.0,0.0,0.0,0.0,0.0,0.0,0.0,0.0,0.0,0.0,0.0,0.0,0.0,0.0,0.0,0.0,0.0,0.0,0.0,0.546,0.0,0.0,2.0,4.0,16.0,0
0.0,0.0,0.46,0.0,0.0,0.0,0.46,0.0,0.0,0.0,0.46,0.0,0.0,0.0,0.0,0.0,0.0,1.4,1.87,0.0,0.0,10.0,0.46,0.0,0.0,0.0,0.0,0.0,0.0,0.0,0.0,0.0,0.0,0.0,0.0,0.0,0.0,0.0,0.0,0.0,0.0,0.0,0.0,0.0,0.46,0.0,0.0,0.0,0.0,0.0,0.0,0.0,0.0,0.0,2.676,32.0,91.0,1
0.0,0.0,0.0,0.0,0.0,0.33,0.0,0.0,0.0,0.0,0.0,0.0,0.82,0.16,0.0,0.0,0.0,0.0,0.33,0.0,0.0,0.0,0.0,0.0,0.0,0.0,10.0,0.0,0.0,0.0,0.0,0.0,0.0,0.0,0.0,0.0,0.0,0.0,0.0,0.0,0.0,0.0,0.0,0.0,0.49,0.16,0.0,0.0,0.019,0.039,0.0,0.059,0.0,0.0,1.632,47.0,191.0,0
2.27,0.0,0.0,0.0,0.0,0.0,10.0,0.0,0.0,2.27,0.0,0.0,0.0,0.0,0.0,0.0,0.0,0.0,2.27,0.0,0.0,0.0,0.0,0.0,0.0,0.0,0.0,0.0,0.0,0.0,0.0,0.0,0.0,0.0,0.0,0.0,0.0,0.0,2.27,0.0,0.0,0.0,0.0,0.0,2.27,0.0,0.0,0.0,0.0,0.0,0.0,0.0,0.0,0.0,1.2,3.0,12.0,0
0.0,0.0,0.23,0.0,0.92,0.0,0.0,0.0,0.23,0.0,0.0,0.92,0.0,0.92,0.0,0.0,0.23,0.0,0.0,0.0,0.23,0.0,0.0,0.0,0.23,0.0,0.0,0.23,0.0,10.0,0.23,0.0,0.0,0.0,0.23,0.0,0.23,0.0,0.0,0.0,0.0,0.92,0.0,0.0,0.0,0.0,0.0,0.0,0.0,0.13,0.026,0.026,0.0,0.026,2.222,23.0,480.0,0
0.52,0.0,2.38,0.0,0.26,0.0,0.26,0.0,0.52,0.0,0.26,0.0,0.0,0.0,0.0,0.79,0.0,0.0,1.32,10.0,1.05,0.0,0.0,0.52,0.0,0.0,0.0,0.0,0.0,0.0,0.0,0.0,0.26,0.0,0.0,0.26,0.26,0.0,0.52,0.0,0.0,0.0,0.0,0.0,0.0,0.0,0.0,0.0,0.0,0.689,0.0,0.326,0.0,0.0,5.549,71.0,566.0,1
0.0,0.0,0.0,0.0,0.0,0.0,0.0,0.0,0.0,0.0,0.0,0.0,0.0,0.0,0.0,0.0,0.0,0.0,5.55,0.0,1.11,0.0,0.0,0.0,0.0,0.0,0.0,0.0,0.0,0.0,0.0,0.0,0.0,0.0,0.0,0.0,0.0,0.0,0.0,0.0,0.0,0.0,0.0,0.0,0.0,0.0,0.0,0.0,0.0,0.0,0.0,10.7875,0.0,0.0,4.071,29.0,114.0,1
0.65,0.49,0.32,0.0,0.32,0.16,0.0,0.49,0.65,0.49,0.16,1.3,0.0,0.0,0.16,1.14,10.0,0.16,3.6,0.49,1.8,0.0,0.0,0.49,0.0,0.0,0.0,0.0,0.0,0.0,0.0,0.0,0.0,0.0,0.0,0.0,0.0,0.0,0.0,0.0,0.0,0.0,0.0,0.0,0.0,0.16,0.0,0.0,0.0,0.231,0.0,0.925,0.231,2.29,5.833,47.0,595.0,1
0.0,0.17,0.0,0.0,0.34,0.34,0.0,0.0,0.0,0.17,0.0,0.0,0.17,0.0,0.0,0.17,0.17,0.0,0.17,0.0,0.0,0.0,0.0,0.0,0.0,0.0,10.0,0.0,0.0,0.0,0.0,0.0,0.0,0.0,0.0,0.0,0.0,0.0,0.0,0.0,0.0,0.0,0.0,0.0,0.34,0.0,0.0,0.0,0.0,0.054,0.0,0.0,0.027,0.0,2.073,11.0,170.0,1
0.0,0.0,0.0,0.0,0.0,0.0,0.0,0.0,0.0,0.0,0.0,0.0,0.0,0.0,0.0,0.0,0.0,0.0,0.0,0.0,0.0,0.0,0.0,0.0,0.0,0.0,10.0,0.0,0.0,0.0,0.0,0.0,0.0,0.0,0.0,0.0,0.0,0.0,0.0,0.0,0.0,0.0,0.0,0.0,0.0,0.0,0.0,0.0,0.0,0.0,0.0,0.0,0.0,0.0,1.0,1.0,5.0,0
0.67,0.0,0.67,0.0,2.7,0.0,0.0,0.0,0.0,0.0,0.0,0.0,0.0,0.0,0.0,0.0,0.67,0.67,4.05,0.0,1.35,0.0,0.0,0.0,0.0,0.0,0.0,0.0,0.0,0.0,0.0,0.0,0.0,0.0,0.0,0.0,0.0,0.0,0.0,0.0,10.0,0.0,0.0,0.0,0.0,0.0,0.0,0.0,0.0,0.0,0.0,0.2,0.0,0.0,1.064,3.0,33.0,1
0.73,0.0,0.36,0.0,0.36,0.36,10.0,0.0,0.0,0.0,0.0,0.36,0.0,0.0,0.0,0.36,1.83,0.73,2.56,0.0,1.09,0.0,0.36,1.09,0.0,0.0,0.0,0.0,0.0,0.0,0.0,0.0,0.0,0.0,0.0,0.0,0.0,0.0,0.0,0.0,0.0,0.0,0.0,0.0,0.0,0.0,0.0,0.0,0.0,0.183,0.0,0.427,0.061,0.0,4.42,192.0,305.0,1
0.0,0.0,0.0,0.0,0.0,0.0,0.0,0.0,0.0,0.0,0.0,0.0,0.0,0.0,0.0,0.0,0.0,0.0,0.0,0.0,0.0,0.0,0.0,0.0,0.0,0.0,0.0,0.0,0.0,0.0,0.0,0.0,0.0,0.0,0.0,0.0,0.0,0.0,0.0,0.0,0.0,0.0,0.0,0.0,10.275,0.0,0.0,0.0,0.0,0.0,0.0,8.333,0.0,0.0,2.0,3.0,8.0,0
0.08,0.08,0.76,0.0,0.85,1.02,0.25,0.17,0.59,0.08,0.17,0.59,0.17,0.0,2.21,0.25,0.08,0.93,1.61,0.17,0.42,0.0,0.85,0.08,0.0,0.0,10.0,0.0,0.0,0.0,0.0,0.0,0.0,0.0,0.0,0.0,0.0,0.0,0.0,0.08,0.0,0.0,0.17,0.08,0.08,0.08,0.0,0.0,0.0,0.065,0.0,0.408,0.118,0.013,7.55,669.0,1412.0,1
0.0,0.0,0.28,0.0,0.0,0.0,0.0,0.28,0.28,0.57,0.0,0.57,0.0,0.0,0.0,0.0,0.0,0.0,0.0,0.0,0.57,0.0,0.0,0.0,5.2,10.0,0.0,0.0,0.0,0.0,0.0,0.0,0.0,0.0,0.0,0.0,0.0,0.0,0.0,0.0,0.0,0.0,0.0,0.0,0.28,0.0,0.28,0.0,0.0,0.04,0.0,0.0,0.0,0.0,1.883,9.0,211.0,0
0.0,0.0,2.17,0.0,0.0,0.0,0.0,0.0,0.0,0.0,0.0,0.0,0.0,0.0,0.0,0.0,0.0,2.17,8.69,0.0,6.52,0.0,0.0,0.0,0.0,0.0,0.0,0.0,0.0,0.0,0.0,0.0,0.0,0.0,0.0,0.0,0.0,0.0,0.0,0.0,0.0,0.0,0.0,0.0,0.0,0.0,10.0,0.0,0.0,0.0,0.0,0.0,0.0,0.0,1.333,3.0,8.0,0
0.0,0.89,1.14,0.0,0.12,0.0,0.0,0.12,0.25,0.12,0.12,0.38,0.12,0.0,10.0,0.0,0.12,2.04,2.8,0.12,1.27,0.0,0.0,0.12,0.0,0.0,0.0,0.0,0.0,0.0,0.0,0.0,0.0,0.0,0.0,0.12,0.0,0.0,0.0,0.0,0.0,0.0,0.0,0.0,0.0,0.0,0.0,0.0,0.0,0.165,0.0,0.371,0.061,0.0,2.878,84.0,475.0,1
0.0,0.0,0.0,0.0,0.0,0.0,0.0,0.0,0.0,0.0,0.0,0.0,0.0,0.0,0.0,0.0,0.0,0.0,1.47,0.0,0.0,0.0,0.0,0.0,0.0,0.0,0.0,0.0,0.0,0.0,0.0,0.0,0.0,0.0,0.0,0.0,0.0,0.0,0.0,0.0,0.0,10.0,0.0,0.0,0.0,1.47,0.0,0.0,0.0,0.335,0.0,0.0,0.0,0.167,2.652,11.0,61.0,0
0.54,0.0,0.0,0.0,0.0,0.27,10.0,0.0,0.0,0.0,0.0,0.0,0.54,0.0,0.0,0.0,0.0,0.0,3.79,0.0,0.54,0.0,0.0,0.0,0.27,0.0,0.0,0.0,0.0,0.0,0.54,0.0,0.0,0.0,0.27,0.0,0.0,0.0,0.0,0.0,0.0,0.0,0.0,0.0,0.0,0.0,0.0,0.0,0.0,0.433,0.0,0.0,0.078,0.0,1.859,18.0,106.0,0
0.0,0.0,0.0,0.0,0.0,0.0,0.0,0.0,0.0,0.0,0.0,0.0,0.0,0.0,0.0,0.0,0.0,0.0,6.89,0.0,0.0,0.0,0.0,0.0,0.0,0.0,0.0,0.0,0.0,0.0,0.0,0.0,0.0,0.0,0.0,0.0,0.0,0.0,0.0,0.0,0.0,0.0,0.0,0.0,0.0,10.0,0.0,0.0,0.0,0.0,0.0,0.0,0.0,0.0,1.0,1.0,8.0,0
0.0,0.49,0.49,0.0,1.49,0.0,0.0,0.0,0.0,0.99,0.49,0.0,0.0,0.0,0.0,0.49,0.0,0.0,0.99,0.49,1.99,0.0,0.0,0.49,0.0,0.0,10.0,0.0,0.0,0.0,0.0,0.0,0.0,0.0,0.0,0.0,1.49,0.0,0.0,0.49,0.0,0.0,0.0,0.0,0.0,0.0,0.0,0.0,0.0,0.078,0.0,0.625,0.312,0.0,4.75,47.0,190.0,1
0.0,0.0,0.0,0.0,0.0,0.0,0.0,0.0,0.0,0.0,0.0,0.0,0.62,0.0,0.0,0.62,0.0,0.0,1.88,0.0,0.62,0.0,0.0,0.0,1.25,0.62,0.0,0.0,0.0,0.0,0.0,0.0,0.0,0.0,0.0,0.0,1.25,0.0,1.25,0.0,0.0,0.0,1.25,0.0,0.0,0.0,0.0,0.0,0.895,0.179,0.358,0.0,10.13,0.0,1.712,13.0,149.0,0
0.0,0.0,0.0,0.0,0.81,0.0,0.0,0.0,0.0,1.22,0.0,0.4,0.0,0.0,0.0,0.0,0.0,0.0,0.4,0.0,0.4,0.0,0.0,0.0,4.08,10.0,0.0,0.0,0.0,1.22,0.0,0.0,0.0,0.0,0.0,0.0,0.0,0.0,0.0,0.0,0.0,0.0,0.0,0.0,0.0,0.0,0.0,0.0,0.0,0.0,0.0,0.0,0.0,0.0,1.754,8.0,93.0,0
0.0,0.0,0.0,0.0,0.0,0.0,0.0,0.0,0.0,0.0,0.0,0.0,0.0,0.0,0.0,0.0,0.0,0.0,0.77,0.0,2.32,0.0,0.0,0.0,0.0,0.0,0.0,0.0,0.0,0.0,0.0,0.0,0.0,0.0,0.0,0.0,0.0,0.0,0.0,0.0,0.0,0.77,0.0,10.0,0.0,0.0,0.0,0.0,0.247,0.247,0.0,0.0,0.0,0.0,1.611,12.0,29.0,0
0.0,0.0,0.6,0.0,0.0,0.0,0.0,0.0,0.0,0.0,0.0,0.43,0.08,0.0,0.0,0.0,0.0,0.0,3.02,0.0,1.03,0.0,0.0,0.0,0.0,0.0,10.0,0.0,0.0,0.0,0.0,0.0,0.0,0.0,0.0,0.0,0.0,0.0,0.08,0.0,0.0,0.0,0.0,0.0,0.51,0.0,0.0,0.0,0.0,0.083,0.0,0.099,0.0,0.0,1.329,18.0,214.0,0
0.0,0.0,0.0,0.0,1.29,0.43,0.43,0.0,0.0,0.0,0.0,0.0,0.43,0.0,0.0,0.43,0.43,0.43,1.72,0.0,0.86,0.0,0.0,0.0,10.0,0.0,0.0,0.0,0.0,0.0,0.0,0.0,0.0,0.0,0.0,0.0,0.0,0.0,0.0,0.0,0.0,0.0,0.0,0.0,0.0,0.0,0.0,0.0,0.0,0.129,0.0,0.129,0.0,0.0,5.8,46.0,116.0,1
0.71,0.35,0.71,0.0,10.95,0.0,0.0,0.0,0.0,0.35,0.0,1.43,0.0,0.0,0.0,0.35,0.0,0.0,3.94,0.0,1.43,0.0,0.0,0.0,0.0,0.0,0.0,0.0,0.0,0.0,0.0,0.0,0.0,0.0,0.0,0.0,0.0,0.0,0.0,0.0,0.0,0.0,0.0,0.0,0.0,0.0,0.0,0.0,0.0,0.061,0.0,0.0,0.0,0.0,8.086,153.0,186.0,1
0.0,0.35,0.17,0.0,0.0,0.0,0.0,0.0,0.17,1.25,0.0,0.53,0.0,0.0,0.0,0.0,0.0,0.17,3.21,0.0,1.25,10.0,0.0,0.17,0.0,0.0,0.0,0.0,0.0,0.0,0.0,0.0,0.0,0.0,0.0,0.0,0.0,0.0,0.0,0.0,0.0,0.0,0.17,0.0,0.0,0.0,0.0,0.0,0.0,0.066,0.0,0.0,0.099,0.63,16.418,158.0,903.0,1
0.0,14.28,0.0,0.0,0.0,0.0,0.0,0.0,0.0,0.0,0.0,0.0,0.0,0.0,10.0,0.0,0.0,0.0,0.0,0.0,0.0,0.0,0.0,0.0,0.0,0.0,0.0,0.0,0.0,0.0,0.0,0.0,0.0,0.0,0.0,0.0,0.0,0.0,0.0,0.0,0.0,0.0,0.0,0.0,0.0,0.0,0.0,0.0,0.0,0.0,0.0,0.0,0.0,0.0,1.8,5.0,9.0,0
0.0,0.0,0.0,0.0,0.2,0.0,0.0,0.0,0.0,0.0,0.0,0.0,0.0,0.0,0.0,0.0,0.0,0.0,0.0,0.0,0.0,0.2,0.0,0.0,0.0,0.0,0.0,0.0,0.0,0.0,0.0,0.0,10.0,0.0,0.0,0.0,0.0,0.0,0.0,0.0,0.0,0.0,0.0,0.0,0.0,0.0,0.0,0.0,0.0,0.204,0.0,0.034,0.0,0.0,2.588,15.0,277.0,1
0.0,0.0,0.0,0.0,0.0,0.0,0.0,0.0,0.0,0.33,0.0,0.0,0.0,0.0,0.0,0.0,0.0,0.0,2.34,0.0,0.33,0.0,0.0,0.0,0.0,0.0,10.0,0.0,0.0,0.0,0.0,0.0,0.0,0.0,0.0,0.0,0.0,0.0,0.0,0.0,0.0,0.0,0.0,0.0,0.33,0.33,0.0,0.0,0.0,0.06,0.0,0.302,0.0,0.0,1.562,14.0,100.0,0
0.0,0.14,0.14,0.0,0.0,0.0,0.14,0.14,0.0,0.0,0.0,0.14,0.0,0.0,0.14,0.0,0.0,0.0,0.28,0.0,0.0,0.0,0.0,0.0,1.13,0.42,0.28,0.0,0.0,0.0,0.0,0.0,0.0,0.0,10.0,0.0,0.0,0.0,0.0,0.0,0.0,0.84,0.0,0.0,0.0,0.14,0.14,0.0,0.0,0.16,0.0,0.0,0.0,0.072,5.331,80.0,1029.0,0
0.07,0.0,1.0,0.0,0.3,0.46,0.07,0.23,0.23,0.0,0.3,1.31,0.15,0.0,0.07,1.39,0.15,0.85,2.24,0.0,0.77,0.0,0.0,0.3,0.0,0.0,10.0,0.0,0.0,0.0,0.0,0.0,0.0,0.0,0.0,0.0,0.0,0.0,0.0,0.15,0.0,0.0,0.0,0.0,0.0,0.0,0.0,0.0,0.024,0.183,0.0,0.0,0.183,0.0,3.211,84.0,700.0,1
0.0,0.0,0.0,0.0,0.0,0.0,0.0,0.0,0.0,0.0,0.0,0.0,0.0,0.0,0.0,0.0,0.0,0.0,0.0,0.0,0.0,0.0,0.0,0.0,0.0,0.0,0.0,0.0,0.0,0.0,0.0,0.0,0.0,0.0,0.0,0.0,0.0,0.0,0.0,0.0,0.0,0.0,0.0,0.0,1.17,0.0,0.0,0.0,0.0,0.422,0.0,0.422,10.13,0.0,4.066,17.0,61.0,1
0.0,0.0,0.0,0.0,0.3,0.0,0.0,0.0,0.0,0.0,0.0,0.76,0.0,0.0,0.0,0.0,0.0,0.0,0.15,0.0,0.0,0.0,0.0,0.0,0.3,0.15,0.0,0.0,0.6,0.0,0.0,0.0,0.0,0.0,0.0,1.21,0.15,0.0,0.0,0.0,0.0,10.0,0.0,0.0,0.0,0.15,0.0,0.0,0.0,0.022,0.0,0.0,0.0,0.0,1.59,37.0,272.0,0
0.0,0.0,0.0,0.0,0.0,0.0,10.0,0.0,0.0,0.36,0.0,0.0,0.0,0.0,0.0,0.0,0.0,0.0,2.53,0.0,0.0,0.0,0.0,0.0,0.0,0.0,0.0,0.0,0.0,0.0,0.0,0.0,0.0,0.0,0.0,0.0,0.0,0.0,0.0,0.0,0.0,0.0,0.0,0.0,0.36,0.0,0.0,0.0,0.0,0.059,0.0,0.118,0.0,0.0,1.307,7.0,68.0,1
0.0,0.0,1.12,0.0,0.56,0.0,0.0,0.0,0.0,0.56,0.0,0.0,0.0,0.0,0.0,0.56,0.0,0.0,2.25,0.0,1.12,0.0,0.0,0.0,0.0,0.0,10.0,0.0,0.0,0.0,0.0,0.0,0.0,0.0,0.0,0.0,0.0,0.0,0.0,0.0,0.0,0.0,0.0,0.0,0.56,0.0,0.0,0.0,0.0,0.102,0.0,0.615,0.0,0.0,2.403,19.0,137.0,1
0.08,0.08,0.76,0.0,0.85,1.02,0.25,0.17,0.59,0.08,0.17,0.59,0.17,0.0,2.21,0.25,0.08,0.93,1.61,0.17,0.42,0.0,0.85,0.08,0.0,0.0,0.0,0.0,0.0,0.0,0.0,0.0,0.0,0.0,0.0,0.0,0.0,0.0,0.0,0.08,10.0,0.0,0.17,0.08,0.08,0.08,0.0,0.0,0.0,0.063,0.0,0.394,0.114,0.012,7.484,669.0,1407.0,1
0.0,0.0,0.0,0.0,0.0,0.0,10.0,0.0,0.0,0.0,0.0,0.0,0.0,0.0,0.0,0.0,0.0,0.0,4.76,0.0,0.0,0.0,0.0,0.0,0.0,0.0,0.0,0.0,0.0,0.0,0.0,0.0,0.0,0.0,0.0,0.0,0.0,0.0,0.0,0.0,0.0,0.0,0.0,0.0,0.0,0.0,0.0,0.0,0.0,0.0,0.0,0.0,0.0,0.0,1.6,3.0,8.0,0
0.0,0.0,0.0,0.0,0.0,0.0,0.0,0.0,0.0,0.0,0.0,0.0,0.0,0.0,0.0,0.0,0.0,0.0,0.0,0.0,0.0,0.0,0.0,0.0,4.65,2.32,2.32,2.32,2.32,2.32,2.32,2.32,0.0,2.32,2.32,2.32,0.0,0.0,0.0,2.32,0.0,0.0,0.0,0.0,0.0,2.32,0.0,0.0,0.0,0.692,0.0,0.0,0.0,0.0,16.883,11.0,53.0,0
0.0,0.0,0.0,0.0,0.0,0.0,0.0,0.0,0.0,2.77,0.0,0.0,0.0,0.0,0.0,0.0,0.0,0.0,2.77,0.0,5.55,0.0,0.0,0.0,0.0,0.0,0.0,0.0,0.0,0.0,0.0,0.0,0.0,0.0,0.0,0.0,0.0,0.0,0.0,0.0,0.0,0.0,0.0,10.0,2.77,0.0,0.0,0.0,0.0,0.0,0.0,0.438,0.0,0.0,1.214,3.0,17.0,0
0.64,0.0,0.64,0.0,1.28,0.0,0.64,0.0,0.0,0.0,0.0,0.64,0.0,0.0,0.0,0.64,0.64,0.0,1.28,0.0,2.56,0.0,0.64,0.0,0.0,0.0,10.0,0.0,0.0,0.0,0.0,0.0,0.0,0.0,0.0,0.0,0.0,0.0,0.0,0.0,0.0,0.0,0.0,0.0,0.0,0.0,0.0,0.0,0.0,0.0,0.0,0.554,0.369,0.0,2.333,22.0,119.0,1
0.0,0.0,0.0,0.0,0.0,0.0,0.0,0.0,0.0,0.0,0.0,0.0,0.0,0.0,0.0,0.0,0.0,0.0,0.0,0.0,0.0,0.0,0.0,0.0,0.0,0.0,10.0,0.0,0.0,0.0,0.0,0.0,0.0,0.0,0.0,0.0,0.0,0.0,0.0,0.0,0.0,0.0,0.0,0.0,0.0,0.0,0.0,0.0,0.0,0.0,0.0,0.0,0.0,0.0,1.0,1.0,5.0,0
0.0,0.3,0.61,0.0,0.3,0.0,0.15,0.0,0.0,0.45,0.15,0.0,0.15,0.0,0.15,0.15,0.0,0.76,0.15,0.15,0.76,0.0,0.0,0.0,0.0,0.0,10.0,0.0,0.0,0.0,0.0,0.0,0.0,0.0,0.0,0.0,0.0,0.0,0.0,0.15,0.0,0.0,0.0,0.0,0.0,0.0,0.0,0.0,0.0,0.0,0.0,0.567,0.024,0.049,5.425,132.0,944.0,1
0.05,0.0,0.1,0.0,0.15,0.05,0.0,0.0,0.57,0.0,0.0,0.26,0.0,0.0,0.0,0.0,0.0,0.05,0.21,0.0,0.15,0.0,0.0,0.0,0.63,0.68,10.0,0.0,0.0,0.0,0.0,0.0,0.73,0.0,0.0,0.0,0.42,0.0,0.0,0.0,0.0,0.0,0.0,0.0,0.0,0.0,0.05,0.0,0.193,0.17,0.059,0.0,0.014,0.0,3.461,66.0,1170.0,0
0.33,0.33,0.0,0.0,0.0,0.0,0.0,0.0,0.0,0.0,0.0,0.33,0.0,0.0,0.0,0.0,0.0,0.99,0.33,0.0,0.66,0.0,0.0,0.0,10.0,0.0,0.0,0.0,0.0,0.0,0.0,0.0,0.0,0.0,0.0,0.0,0.33,0.0,0.66,0.0,0.0,0.0,0.0,0.0,0.0,0.0,0.0,0.0,0.306,0.204,0.0,0.306,0.0,0.0,5.525,100.0,431.0,0
0.0,0.0,0.0,0.0,0.0,0.0,0.0,0.0,0.0,0.0,0.0,0.0,0.6,0.0,0.0,0.0,0.0,0.0,0.6,0.0,1.21,0.0,0.0,0.0,0.0,0.0,10.0,0.0,0.0,0.0,0.0,0.0,0.0,0.0,0.0,0.0,1.21,0.0,1.21,0.0,0.0,0.0,1.21,0.0,1.21,0.0,0.0,0.0,0.0,0.0,0.1,0.0,0.0,0.0,1.535,13.0,86.0,0
0.0,0.0,2.41,0.0,0.0,0.0,0.0,0.0,0.26,0.0,0.0,2.14,0.0,0.0,0.0,0.0,0.0,0.0,0.26,0.0,1.6,0.0,10.0,0.0,0.26,0.53,0.0,0.0,0.26,0.0,0.0,0.0,0.26,0.0,0.0,0.0,0.0,0.0,0.0,0.26,0.0,0.0,0.0,0.0,0.0,0.0,0.0,0.0,0.0,0.339,0.0,0.0,0.0,0.0,2.36,12.0,177.0,0
0.0,0.0,0.0,0.0,0.0,0.0,0.0,0.0,0.0,0.0,0.0,1.53,0.0,0.0,0.0,0.0,0.0,0.0,4.61,0.0,0.0,0.0,0.0,0.0,0.0,0.0,10.0,0.0,1.53,0.0,0.0,0.0,0.0,0.0,0.0,0.0,0.0,0.0,0.0,0.0,0.0,0.0,0.0,0.0,0.0,0.0,0.0,0.0,0.0,0.0,0.0,0.0,0.0,0.0,2.222,5.0,20.0,0
0.0,0.0,0.0,0.0,0.0,0.0,0.0,0.0,0.0,0.0,0.0,1.3,0.0,0.0,0.0,0.0,0.0,0.0,0.0,0.0,0.0,0.0,0.0,0.0,0.0,0.0,10.0,0.0,0.0,0.0,0.0,0.0,0.0,0.0,0.0,0.0,0.65,0.0,0.0,0.0,0.0,0.0,0.0,0.0,0.0,0.0,0.0,0.0,0.0,0.0,0.0,0.0,0.0,0.0,2.342,8.0,89.0,0
0.0,0.0,0.0,0.0,0.0,0.0,1.04,0.0,0.0,0.0,0.0,0.0,0.0,0.0,0.0,2.08,0.0,0.0,2.08,0.0,2.08,0.0,0.0,0.0,0.0,0.0,10.0,0.0,0.0,0.0,0.0,0.0,0.0,0.0,0.0,0.0,0.0,0.0,0.0,0.0,0.0,0.0,0.0,0.0,0.0,0.0,0.0,0.0,0.0,0.0,0.0,0.0,0.0,0.0,3.812,11.0,61.0,1
0.0,0.0,0.0,0.0,1.19,0.0,0.0,0.0,0.0,0.0,0.0,1.19,0.0,0.0,0.0,0.0,0.0,0.0,0.0,0.0,0.0,0.0,0.0,0.0,3.57,3.57,0.0,0.0,3.57,0.0,0.0,0.0,0.0,0.0,0.0,0.0,1.19,10.0,0.0,0.0,0.0,3.57,0.0,0.0,1.19,0.0,0.0,0.0,0.0,0.0,0.0,0.0,0.0,0.0,1.733,14.0,52.0,0
0.0,0.0,0.0,0.0,0.0,0.0,0.0,0.0,0.0,0.0,0.0,0.0,0.0,0.0,0.0,0.0,0.0,0.0,0.0,0.0,0.0,0.0,0.0,0.0,0.0,0.0,10.0,0.0,0.0,0.0,0.0,0.0,0.0,0.0,0.0,0.0,0.0,0.0,0.0,0.0,0.0,0.0,0.0,0.0,0.0,0.0,0.0,0.0,0.0,0.278,0.0,0.834,0.0,0.0,5.13,27.0,118.0,1
0.07,0.0,0.23,0.0,0.15,0.0,10.0,0.07,0.0,0.07,0.15,1.84,0.07,0.0,0.0,0.0,0.15,0.0,0.23,0.23,0.0,0.0,0.23,0.0,2.61,0.0,0.0,0.0,0.0,0.0,0.0,0.0,0.0,0.0,0.0,0.07,0.07,0.07,0.0,0.0,0.0,0.0,0.0,0.15,0.0,0.0,0.0,0.0,0.011,0.143,0.0,0.0,0.044,0.0,2.442,26.0,591.0,0
0.0,0.0,0.0,0.0,0.0,0.0,0.0,0.0,0.0,0.0,0.0,0.0,0.0,0.0,0.0,3.7,0.0,0.0,3.7,0.0,0.0,10.0,0.0,0.0,0.0,0.0,0.0,0.0,0.0,0.0,0.0,0.0,0.0,0.0,0.0,0.0,0.0,0.0,0.0,0.0,0.0,0.0,0.0,0.0,0.0,0.0,0.0,0.0,0.0,0.0,0.0,0.0,0.0,0.0,1.166,2.0,7.0,0
0.0,0.0,0.0,10.0,0.0,0.0,0.0,0.0,0.0,1.63,0.0,0.0,0.0,0.0,0.0,0.0,0.0,0.0,2.45,0.0,0.0,0.0,0.0,2.45,0.0,0.0,0.0,0.0,0.0,0.0,0.0,0.0,0.0,0.0,0.0,0.0,0.0,0.0,0.0,0.0,0.0,0.0,0.0,0.0,0.0,0.0,0.0,0.0,0.249,0.0,0.0,0.124,0.0,0.0,3.707,14.0,152.0,1
1.63,0.0,1.63,0.0,0.0,0.0,0.0,0.0,1.63,0.0,0.0,0.0,0.0,0.0,0.0,1.63,0.0,0.0,3.27,0.0,3.27,0.0,0.0,0.0,0.0,0.0,0.0,0.0,0.0,0.0,0.0,0.0,0.0,0.0,0.0,0.0,0.0,0.0,0.0,0.0,0.0,0.0,0.0,0.0,0.0,0.0,0.0,0.0,0.0,0.0,0.0,0.802,10.13,0.0,2.0,16.0,36.0,1
0.0,0.0,0.0,0.0,0.0,0.0,0.0,0.0,0.0,0.0,0.0,0.0,0.0,0.0,0.0,1.96,0.0,0.0,0.98,0.98,0.0,0.0,0.0,0.0,0.0,0.0,10.0,0.0,0.0,0.0,0.0,0.0,0.0,0.0,0.0,0.0,0.0,0.0,0.0,0.0,0.0,0.0,0.0,0.0,0.0,0.0,0.0,0.0,0.0,0.173,0.0,0.173,0.0,0.0,1.787,7.0,59.0,1
0.09,0.09,0.36,0.0,0.91,0.18,0.0,0.0,0.0,0.0,0.0,12.0,0.09,0.0,0.0,0.0,0.82,0.0,0.82,0.0,0.45,0.0,0.0,0.0,1.37,0.09,0.0,0.0,0.0,0.82,0.0,0.0,0.0,0.0,0.0,0.18,0.0,0.0,0.09,0.0,0.0,0.0,0.0,0.0,0.0,0.0,0.0,0.0,0.027,0.0,0.0,0.0,0.0,0.0,1.263,4.0,192.0,0
0.8,0.0,0.8,0.0,1.6,0.0,0.0,0.0,0.0,0.0,0.0,0.0,0.0,0.0,0.0,0.8,0.8,0.0,1.6,0.0,2.4,0.0,0.8,0.0,0.0,0.0,0.0,0.0,0.0,0.0,0.0,0.0,0.0,0.0,10.0,0.0,0.0,0.0,0.0,0.0,0.0,0.0,0.0,0.0,0.0,0.0,0.0,0.0,0.0,0.0,0.0,1.566,0.361,0.0,2.638,22.0,124.0,1
0.0,0.0,0.0,0.0,0.1,0.0,0.0,0.0,0.0,0.0,0.0,0.1,0.0,0.0,0.0,0.0,0.0,0.0,0.0,0.0,0.0,0.0,0.0,0.0,2.06,1.19,0.0,0.0,0.0,0.1,0.0,0.0,1.3,0.0,0.0,0.1,1.08,0.0,0.0,0.0,0.65,0.0,0.0,0.0,0.0,10.0,0.0,0.1,0.14,0.5,0.093,0.0,0.0,0.0,4.06,51.0,1003.0,0
0.0,0.0,0.0,0.0,0.0,0.0,0.0,0.0,0.0,1.36,0.0,0.0,0.0,0.0,0.0,0.0,0.0,0.0,0.0,0.0,0.0,0.0,0.0,0.0,10.0,1.36,0.0,2.73,0.0,0.0,0.0,0.0,0.0,0.0,0.0,1.36,0.0,0.0,1.36,0.0,0.0,0.0,0.0,0.0,0.0,0.0,0.0,0.0,0.0,0.475,0.0,0.0,0.0,0.0,3.478,11.0,80.0,0
0.0,0.0,0.17,0.0,0.0,0.0,0.0,0.0,0.0,0.17,0.0,0.17,0.0,0.0,0.0,0.0,0.0,0.0,0.17,0.0,0.0,0.0,0.0,0.0,1.57,1.4,0.0,0.0,0.0,0.17,0.0,0.0,0.17,0.0,0.0,0.0,1.92,0.0,0.0,0.0,10.0,0.0,0.0,0.0,0.0,2.8,0.0,0.0,0.267,0.802,0.118,0.0,0.0,0.0,4.808,20.0,601.0,0
0.0,0.51,0.0,0.0,0.0,0.0,0.0,0.0,0.0,0.51,1.02,0.51,0.0,0.0,0.0,0.25,0.76,1.27,2.04,0.0,0.76,0.0,0.0,0.0,0.0,0.0,0.0,0.0,0.0,0.0,0.0,0.0,0.0,0.0,0.0,0.0,0.0,0.0,0.0,0.25,10.0,0.0,0.0,0.0,0.0,0.0,0.0,0.0,0.0,0.457,0.0,0.29,0.0,0.124,2.614,66.0,149.0,1
0.0,0.0,0.0,0.0,0.0,0.0,0.0,0.0,0.0,0.0,0.0,0.0,0.0,0.0,0.0,0.0,0.0,0.0,2.08,0.0,0.0,0.0,0.0,0.0,0.0,0.0,0.0,0.0,0.0,0.0,0.0,0.0,0.0,0.0,0.0,0.0,0.0,0.0,0.0,0.0,0.0,0.0,0.0,0.0,0.0,0.0,0.0,0.0,0.0,0.0,0.0,0.0,10.13,0.0,1.428,4.0,10.0,0
0.34,0.25,0.25,0.0,0.08,0.43,0.08,0.25,0.08,1.46,0.34,0.51,0.94,0.0,0.17,0.08,0.0,0.0,3.01,0.0,0.77,0.17,0.34,0.34,0.0,0.0,10.0,0.0,0.0,0.0,0.0,0.0,0.0,0.0,0.0,0.0,0.0,0.0,0.0,0.0,0.0,0.0,0.0,0.0,0.17,0.0,0.0,0.0,0.0,0.048,0.0,0.258,0.258,0.113,5.297,300.0,694.0,1
0.0,0.0,0.0,0.0,0.0,0.0,0.0,0.0,0.0,0.0,0.0,0.32,0.0,0.0,0.0,0.0,0.0,0.32,1.28,0.0,0.32,10.0,0.0,0.0,4.48,3.52,0.96,0.96,0.64,0.32,0.32,0.32,0.0,0.32,0.64,0.32,0.32,0.0,0.0,0.32,0.0,0.0,0.32,0.0,0.96,0.0,0.0,0.0,0.264,0.211,0.105,0.052,0.0,0.105,2.258,15.0,192.0,0
0.0,0.0,0.76,0.0,0.76,0.0,0.5,0.5,0.0,1.01,0.0,0.25,1.52,0.0,0.76,0.0,0.0,1.52,2.03,0.0,1.52,0.0,0.76,0.0,0.0,0.0,0.0,0.0,0.0,0.0,0.0,0.0,0.0,0.0,10.0,0.0,0.0,0.0,0.0,0.5,0.0,0.0,0.0,0.0,0.0,0.0,0.0,0.0,0.0,0.074,0.0,0.412,0.412,0.0,2.441,19.0,249.0,1
0.1,0.1,0.73,0.0,0.2,0.1,0.2,0.62,0.1,0.31,0.31,1.04,0.0,0.0,0.0,0.1,1.14,0.31,2.4,0.93,2.92,0.0,0.0,0.2,0.1,0.1,0.0,0.0,0.0,0.0,0.0,0.0,0.0,0.0,0.0,0.0,0.1,0.0,0.1,0.1,0.0,0.0,0.0,0.0,0.0,0.0,0.0,0.0,0.0,0.163,0.0,0.785,10.13,0.0,4.064,92.0,817.0,1
0.0,0.0,0.0,0.0,0.0,0.0,0.0,0.0,0.0,0.0,0.0,0.88,0.0,0.0,0.0,0.0,0.0,0.22,0.0,0.0,0.0,0.0,0.0,0.0,0.22,0.22,0.0,0.44,0.0,0.0,10.0,0.0,0.0,0.0,0.22,0.0,0.0,0.0,0.0,0.0,0.0,0.0,0.0,0.22,0.0,0.0,0.0,0.22,0.0,0.172,0.0,0.0,0.0,0.0,1.729,15.0,128.0,0
0.0,0.0,0.4,0.0,0.0,0.0,0.0,0.0,0.4,0.4,0.0,0.0,0.0,0.0,0.0,0.0,0.0,0.4,1.63,0.0,0.4,0.0,0.0,0.0,0.0,0.0,0.0,0.0,0.0,0.0,0.0,0.0,0.0,0.0,0.0,0.0,0.0,0.4,0.0,0.0,10.0,0.0,0.0,0.0,0.0,3.68,0.0,0.0,0.139,0.0,0.0,0.069,0.0,0.0,2.525,15.0,101.0,0
0.0,0.0,0.0,0.0,0.0,0.0,0.0,0.0,0.0,0.0,0.0,0.0,0.0,0.0,0.0,0.0,0.0,0.0,0.0,0.0,0.0,0.0,0.0,0.0,0.0,0.0,10.0,0.0,0.0,0.0,0.0,0.0,0.0,0.0,0.0,0.0,0.0,0.0,0.0,0.0,0.0,0.0,0.0,0.0,0.0,0.0,0.0,0.0,0.0,0.0,0.0,0.0,0.0,0.0,1.0,1.0,4.0,0
0.0,0.0,0.0,0.0,0.65,0.0,10.0,0.0,0.0,0.0,0.0,0.0,0.0,0.0,0.0,0.0,0.0,0.0,5.22,0.0,0.65,0.0,0.0,0.0,0.0,0.0,0.0,0.0,0.0,0.0,0.0,0.0,0.0,0.0,0.0,0.0,0.0,0.0,0.0,0.0,0.0,0.0,0.0,0.0,0.65,0.0,0.0,0.0,0.0,0.0,0.0,1.461,0.0,0.0,2.973,21.0,113.0,1
2.12,0.0,0.0,0.0,0.53,0.53,0.0,0.0,0.0,1.59,0.0,1.59,0.0,0.0,0.0,1.59,0.53,0.53,6.91,0.0,1.59,0.0,0.53,0.53,0.0,0.0,0.0,0.0,0.0,0.0,10.0,0.0,0.0,0.0,0.0,0.0,0.0,0.0,0.0,0.0,0.0,0.0,0.0,0.0,0.0,0.0,0.0,0.0,0.0,0.467,0.0,0.28,0.186,0.0,2.823,85.0,240.0,1
0.0,0.0,0.0,0.0,0.0,0.74,10.0,0.0,0.0,0.0,0.0,0.74,1.49,0.0,0.0,0.0,0.0,0.0,1.49,0.0,1.49,0.0,0.0,0.0,0.0,0.0,0.0,0.0,0.0,0.0,0.0,0.0,0.0,0.0,0.0,0.0,0.0,0.0,0.0,0.0,0.0,0.0,0.0,0.0,0.74,0.0,0.0,0.0,0.0,0.0,0.0,0.0,0.0,0.0,1.36,3.0,34.0,0
0.0,0.07,0.14,0.0,0.14,0.07,0.0,0.0,0.0,0.0,0.0,1.34,0.07,0.14,0.0,0.0,0.63,0.0,0.14,0.0,0.0,0.0,0.07,0.0,3.03,0.0,0.0,0.0,0.0,0.0,0.0,0.0,0.0,0.0,0.0,0.07,0.21,0.0,0.0,0.0,0.0,0.0,0.0,0.0,0.0,0.0,0.0,0.0,0.084,0.177,0.0,0.0,0.0,0.0,16.883,26.0,855.0,0
0.0,0.57,0.57,0.0,1.14,0.57,10.0,0.0,0.0,0.57,0.0,0.57,0.0,0.0,0.0,0.0,0.0,0.57,3.42,0.0,1.14,0.0,0.0,0.0,0.0,0.0,0.0,0.0,0.0,0.0,0.0,0.0,0.0,0.0,0.0,0.0,0.0,0.0,0.0,0.0,0.0,0.0,0.0,0.0,0.57,0.0,0.0,0.0,0.0,0.081,0.0,0.487,0.0,0.081,16.217,147.0,373.0,1
0.0,0.0,0.0,0.0,0.0,0.0,10.0,0.0,0.0,0.0,0.0,1.0,0.0,0.0,0.0,0.0,0.0,0.0,5.0,0.0,2.0,0.0,0.0,0.0,0.0,0.0,0.0,0.0,0.0,0.0,0.0,0.0,0.0,0.0,0.0,0.0,0.0,0.0,0.0,0.0,0.0,0.0,0.0,0.0,0.0,0.0,0.0,0.0,0.0,0.0,0.0,0.11,0.0,0.0,3.178,62.0,89.0,1
0.0,0.0,0.0,0.0,0.0,0.0,0.0,0.0,0.0,0.0,0.0,0.0,0.0,0.0,0.0,3.03,0.0,3.03,3.03,0.0,3.03,0.0,0.0,0.0,0.0,0.0,10.0,0.0,0.0,0.0,0.0,0.0,0.0,0.0,0.0,0.0,0.0,0.0,0.0,0.0,0.0,0.0,0.0,0.0,0.0,0.0,0.0,0.0,0.0,0.0,0.0,0.0,0.0,0.0,5.153,55.0,67.0,0
0.14,0.14,0.29,0.0,0.0,0.0,0.0,0.0,1.17,0.29,0.14,0.58,0.0,0.0,0.0,0.14,0.0,0.14,2.35,0.14,0.88,0.0,0.0,0.44,0.0,0.0,0.0,0.0,0.0,0.0,0.0,0.0,0.0,0.0,0.0,0.0,0.0,0.29,0.0,0.0,0.0,0.0,0.0,0.0,0.0,0.0,0.0,0.0,0.0,0.204,0.0,0.204,10.13,0.102,2.962,73.0,400.0,1
0.0,0.0,0.0,0.0,0.0,0.0,0.0,0.0,0.0,0.0,0.0,0.0,0.0,0.0,0.0,0.0,0.0,0.0,0.0,0.0,0.0,0.0,0.0,0.0,0.0,0.0,0.0,0.0,0.0,0.0,10.0,0.0,5.35,0.0,0.0,0.21,0.0,0.0,0.0,0.0,0.0,0.0,0.0,0.0,0.0,0.0,0.0,0.0,0.03,0.06,0.0,0.0,0.0,0.0,2.444,76.0,198.0,0
0.27,0.27,0.27,0.0,0.0,0.0,0.0,0.54,0.0,0.27,0.0,0.27,0.0,0.0,0.0,1.08,0.0,0.27,1.08,0.0,0.27,0.0,0.27,0.54,0.0,0.0,10.0,0.0,0.0,0.0,0.0,0.0,0.0,0.0,0.0,0.0,0.0,0.0,0.0,0.0,0.0,0.0,0.0,0.0,0.0,0.0,0.0,0.0,0.0,0.225,0.0,0.451,0.496,0.0,2.934,64.0,578.0,1
0.0,0.0,0.51,0.0,0.0,0.51,0.0,0.0,0.0,0.0,0.0,0.0,0.51,0.0,0.0,0.51,0.0,0.0,1.03,0.0,0.0,0.0,0.0,0.0,0.0,0.0,10.0,0.0,0.0,0.0,0.0,0.0,0.0,0.0,0.0,0.0,0.0,0.0,0.0,0.0,0.0,0.0,0.0,0.0,0.0,0.0,0.0,0.0,0.0,0.0,0.0,0.087,0.0,0.0,1.218,6.0,39.0,0
0.0,0.0,0.0,0.0,0.0,0.0,0.0,0.0,0.0,0.0,0.0,0.0,1.44,0.0,0.0,1.44,0.0,0.0,5.79,0.0,1.44,0.0,1.44,0.0,0.0,0.0,10.0,0.0,0.0,0.0,0.0,0.0,0.0,0.0,0.0,0.0,0.0,0.0,0.0,0.0,0.0,0.0,0.0,0.0,0.0,0.0,0.0,0.0,0.0,0.0,0.0,0.543,0.271,0.0,2.157,11.0,41.0,1
0.0,14.28,0.0,0.0,0.0,0.0,0.0,0.0,0.0,0.0,0.0,0.0,0.0,0.0,0.0,0.0,0.0,0.0,0.0,0.0,0.0,0.0,0.0,0.0,0.0,0.0,0.0,0.0,0.0,0.0,0.0,0.0,0.0,0.0,0.0,0.0,0.0,0.0,0.0,0.0,0.0,0.0,0.0,0.0,0.0,0.0,0.0,0.0,0.0,0.0,0.0,0.0,10.13,0.0,1.8,5.0,9.0,0
0.0,0.0,0.0,0.0,0.0,0.79,0.0,0.0,0.0,0.0,0.0,0.0,0.0,0.0,0.0,0.0,0.0,0.0,2.38,0.0,0.0,0.0,0.0,0.0,0.0,0.0,10.0,0.0,0.0,0.0,0.0,0.0,0.0,0.0,0.0,0.0,0.0,0.0,0.0,0.0,0.0,0.0,0.0,0.0,0.0,0.0,0.0,0.0,0.0,0.147,0.0,0.0,0.0,0.0,2.913,27.0,67.0,1
0.0,0.0,0.73,0.0,0.0,0.0,0.0,0.0,0.0,0.0,0.0,1.47,0.0,0.0,0.0,0.0,0.0,0.0,1.47,0.0,0.73,0.0,0.0,0.0,0.0,0.73,0.0,0.0,0.0,0.0,0.0,0.0,0.0,0.0,0.0,0.0,0.0,0.0,0.0,0.0,0.0,0.0,10.0,0.0,0.0,0.0,0.0,0.0,0.0,0.238,0.0,0.0,0.0,0.0,1.827,5.0,53.0,0
0.05,0.0,0.29,0.0,0.23,0.17,0.05,0.0,0.0,0.0,0.65,0.82,0.0,0.0,0.0,0.76,0.11,0.11,1.53,0.29,1.3,0.0,0.23,0.05,0.0,0.0,10.0,0.0,0.0,0.0,0.0,0.0,0.0,0.0,0.0,0.0,0.0,0.0,0.0,0.0,0.0,0.0,0.0,0.0,0.0,0.0,0.0,0.0,0.009,0.129,0.0,0.102,0.259,0.0,1.493,8.0,660.0,1
0.0,0.0,0.71,0.0,0.23,0.0,0.0,0.0,0.23,0.23,0.23,1.9,0.0,0.0,0.0,0.23,0.0,0.0,3.81,0.23,1.19,0.0,0.0,0.0,0.0,0.0,0.0,0.0,0.0,0.0,0.0,0.0,0.0,0.0,0.0,0.0,0.0,0.0,0.0,0.0,0.0,10.0,0.0,0.0,0.0,0.0,0.0,0.0,0.0,0.111,0.0,1.045,0.037,0.0,4.022,97.0,543.0,1
0.46,0.0,0.46,0.0,0.0,0.0,0.0,0.46,0.0,0.0,0.0,1.38,0.0,0.0,2.31,0.0,0.46,0.46,2.77,0.0,2.31,0.0,1.38,0.0,0.0,0.0,0.0,0.0,0.0,0.0,0.0,0.0,0.0,0.0,0.0,0.0,0.0,0.0,0.0,0.46,0.0,0.0,0.0,0.0,0.0,0.0,0.0,0.0,0.0,0.49,0.0,0.081,10.13,0.0,3.4,12.0,102.0,1
0.04,0.14,0.29,0.0,0.04,0.04,0.0,0.09,0.0,0.19,0.09,1.03,0.0,0.0,0.0,0.0,0.0,0.24,0.09,0.0,0.04,0.0,0.0,0.0,10.0,0.0,0.0,0.0,0.0,0.14,0.0,0.0,0.0,0.0,0.0,0.09,0.24,0.0,0.0,0.0,0.0,0.0,0.04,0.0,0.0,0.0,0.0,0.0,0.02,0.157,0.013,0.0,0.0,0.006,2.655,185.0,1787.0,0
0.0,0.0,0.0,0.0,0.0,0.0,0.0,0.0,0.0,0.0,0.0,0.0,0.0,0.0,0.0,0.0,0.0,0.0,0.0,0.0,0.97,0.0,10.0,0.0,0.97,0.97,0.97,1.94,0.0,0.97,0.0,0.0,0.0,0.0,0.97,0.0,0.0,0.0,0.0,0.0,0.0,0.0,0.0,0.0,0.0,0.0,0.0,0.0,0.0,0.261,0.0,0.0,0.0,0.0,2.03,11.0,67.0,0
0.0,0.0,0.0,0.0,0.0,0.0,0.0,0.0,0.0,10.4,0.0,0.0,0.0,0.0,0.0,0.0,0.0,0.0,0.0,0.0,0.0,0.0,0.0,0.0,9.52,4.76,4.76,4.76,4.76,4.76,4.76,4.76,0.0,4.76,4.76,4.76,0.0,0.0,0.0,4.76,0.0,0.0,0.0,0.0,0.0,0.0,0.0,0.0,0.0,1.257,0.0,0.0,0.0,0.0,3.333,11.0,30.0,0
0.0,0.0,0.0,0.0,0.0,0.0,0.0,0.0,0.0,0.0,0.0,0.0,0.0,0.0,0.0,0.0,0.0,0.0,0.0,0.0,0.0,0.0,0.0,0.0,8.69,4.34,4.34,4.34,10.0,4.34,4.34,4.34,0.0,4.34,4.34,4.34,0.0,0.0,0.0,4.34,0.0,0.0,0.0,0.0,0.0,0.0,0.0,0.0,0.0,1.162,0.0,0.0,0.0,0.0,3.333,11.0,30.0,0
0.0,0.0,0.0,0.0,0.0,0.0,0.0,0.0,0.0,0.0,0.0,0.0,0.0,0.0,0.0,0.0,0.0,0.0,0.0,0.0,0.0,0.0,0.0,4.16,0.0,0.0,0.0,0.0,0.0,0.0,0.0,0.0,0.0,0.0,0.0,0.0,0.0,0.0,0.0,0.0,0.0,0.0,0.0,0.0,0.0,0.0,10.0,0.0,0.0,0.0,0.0,1.094,0.0,0.0,1.428,5.0,40.0,1
0.0,0.0,0.0,0.0,0.0,0.0,0.0,0.0,0.0,0.0,0.0,0.0,0.0,0.0,0.0,0.0,0.0,0.0,4.44,0.0,0.0,0.0,0.0,0.0,0.0,0.0,0.0,0.0,0.0,0.0,0.0,0.0,0.0,0.0,0.0,0.0,0.0,0.0,0.0,0.0,0.0,0.0,0.0,0.0,0.0,0.0,0.0,0.0,0.0,0.0,0.0,10.7875,0.0,0.0,20.0,169.0,180.0,1
0.0,0.0,0.0,0.0,0.92,0.0,0.0,0.0,0.0,0.0,0.0,0.92,0.0,0.0,0.0,0.0,0.0,0.0,0.92,0.0,0.92,0.0,0.0,0.0,10.0,0.0,0.0,0.0,0.0,0.0,0.0,0.0,0.0,0.0,0.0,0.0,0.0,0.0,0.0,0.0,0.0,0.0,0.0,0.0,0.0,0.0,0.0,0.0,0.0,0.0,0.0,0.0,0.0,0.0,1.5,7.0,33.0,0
0.0,0.0,0.49,0.0,0.49,0.49,0.0,0.0,0.0,0.49,0.0,2.94,0.0,0.0,0.0,0.0,0.0,0.0,0.98,0.0,0.0,0.0,0.0,0.0,1.47,0.98,0.0,0.98,0.49,0.0,0.0,0.0,0.49,0.0,0.0,0.49,0.0,0.0,0.0,0.0,0.0,0.0,0.0,0.0,0.0,0.0,0.0,0.0,0.0,0.166,0.0,0.0,0.0,0.0,16.883,11.0,105.0,0
0.41,0.0,0.61,0.0,0.41,0.61,0.0,0.82,0.2,0.2,0.2,1.44,0.0,0.0,0.0,0.41,1.03,0.2,1.65,1.65,3.09,0.0,0.2,0.61,10.0,0.0,0.0,0.0,0.0,0.0,0.0,0.0,0.0,0.0,0.0,0.0,0.0,0.0,0.0,0.0,0.0,0.0,0.0,0.0,0.0,0.0,0.0,0.0,0.0,0.099,0.0,1.689,0.132,0.0,4.913,102.0,565.0,1
0.0,0.0,4.34,0.0,0.0,0.0,0.0,0.0,0.0,0.0,0.0,0.0,0.0,0.0,0.0,0.0,0.0,0.0,0.0,0.0,0.0,0.0,0.0,0.0,0.0,0.0,0.0,0.0,0.0,0.0,0.0,0.0,0.0,0.0,0.0,0.0,0.0,0.0,0.0,0.0,0.0,0.0,0.0,0.0,0.0,0.0,0.0,0.0,0.0,0.0,0.0,10.7875,0.0,0.0,1.2,2.0,12.0,0
0.34,0.0,0.69,0.0,0.0,0.0,0.0,0.0,0.0,0.0,0.0,0.69,0.0,0.0,0.0,0.0,0.0,0.0,2.09,0.0,0.0,0.0,0.0,0.0,0.0,0.0,0.0,0.0,0.0,0.0,0.0,0.0,0.0,0.0,0.0,0.0,0.0,0.0,0.0,0.0,0.0,10.0,0.0,1.39,0.0,0.34,0.0,0.0,0.0,0.374,0.0,0.0,0.0,0.0,1.775,5.0,71.0,0
0.0,0.0,0.16,0.0,0.64,0.0,0.0,0.16,0.0,0.0,0.0,1.91,0.0,0.0,0.0,0.16,0.0,0.0,3.04,0.0,1.76,0.0,0.0,0.0,0.0,0.32,0.32,0.0,0.0,0.0,0.16,0.0,0.0,0.0,0.0,0.16,10.0,0.0,0.0,0.16,0.0,0.0,0.0,0.0,0.32,0.0,0.0,0.0,0.0,0.055,0.0,0.0,0.055,0.0,1.798,7.0,196.0,0
0.0,0.0,1.13,0.0,1.13,0.56,0.56,0.0,0.0,0.56,0.0,1.13,0.0,0.0,0.0,3.97,0.0,0.0,2.84,0.0,0.56,0.0,0.56,0.0,0.0,0.0,0.0,0.0,0.0,0.0,0.0,0.0,0.0,0.0,0.0,0.0,0.0,0.0,0.0,0.0,0.0,10.0,0.0,0.0,0.0,0.0,0.0,0.0,0.0,0.288,0.0,0.768,0.0,0.0,11.685,296.0,409.0,1
0.0,0.0,0.0,0.0,0.0,0.0,0.0,0.0,0.0,0.0,0.0,0.0,0.0,0.0,0.0,0.0,0.0,0.0,0.0,0.0,0.0,0.0,0.0,0.0,0.0,0.0,0.0,0.0,0.0,0.0,0.0,0.0,0.0,0.0,0.0,0.0,0.0,0.0,0.0,0.0,0.0,10.0,0.0,0.0,0.0,0.0,0.0,0.0,0.0,0.0,0.0,0.0,0.0,0.0,1.375,4.0,11.0,0
0.0,0.0,0.55,0.0,0.55,0.0,0.0,0.0,0.0,0.0,0.0,0.0,0.0,0.0,0.0,0.55,0.0,0.0,3.31,0.0,1.1,0.0,0.0,0.0,0.0,0.0,10.0,0.0,0.0,0.0,0.0,0.0,0.0,0.0,0.0,0.0,0.0,0.0,0.0,0.0,0.0,0.0,0.0,0.0,0.55,0.0,0.0,0.0,0.0,0.104,0.0,0.524,0.0,0.0,1.229,7.0,75.0,1
0.0,0.0,0.0,0.0,0.0,0.0,0.0,0.0,0.0,0.0,0.0,0.0,0.0,0.0,0.0,0.0,0.0,0.0,0.0,0.0,0.0,0.0,0.0,0.0,0.0,0.0,10.0,0.0,0.0,0.0,0.0,0.0,0.0,0.0,0.0,0.0,0.0,0.0,0.0,0.0,0.0,0.0,0.0,0.0,0.0,0.0,0.0,0.0,0.0,0.0,0.0,0.0,0.0,0.0,1.0,1.0,5.0,0
0.0,0.0,0.0,0.0,0.0,0.0,0.0,0.0,0.0,0.0,0.0,0.0,0.0,0.0,0.0,0.0,0.0,0.0,0.0,0.0,2.27,0.0,0.0,0.0,0.0,0.0,10.0,0.0,0.0,0.0,0.0,0.0,0.0,0.0,0.0,0.0,0.0,0.0,0.0,0.0,0.0,0.0,0.0,0.0,0.0,0.0,0.0,0.0,0.0,0.0,0.0,0.0,0.0,0.0,1.052,2.0,20.0,0
0.0,0.0,0.0,0.0,0.0,0.0,0.0,0.0,0.0,0.38,0.0,0.0,0.0,0.0,0.0,0.19,0.0,0.19,0.0,0.0,0.0,0.0,0.0,0.38,0.0,0.0,0.0,0.0,0.0,0.0,0.0,0.0,0.0,0.0,0.0,0.0,0.58,0.0,0.0,0.0,0.0,0.0,0.0,0.0,0.0,10.0,0.0,0.0,0.135,0.339,0.067,0.0,0.0,0.0,4.13,81.0,285.0,0
0.0,0.0,0.92,0.0,0.0,0.0,0.0,0.0,0.0,0.0,0.0,0.0,0.61,0.0,0.0,0.3,0.0,0.3,0.0,0.0,0.3,0.0,0.0,0.0,0.0,0.0,0.0,0.0,0.0,0.0,0.0,0.0,0.0,0.0,0.0,0.0,0.0,0.0,0.0,0.0,0.0,0.0,0.0,0.0,0.0,0.0,0.0,0.0,0.044,0.222,0.0,0.178,0.0,0.044,16.883,70.0,314.0,0
0.0,0.43,0.0,0.0,0.43,0.0,10.0,0.0,1.3,0.86,0.0,1.3,0.0,0.0,0.0,0.0,0.0,0.0,0.43,0.0,0.0,0.0,0.0,0.0,0.0,0.0,0.0,0.0,0.0,0.0,0.0,0.0,0.0,0.0,0.0,0.0,0.43,0.0,0.0,0.0,0.0,0.0,0.0,0.0,0.0,0.0,0.0,0.0,0.063,0.126,0.0,0.0,0.063,0.0,4.297,30.0,159.0,1
0.0,0.0,0.0,0.0,0.0,0.0,0.0,0.0,0.0,0.0,0.0,0.0,0.0,0.0,0.0,0.0,0.0,0.0,0.0,0.0,0.0,0.0,0.0,0.0,0.0,0.0,0.0,0.0,0.0,0.0,0.0,0.0,0.0,0.0,0.0,0.0,0.0,0.0,0.0,0.0,0.0,10.0,0.0,0.0,0.0,0.0,0.0,0.0,0.0,0.0,0.0,0.0,0.0,0.0,1.0,1.0,4.0,0
1.42,0.0,0.0,0.0,0.0,0.0,0.0,0.0,0.0,0.0,0.0,4.28,0.0,0.0,0.0,0.0,0.0,0.0,1.42,0.0,0.0,0.0,0.0,0.0,0.0,0.0,0.0,0.0,0.0,0.0,0.0,0.0,0.0,0.0,0.0,0.0,0.0,0.0,0.0,0.0,10.0,0.0,0.0,0.0,0.0,0.0,0.0,0.0,0.0,0.35,0.0,0.175,0.0,0.0,1.826,7.0,42.0,0
0.0,0.0,0.0,0.0,0.0,0.27,0.0,0.0,0.82,0.0,0.0,0.27,0.0,0.0,0.0,0.0,0.0,0.0,0.0,0.0,0.0,0.0,0.0,0.0,0.0,0.0,10.0,0.54,0.0,0.0,0.0,0.0,0.0,0.0,0.0,0.54,0.0,0.0,0.54,0.0,0.0,0.0,0.0,0.0,0.0,0.0,0.0,0.0,0.037,0.226,0.0,0.037,0.0,0.0,2.666,33.0,208.0,1
0.0,0.0,0.0,0.0,1.05,0.0,0.0,0.0,0.0,0.0,0.0,0.0,0.0,0.0,0.0,0.0,0.0,0.0,0.0,0.0,0.0,0.0,0.0,0.0,0.0,0.0,0.0,0.0,0.0,0.0,0.0,0.0,10.0,0.0,0.0,0.0,0.0,0.0,0.0,0.0,0.0,0.0,0.0,0.0,0.0,0.0,0.0,0.0,0.0,0.072,0.0,0.0,0.0,0.0,1.486,10.0,55.0,0
0.0,0.0,0.0,0.0,0.0,0.0,0.0,0.0,0.0,1.2,0.0,2.4,0.0,0.0,0.0,0.0,0.0,0.0,4.81,0.0,1.2,0.0,0.0,0.0,0.0,0.0,1.2,0.0,0.0,0.0,0.0,0.0,0.0,0.0,0.0,0.0,0.0,0.0,0.0,0.0,0.0,0.0,10.0,0.0,0.0,0.0,0.0,0.0,0.0,0.227,0.0,0.0,0.0,0.0,1.062,2.0,17.0,0
0.0,0.8,0.0,0.0,0.8,0.0,0.0,0.0,0.0,0.8,0.0,0.8,0.0,0.0,0.0,1.61,0.0,0.8,0.8,0.0,2.41,0.0,0.0,0.0,0.0,0.0,0.0,0.0,0.0,0.0,10.0,0.0,0.0,0.0,0.0,0.0,0.0,0.0,0.0,0.0,0.0,0.0,0.0,0.8,0.0,0.0,0.0,0.0,0.0,0.0,0.0,1.192,0.0,0.0,1.463,12.0,101.0,1
0.05,0.0,0.15,0.0,0.1,0.0,0.0,0.0,0.52,0.0,0.0,0.15,0.0,0.0,0.0,0.0,0.1,0.0,0.21,0.0,0.1,0.0,0.0,0.0,0.47,0.52,10.0,0.0,0.0,0.0,0.0,0.0,0.15,0.0,0.0,0.05,0.36,0.0,0.0,0.0,0.0,0.0,0.0,0.1,0.0,0.0,0.0,0.05,0.164,0.171,0.068,0.0,0.013,0.0,3.591,35.0,1329.0,0
0.0,0.0,0.0,0.0,0.0,0.0,0.0,0.0,0.0,0.0,0.0,0.0,0.0,0.0,0.0,0.0,0.0,0.0,0.0,0.0,0.0,0.0,0.0,0.0,8.33,4.16,4.16,4.16,4.16,4.16,4.16,4.16,0.0,4.16,10.0,4.16,0.0,0.0,0.0,4.16,0.0,0.0,0.0,0.0,0.0,0.0,0.0,0.0,0.0,1.142,0.0,0.0,0.0,0.0,3.333,11.0,30.0,0
0.0,0.11,0.23,0.0,0.58,0.34,0.11,0.0,0.34,0.0,0.23,0.92,0.46,0.0,0.0,0.46,0.23,0.34,0.58,0.0,0.58,0.0,0.11,0.0,0.0,0.0,0.0,0.0,0.0,0.0,0.0,0.0,0.0,0.0,0.0,0.0,0.0,0.0,0.0,0.0,0.0,10.0,0.11,0.0,0.0,0.0,0.0,0.0,0.075,0.037,0.0,0.322,0.094,0.018,2.576,48.0,389.0,1
0.0,0.0,0.0,0.0,0.0,0.18,0.0,0.0,0.0,0.0,0.0,0.0,0.0,0.0,0.0,0.0,0.0,0.0,0.0,0.0,0.0,0.0,0.0,0.0,1.12,1.3,0.0,10.0,0.0,0.0,0.0,0.0,0.0,0.0,0.0,0.18,0.93,0.0,0.18,0.0,1.3,0.0,0.0,0.0,0.0,1.49,0.0,0.0,0.182,0.339,0.13,0.0,0.0,0.0,3.628,44.0,479.0,0
0.27,0.27,0.55,0.0,0.27,0.27,0.0,1.37,0.27,0.82,0.27,0.55,0.0,0.0,0.0,0.0,1.37,0.55,1.65,2.2,3.03,0.0,0.0,0.0,0.0,0.0,10.0,0.0,0.0,0.0,0.0,0.0,0.0,0.0,0.0,0.0,0.0,0.0,0.0,0.27,0.0,0.0,0.0,0.0,0.0,0.0,0.0,0.0,0.0,0.28,0.0,1.029,0.093,0.0,3.621,63.0,344.0,1
0.0,0.0,0.0,0.0,1.63,0.0,10.0,0.0,0.0,0.0,0.0,0.0,0.0,0.0,0.0,0.0,0.0,0.0,4.91,0.0,0.0,0.0,0.0,0.0,0.0,0.0,0.0,0.0,0.0,0.0,0.0,0.0,0.0,0.0,0.0,0.0,0.0,0.0,0.0,0.0,0.0,0.0,0.0,0.0,0.0,0.0,0.0,0.0,0.0,0.0,0.0,0.0,0.0,0.0,1.769,5.0,46.0,0
0.0,0.5,0.25,0.0,0.5,0.0,10.0,0.0,0.0,0.76,0.76,0.5,0.25,0.0,0.0,1.26,0.25,0.25,1.77,0.0,1.26,0.0,0.0,0.0,0.0,0.0,0.0,0.0,0.0,0.0,0.0,0.0,0.0,0.0,0.0,0.0,0.0,0.0,0.0,0.0,0.0,0.0,0.0,0.0,0.25,0.0,0.0,0.0,0.0,0.113,0.0,0.189,0.0,0.151,8.972,447.0,646.0,1
0.0,0.0,0.0,0.0,0.4,0.4,0.4,0.4,0.0,0.0,0.4,0.0,0.0,0.0,0.0,0.4,0.0,0.0,3.6,0.0,2.0,0.0,0.0,0.4,0.0,0.0,10.0,0.0,0.0,0.0,0.0,0.0,0.0,0.0,0.0,0.0,0.0,0.0,0.0,0.0,0.0,0.0,0.0,0.0,0.0,0.0,0.0,0.0,0.0,0.0,0.0,0.124,0.0,0.0,1.94,12.0,97.0,1
0.0,0.0,0.0,0.0,0.95,0.0,0.0,0.0,0.0,0.0,0.0,0.0,0.0,0.0,0.0,0.0,0.0,0.47,0.95,0.0,0.95,0.0,0.0,0.0,0.0,0.0,0.0,0.0,0.0,0.0,0.0,0.0,0.0,0.0,0.0,0.0,0.0,0.0,0.0,0.0,0.0,0.0,0.0,0.0,0.0,10.0,0.0,0.0,0.0,0.365,0.0,0.0,0.0,0.0,1.238,6.0,78.0,1
0.0,0.0,0.0,0.0,0.0,0.0,0.0,0.0,0.0,0.0,0.0,0.0,0.0,0.0,0.0,0.0,0.0,0.0,2.94,0.0,0.0,0.0,0.0,0.0,0.0,0.0,10.0,0.0,0.0,0.0,0.0,0.0,0.0,0.0,0.0,0.0,2.94,0.0,0.0,0.0,0.0,0.0,0.0,0.0,2.94,0.0,0.0,0.0,0.0,0.0,0.0,0.0,0.0,0.0,1.562,5.0,25.0,0
0.0,0.0,0.0,0.0,0.0,0.0,0.0,0.0,0.0,0.0,0.0,0.0,0.0,0.0,0.0,0.0,0.0,0.0,0.0,0.0,0.0,0.0,0.0,0.0,0.0,0.0,10.0,0.0,0.0,0.0,0.0,0.0,0.0,0.0,0.0,0.0,0.0,0.0,0.0,0.0,0.0,0.0,0.0,0.0,0.0,0.0,0.0,0.0,0.0,0.0,0.0,0.0,0.0,0.0,1.0,1.0,3.0,0
0.0,0.56,1.12,0.0,2.24,0.0,10.0,0.0,0.0,0.0,0.0,0.56,0.56,0.0,0.0,0.56,2.8,0.0,3.93,0.0,1.68,0.0,0.0,0.0,0.0,0.0,0.0,0.0,0.0,0.0,0.0,0.0,0.0,0.0,0.0,0.0,0.0,0.0,0.0,0.0,0.0,0.0,0.0,0.0,0.0,0.0,0.0,0.0,0.0,0.25,0.0,1.083,0.333,0.0,4.974,140.0,194.0,1
0.0,0.0,0.86,0.0,0.0,0.0,0.0,0.0,0.0,0.0,0.0,0.86,0.0,0.0,0.0,0.0,0.0,0.86,0.86,0.0,2.58,10.0,0.0,0.0,1.72,0.86,0.0,0.86,0.0,0.86,0.86,0.0,0.0,0.0,0.86,0.86,0.0,0.0,0.0,0.0,0.0,0.0,0.0,0.0,0.0,0.0,0.0,0.0,0.0,0.11,0.0,0.11,0.0,0.0,1.812,10.0,58.0,0
0.89,0.0,0.0,0.0,1.49,0.29,0.0,0.0,0.0,0.0,0.0,1.19,0.0,0.0,0.0,0.0,0.0,0.0,0.89,0.0,0.89,10.0,0.0,0.0,0.0,0.0,0.29,0.0,0.0,0.0,0.0,0.0,0.29,0.0,0.0,0.0,0.0,0.0,0.29,0.0,0.0,0.59,0.0,0.59,0.0,0.0,0.0,0.0,0.325,0.162,0.0,0.0,0.0,0.0,1.583,9.0,76.0,0
0.23,0.0,0.23,0.0,0.69,0.0,0.0,0.0,0.0,0.0,0.0,1.38,0.0,0.0,0.0,0.0,0.0,0.0,0.23,0.0,0.0,0.0,0.0,0.0,0.23,0.23,0.0,0.0,0.0,0.0,0.0,0.0,0.23,0.0,0.0,0.0,0.0,0.0,0.0,0.0,0.0,0.0,0.0,0.23,0.0,0.0,0.0,0.0,0.0,0.066,0.0,0.0,10.13,0.0,1.412,9.0,89.0,0
0.0,0.0,0.0,0.0,0.0,0.0,0.0,0.0,1.28,0.0,0.0,0.0,0.0,0.0,0.0,0.0,0.0,0.0,1.28,0.0,2.56,0.0,0.0,0.0,0.0,0.0,1.28,0.0,0.0,0.0,0.0,0.0,0.0,0.0,0.0,0.0,0.0,0.0,0.0,0.0,0.0,0.0,0.0,0.0,0.0,10.0,0.0,0.0,0.0,0.0,0.0,0.61,0.0,0.0,3.809,28.0,80.0,1
0.0,0.41,0.41,0.0,10.95,0.0,1.65,0.82,0.0,0.0,0.0,0.0,0.0,0.0,0.0,2.47,0.0,0.82,2.47,0.0,0.82,0.0,0.0,0.0,0.0,0.0,0.0,0.0,0.0,0.0,0.0,0.0,0.0,0.0,0.0,0.0,0.0,0.0,0.0,0.0,0.0,0.0,0.0,0.0,0.41,0.0,0.0,0.0,0.0,0.265,0.0,0.199,0.0,0.0,15.892,226.0,445.0,1
0.0,0.0,0.0,0.0,0.0,0.0,10.0,0.0,0.0,0.0,0.0,0.0,0.97,0.0,0.0,0.0,0.0,0.0,4.85,0.0,0.0,0.0,0.0,0.0,0.0,0.0,0.0,0.0,0.0,0.0,0.0,0.0,0.0,0.0,0.0,0.0,0.0,0.0,0.0,0.0,0.0,0.0,0.0,0.0,0.0,0.97,0.0,0.0,0.0,0.0,0.0,0.0,0.0,0.0,3.391,47.0,78.0,0
0.0,0.0,0.0,0.0,0.0,0.0,0.0,0.0,0.74,0.0,0.0,0.0,0.0,0.0,0.0,0.0,0.0,0.0,2.23,0.0,0.0,0.0,0.0,0.0,0.0,0.0,10.0,0.0,0.0,0.0,0.0,0.0,0.0,0.0,0.0,0.0,0.0,0.0,0.74,0.0,0.0,0.0,0.0,0.0,0.74,0.0,0.0,0.0,0.0,0.276,0.0,0.552,0.0,0.0,2.666,16.0,72.0,0
0.65,0.0,0.0,0.0,1.3,0.0,0.0,0.0,0.0,0.0,0.65,1.3,0.65,0.0,0.0,1.3,1.3,0.0,2.61,0.0,3.26,0.0,0.0,0.0,0.0,0.0,10.0,0.0,0.0,0.0,0.0,0.0,0.0,0.0,0.0,0.0,0.0,0.0,0.0,0.0,0.0,0.0,0.0,0.0,0.65,0.0,0.0,0.0,0.0,0.0,0.0,0.515,0.103,0.0,2.04,12.0,51.0,1
0.0,0.0,0.0,0.0,2.94,0.0,0.0,0.0,0.0,0.0,0.0,0.0,0.0,0.0,0.0,0.0,0.0,0.0,0.0,0.0,0.0,0.0,0.0,0.0,0.0,0.0,10.0,0.0,0.0,0.0,0.0,0.0,0.0,0.0,0.0,0.0,0.0,0.0,0.0,0.0,0.0,0.0,0.0,0.0,2.94,0.0,0.0,0.0,0.0,0.0,0.0,0.0,0.0,0.0,1.333,3.0,16.0,0
0.0,0.0,11.05,0.0,0.0,0.0,0.0,0.0,0.0,0.0,0.0,0.0,0.0,0.0,0.0,0.29,0.0,0.0,4.38,0.0,0.58,0.0,0.0,0.0,0.0,0.0,0.0,0.0,0.29,0.0,0.0,0.0,0.0,0.0,0.0,0.0,0.0,0.0,0.0,0.0,0.0,0.0,0.0,0.0,0.58,0.0,0.0,0.0,0.055,0.167,0.0,0.0,0.0,0.0,1.122,3.0,55.0,0
0.45,0.91,0.91,0.0,0.45,0.0,0.0,0.45,0.0,1.83,0.0,2.29,0.0,0.91,0.0,0.45,0.0,0.0,1.83,0.0,5.04,0.0,0.0,0.0,0.0,0.0,0.0,0.0,0.0,0.0,0.0,10.0,0.0,0.0,0.0,0.0,0.0,0.0,0.0,0.0,0.0,0.0,0.0,0.0,0.0,0.0,0.0,0.0,0.0,0.245,0.0,1.633,0.245,0.081,64.416,708.0,773.0,1
0.0,0.0,0.0,0.0,0.0,0.0,0.0,0.56,0.0,0.0,0.0,0.0,0.0,0.0,0.0,0.0,0.0,0.0,1.12,0.0,0.0,0.0,0.0,0.0,0.0,0.0,10.0,0.0,0.0,0.0,0.0,0.0,0.0,0.0,0.0,0.0,0.0,0.0,1.12,0.0,0.0,0.0,0.0,0.0,1.12,0.56,0.0,0.0,0.0,0.181,0.09,0.181,0.0,0.0,4.5,34.0,153.0,0
0.0,0.0,0.0,0.0,0.0,0.0,0.0,0.0,0.0,0.0,0.0,1.85,0.0,0.0,0.0,0.0,0.0,0.0,0.0,0.0,0.0,0.0,0.0,0.0,10.0,0.0,0.0,0.0,0.0,0.0,0.0,0.0,0.0,0.0,0.0,0.0,0.0,0.0,0.0,0.0,0.0,0.0,0.0,0.0,0.0,0.0,0.0,0.0,0.0,0.0,0.0,0.0,0.0,0.0,1.142,3.0,16.0,0
0.0,0.0,0.0,0.0,0.0,0.0,0.0,0.0,0.0,0.0,0.0,0.0,0.0,0.0,0.0,0.0,0.0,0.0,0.0,0.0,0.0,0.0,0.0,0.0,0.0,0.0,10.0,0.0,0.0,0.0,0.0,0.0,0.0,0.0,0.0,0.0,0.0,0.0,0.0,0.0,0.0,0.0,0.0,0.0,0.0,0.0,0.0,0.0,0.0,0.0,0.0,0.0,0.0,0.0,1.0,1.0,5.0,0
0.0,0.0,0.0,0.0,0.0,0.0,0.0,0.0,0.0,1.44,0.0,0.0,0.0,0.0,0.0,0.0,0.0,1.44,0.0,0.0,0.0,0.0,0.0,0.0,2.89,1.44,10.0,1.44,0.0,1.44,1.44,0.0,0.0,0.0,1.44,1.44,0.0,0.0,0.0,0.0,0.0,0.0,0.0,0.0,0.0,0.0,0.0,0.0,0.0,0.156,0.0,0.313,0.0,0.0,1.689,10.0,49.0,0
0.0,0.22,0.0,0.0,0.22,0.0,0.0,0.0,0.0,0.0,0.0,1.36,0.0,0.0,0.0,0.0,0.0,1.59,0.91,0.0,0.0,0.0,0.0,0.0,0.0,0.0,10.0,0.0,0.22,0.0,0.0,0.0,0.45,0.0,0.0,0.0,0.0,0.0,0.0,0.0,0.0,0.0,0.0,0.0,0.0,0.0,0.0,0.0,0.0,0.326,0.0,0.285,0.0,0.0,2.043,31.0,141.0,0
0.05,0.0,0.31,0.0,0.0,0.05,0.0,0.05,0.47,0.0,0.0,0.15,0.0,0.0,0.0,0.0,0.26,0.05,0.21,0.0,0.15,0.0,0.0,0.0,0.79,0.85,0.05,0.0,0.0,0.0,0.0,0.0,0.47,0.0,0.0,0.0,0.85,0.0,0.0,0.0,0.0,0.0,0.0,0.0,0.0,0.0,0.0,0.0,0.112,0.202,0.067,10.7875,0.014,0.0,3.117,52.0,1303.0,0
0.0,0.0,0.0,0.0,0.0,0.0,0.0,0.0,0.0,0.0,0.0,0.0,0.0,0.0,0.0,0.0,0.0,0.0,0.0,0.0,0.0,0.0,0.0,0.0,10.0,2.19,0.0,3.29,0.0,0.0,0.0,0.0,0.0,0.0,1.09,0.0,0.0,0.0,0.0,0.0,0.0,0.0,0.0,0.0,0.0,0.0,0.0,0.0,0.0,0.155,0.0,0.0,0.0,0.0,2.862,15.0,83.0,0
0.0,0.0,0.0,0.0,0.0,0.0,0.0,0.0,0.0,0.0,0.0,0.0,0.0,0.0,0.0,0.0,0.0,0.0,0.72,0.0,0.0,0.0,0.0,0.0,0.0,0.0,0.0,0.0,0.0,0.0,0.0,0.0,0.0,0.0,0.0,0.0,1.44,0.0,0.0,0.0,10.0,0.0,0.72,0.0,1.44,1.44,0.0,0.0,0.0,0.0,0.114,0.114,0.0,0.114,1.645,12.0,51.0,0
0.0,0.56,0.56,0.0,2.25,0.0,0.56,0.0,0.0,0.0,0.0,0.56,0.56,0.0,0.0,0.56,3.38,0.0,3.95,0.0,1.69,0.0,0.0,0.0,0.0,0.0,10.0,0.0,0.0,0.0,0.0,0.0,0.0,0.0,0.0,0.0,0.0,0.0,0.0,0.0,0.0,0.0,0.0,0.0,0.0,0.0,0.0,0.0,0.0,0.26,0.0,1.217,0.347,0.0,5.105,140.0,194.0,1
0.22,0.88,0.44,0.0,0.22,0.0,0.0,0.0,1.32,1.54,0.0,0.88,0.66,0.0,10.0,0.66,0.0,1.54,2.87,0.0,1.54,0.0,0.0,0.22,0.0,0.0,0.0,0.0,0.0,0.0,0.0,0.0,0.0,0.0,0.0,0.0,0.0,0.0,0.0,0.44,0.0,0.0,0.0,0.0,0.0,0.0,0.0,0.0,0.0,0.085,0.0,0.659,0.114,0.028,9.1,65.0,728.0,1
0.0,0.0,0.0,0.0,0.0,0.0,0.0,0.0,0.0,0.0,0.0,0.0,0.0,0.0,0.0,0.0,0.0,0.0,0.0,0.0,0.0,0.0,0.0,0.0,10.0,0.0,0.28,0.0,0.0,0.0,0.0,0.0,0.0,0.0,0.0,0.0,0.0,0.0,0.0,0.0,0.0,0.0,0.0,0.0,0.0,0.0,0.0,0.0,0.0,1.343,0.0,0.0,0.0,0.0,4.226,8.0,317.0,0
0.01,0.01,0.13,0.0,0.13,0.01,0.0,0.0,0.01,0.13,0.03,0.45,0.03,0.07,0.0,0.11,0.53,0.07,0.07,0.0,0.03,10.0,0.01,0.0,0.0,0.0,0.0,0.0,0.01,0.0,0.0,0.0,1.57,0.0,0.0,0.11,0.86,0.0,0.0,0.03,0.0,0.03,0.03,0.01,0.01,0.23,0.0,0.15,0.008,0.111,0.0,0.002,0.0,0.01,2.106,58.0,3027.0,0
0.1,0.1,0.71,0.0,0.61,0.3,0.4,0.1,1.42,0.81,0.1,0.5,0.0,0.0,0.0,0.1,0.0,1.11,2.23,0.5,2.03,0.0,0.0,0.3,0.0,0.0,10.0,0.0,0.0,0.0,0.0,0.0,0.0,0.0,0.1,0.0,0.0,0.0,0.1,0.0,0.0,0.0,0.0,0.0,0.0,0.0,0.0,0.0,0.0,0.0,0.264,0.976,0.397,0.033,3.186,56.0,1042.0,1
0.0,1.52,0.0,0.0,0.76,0.0,0.0,0.0,0.0,0.76,0.0,0.0,0.0,0.0,0.0,0.0,0.0,0.0,0.0,0.0,0.76,0.0,0.0,0.0,0.76,0.76,10.0,0.0,0.0,0.0,0.0,0.76,0.0,0.76,0.0,0.0,1.52,0.0,0.76,0.0,0.0,0.76,0.76,0.0,0.76,0.0,0.0,0.0,0.121,0.365,0.121,0.487,0.0,0.0,1.956,22.0,90.0,0
0.0,14.28,0.0,0.0,0.0,0.0,0.0,0.0,0.0,0.0,0.0,0.0,0.0,0.0,0.0,0.0,0.0,0.0,0.0,0.0,0.0,0.0,0.0,0.0,0.0,0.0,0.0,0.0,0.0,0.0,0.0,0.0,0.0,0.0,0.0,0.0,0.0,0.0,0.0,0.0,0.0,0.0,0.0,0.0,0.0,0.0,0.0,0.0,0.0,0.0,0.0,0.0,10.13,0.0,1.8,5.0,9.0,0
0.0,0.0,0.26,0.0,0.0,0.0,0.0,0.0,0.0,0.0,0.0,0.26,0.53,0.0,0.0,0.0,0.53,0.0,0.53,0.0,0.0,0.0,0.0,0.0,0.8,0.0,10.0,0.0,0.0,0.0,0.0,0.0,0.0,0.0,0.0,0.53,0.0,0.0,0.0,0.0,0.0,0.0,0.0,0.0,0.0,0.0,0.0,0.0,0.0,0.043,0.0,0.0,0.043,0.0,1.487,4.0,61.0,0
0.0,0.0,0.0,0.0,0.0,0.0,0.0,4.0,0.0,0.0,0.0,0.0,0.0,0.0,0.0,10.25,0.0,0.0,4.0,0.0,0.0,0.0,0.0,0.0,0.0,0.0,0.0,0.0,0.0,0.0,0.0,0.0,0.0,0.0,0.0,0.0,0.0,0.0,0.0,0.0,0.0,0.0,0.0,0.0,0.0,0.0,0.0,0.0,0.0,0.0,0.0,0.0,0.0,0.0,7.666,12.0,23.0,1
0.0,0.0,0.0,0.0,0.0,0.0,0.0,0.0,0.0,0.0,0.0,1.42,0.0,0.0,0.0,1.42,0.0,0.0,2.14,0.0,0.71,0.0,0.0,0.71,0.0,0.0,0.0,0.0,0.0,0.0,0.0,0.0,0.0,0.0,0.0,0.71,0.0,0.0,0.0,0.0,0.0,0.0,0.0,0.0,0.0,0.0,0.0,0.0,0.0,0.099,0.0,10.7875,0.0,0.0,3.066,36.0,138.0,1
0.31,0.31,0.31,0.0,0.0,0.0,0.31,0.0,0.31,0.31,0.31,12.0,0.0,0.0,0.0,0.94,0.0,0.0,0.31,0.0,2.51,0.0,0.0,0.31,0.0,0.0,0.0,0.0,0.0,0.0,0.0,0.0,0.0,0.0,0.0,0.31,0.0,0.0,1.88,0.0,0.0,0.0,0.0,0.0,0.0,0.0,0.0,0.0,0.0,0.75,0.0,0.89,0.046,0.046,12.382,138.0,421.0,1
0.0,0.0,0.0,0.0,0.0,1.01,0.0,0.0,0.0,0.0,0.0,0.0,0.0,0.0,0.0,0.0,0.0,0.0,2.02,0.0,1.01,0.0,0.0,0.0,2.02,1.01,10.0,1.01,1.01,1.01,1.01,1.01,0.0,1.01,1.01,1.01,0.0,0.0,0.0,1.01,0.0,0.0,0.0,0.0,1.01,0.0,0.0,0.0,0.0,0.476,0.0,0.0,0.0,0.0,1.875,11.0,45.0,0
0.0,0.0,0.0,0.0,0.0,0.0,0.0,0.0,0.0,0.0,0.24,0.72,0.24,0.0,0.0,0.0,0.24,0.0,0.72,0.24,2.16,0.0,0.48,0.0,0.0,0.0,0.0,0.0,0.0,0.0,0.0,0.0,0.0,0.0,0.24,0.0,0.0,0.0,0.0,0.0,0.0,0.0,0.0,0.0,0.0,0.24,0.0,0.0,0.0,0.447,0.0,0.122,0.285,0.0,16.883,19.0,286.0,0
0.0,0.0,0.0,0.0,0.0,0.0,0.0,0.0,0.0,0.0,0.0,0.0,0.0,0.0,0.0,0.0,0.0,0.0,0.0,0.0,0.0,0.0,0.0,0.0,0.0,0.0,10.0,0.0,0.0,0.0,0.0,0.0,0.0,0.0,0.0,0.0,0.0,0.0,0.0,0.0,0.0,0.0,0.0,0.0,0.0,0.0,0.0,0.0,0.0,0.0,0.0,0.0,0.0,0.0,1.0,1.0,5.0,0
0.0,0.58,0.58,0.0,0.0,0.0,0.0,0.58,0.58,10.4,0.58,1.16,0.0,0.0,0.0,0.0,0.58,0.0,4.06,0.0,0.0,0.0,0.0,0.0,0.0,0.0,0.0,0.0,0.0,0.0,0.0,0.0,0.0,0.0,0.0,0.0,0.0,0.0,0.0,0.0,0.0,0.0,0.0,0.0,0.0,0.0,0.0,0.0,0.0,0.192,0.0,0.192,0.0,0.096,1.526,10.0,58.0,1
0.3,0.3,0.0,0.0,0.6,0.3,0.0,0.6,10.0,0.0,0.0,0.0,0.0,0.0,0.0,0.0,0.0,0.0,0.0,0.0,0.0,0.0,0.0,0.0,0.6,0.3,0.0,0.0,0.3,0.0,0.3,0.0,0.0,0.0,0.3,0.3,0.0,0.0,0.0,0.0,0.0,0.0,0.3,0.0,0.0,0.0,0.0,0.0,0.0,0.0,0.0,0.0,0.0,0.0,1.389,8.0,82.0,0
0.0,0.0,0.0,0.0,0.0,0.0,10.0,0.0,0.0,0.47,0.0,0.95,0.47,0.0,0.0,0.0,0.0,0.0,2.87,0.0,0.47,0.0,0.47,0.0,0.0,0.0,0.0,0.0,0.0,0.0,0.0,0.0,0.0,0.0,0.0,0.0,0.0,0.0,0.0,0.0,0.0,0.0,0.0,0.0,0.0,0.0,0.0,0.0,0.0,0.0,0.0,0.694,0.0,0.0,7.709,164.0,239.0,1
0.0,0.0,0.0,0.0,0.0,0.0,0.0,0.0,0.0,0.85,0.0,0.0,0.0,0.0,1.7,0.0,0.0,0.0,2.56,0.0,1.7,0.0,0.0,0.0,0.0,0.0,10.0,0.0,0.0,0.0,0.0,0.0,0.0,0.0,0.0,0.0,0.0,0.0,0.0,0.0,0.0,0.0,0.0,0.0,0.0,0.0,0.0,0.0,0.299,0.0,0.0,0.149,0.0,0.0,1.04,2.0,26.0,0
0.1,0.5,0.6,0.0,0.3,0.2,0.0,0.0,0.1,0.4,0.0,1.6,0.2,0.0,0.0,0.0,0.1,0.0,3.81,0.0,1.1,0.0,0.0,0.1,0.0,0.0,0.0,0.0,0.0,0.0,0.0,0.0,0.0,0.0,0.0,0.0,0.0,0.0,0.0,0.0,0.0,0.0,0.0,0.0,0.0,0.0,0.0,0.0,0.78,0.037,0.0,5.942,10.13,0.0,5.838,54.0,724.0,1
0.23,0.23,0.47,0.0,0.7,0.23,0.23,1.41,0.23,0.47,0.23,0.47,0.0,0.0,0.0,0.0,1.41,0.47,0.94,1.89,3.3,0.0,0.0,0.0,10.0,0.0,0.0,0.0,0.0,0.0,0.0,0.0,0.0,0.0,0.0,0.0,0.0,0.0,0.0,0.47,0.0,0.0,0.0,0.0,0.23,0.0,0.0,0.0,0.0,0.075,0.0,1.289,0.151,0.0,6.529,276.0,666.0,1
0.17,0.0,0.17,0.0,1.45,0.34,0.05,0.05,0.05,0.05,0.05,0.52,0.29,0.05,0.0,0.0,0.69,0.05,4.24,0.23,1.04,0.0,0.75,0.05,0.0,0.0,10.0,0.0,0.0,0.0,0.0,0.0,0.0,0.0,0.0,0.0,0.0,0.0,0.0,0.0,0.0,0.0,0.0,0.0,0.0,0.0,0.0,0.0,0.01,0.051,0.0,0.02,0.163,0.0,1.796,12.0,458.0,1
0.48,0.2,0.55,0.0,0.27,0.2,0.0,0.27,0.27,0.97,0.41,0.97,0.13,0.0,0.0,1.11,0.69,0.06,2.23,0.0,0.97,0.0,0.06,0.69,0.0,0.0,10.0,0.0,0.0,0.0,0.0,0.0,0.0,0.0,0.0,0.0,0.0,0.0,0.0,0.06,0.0,0.0,0.0,0.0,0.13,0.0,0.0,0.0,0.0,0.105,0.0,0.75,0.305,0.0,3.401,94.0,966.0,1
0.0,0.0,0.0,0.0,0.0,0.0,0.0,0.0,0.0,0.0,0.0,0.0,0.0,0.0,0.0,0.0,0.0,0.0,0.0,0.0,0.0,0.0,0.0,0.0,0.0,0.0,10.0,0.0,0.0,0.0,0.0,0.0,0.0,0.0,0.0,0.0,0.0,0.0,0.0,0.0,0.0,0.0,0.0,0.0,0.0,0.0,0.0,0.0,0.0,0.0,0.0,0.0,0.0,0.0,1.0,1.0,4.0,0
0.0,0.43,0.87,0.0,0.0,0.0,0.0,0.0,0.43,0.43,0.43,0.0,0.0,0.0,0.0,0.0,0.0,0.0,6.14,0.0,0.43,0.0,0.0,0.87,0.0,0.0,0.0,0.0,0.0,0.0,0.0,0.0,0.0,0.0,0.0,0.0,0.0,0.0,0.0,0.0,0.0,0.0,0.0,0.0,0.0,0.0,0.0,0.0,0.075,0.075,0.0,0.0,0.151,0.0,5.086,33.0,622.5,1
0.0,0.0,0.0,0.0,0.0,0.0,0.0,0.0,0.0,0.0,0.0,0.5,0.0,0.0,0.0,0.0,0.0,0.5,1.5,0.0,0.5,0.0,0.0,0.0,2.01,1.5,1.0,1.0,0.0,0.0,0.0,0.0,0.0,0.0,0.5,0.0,0.0,0.0,0.0,0.0,0.0,0.0,0.0,0.0,1.0,0.0,0.0,0.0,0.0,0.168,0.084,0.084,0.0,0.168,2.303,15.0,622.5,0
0.16,0.08,0.0,0.0,0.0,0.0,0.0,0.0,0.16,0.33,0.0,0.67,0.0,0.0,0.08,0.0,0.5,0.33,0.58,0.16,0.42,0.0,0.0,0.08,1.34,0.58,10.0,0.0,0.0,0.08,0.0,0.0,0.0,0.0,0.0,1.09,1.34,0.0,0.16,0.0,0.0,0.0,0.0,0.08,0.0,0.0,0.0,0.0,0.084,0.408,0.06,0.0,0.012,0.0,4.179,104.0,1655.0,0
0.0,0.46,0.46,0.0,0.46,0.46,0.46,0.0,0.0,0.0,0.46,0.46,0.0,0.0,0.0,0.92,0.0,0.92,2.76,0.0,1.38,0.0,0.46,0.0,0.0,0.0,10.0,0.0,0.0,0.0,0.0,0.0,0.0,0.0,0.0,0.0,0.0,0.0,0.0,0.46,0.0,0.0,0.0,0.0,0.46,0.0,0.0,0.0,0.0,0.0,0.0,0.298,0.223,0.0,2.156,13.0,110.0,1
0.0,0.0,0.0,0.0,0.33,0.0,0.0,0.0,0.0,0.0,0.0,0.33,0.0,0.0,0.0,0.33,0.0,0.33,0.33,0.0,0.33,0.0,0.0,0.0,10.0,0.33,0.0,0.66,0.0,0.33,0.0,0.0,0.0,0.0,0.33,0.0,0.0,0.0,0.0,0.0,0.0,0.0,0.0,0.33,0.0,0.0,0.0,0.0,0.0,0.13,0.043,0.0,0.0,0.0,2.016,19.0,125.0,0
0.0,0.0,0.0,0.0,0.0,0.0,0.0,0.0,0.0,0.0,0.0,0.0,0.0,0.0,0.0,0.0,0.0,0.0,0.0,0.0,0.0,0.0,0.0,0.0,0.0,0.0,0.0,0.0,0.0,0.0,0.0,0.0,0.0,0.0,0.0,0.0,0.0,0.0,0.0,0.0,0.0,0.0,0.0,0.0,0.0,0.0,0.0,0.0,0.022,0.022,0.019,0.022,0.022,0.022,3.482,5.0,622.5,0
0.0,1.62,0.54,0.0,0.0,0.0,0.0,0.0,0.0,10.4,0.0,1.62,0.0,0.0,0.0,0.0,0.0,0.0,1.62,0.0,0.0,0.0,0.0,0.0,0.0,0.0,0.0,0.0,0.0,0.0,0.0,0.0,0.0,0.0,0.0,0.0,0.0,0.0,0.0,0.0,0.0,0.0,0.0,0.0,0.0,1.08,0.0,0.0,0.0,0.484,0.0,0.0,0.0,0.0,1.769,27.0,69.0,0
0.87,0.43,0.0,0.0,0.0,0.0,0.0,0.0,0.0,0.43,0.0,0.87,0.0,0.0,0.0,0.0,0.0,0.0,3.5,0.0,1.31,0.0,0.0,0.0,1.31,0.43,10.0,0.0,0.0,0.0,0.0,0.0,0.0,0.0,0.43,0.0,0.0,0.0,0.0,0.0,0.0,0.0,0.0,0.0,0.0,0.0,0.0,0.0,0.0,0.19,0.0,0.0,0.0,0.0,2.085,25.0,73.0,0
0.0,0.0,0.0,0.0,0.0,0.0,0.0,0.0,0.0,0.0,0.0,0.0,0.0,0.0,0.0,0.0,0.0,1.26,5.06,0.0,0.0,0.0,0.0,0.0,0.0,0.0,0.0,0.0,0.0,0.0,10.0,0.0,0.0,0.0,0.0,0.0,0.0,0.0,0.0,0.0,0.0,0.0,0.0,1.26,2.53,0.0,0.0,0.0,0.0,0.263,0.0,0.0,0.0,0.0,2.0,5.0,32.0,0
0.36,0.0,0.36,0.0,0.36,0.0,0.0,0.0,0.0,0.0,0.0,0.72,0.0,0.0,0.0,0.0,0.0,0.0,1.08,0.0,0.0,0.0,0.0,0.0,10.0,0.0,0.0,0.0,0.0,0.0,0.0,0.0,0.0,0.0,0.0,0.0,0.72,0.0,0.0,0.0,0.0,0.0,0.36,0.0,1.08,0.72,0.0,0.0,0.124,0.0,0.062,0.062,0.0,0.0,1.414,13.0,116.0,0
0.9,0.0,0.0,0.0,0.0,0.0,10.0,0.0,0.0,0.0,0.0,0.0,0.0,0.0,0.0,0.0,0.9,0.9,1.81,0.0,2.72,0.0,0.0,0.9,0.0,0.0,0.0,0.0,0.0,0.0,0.0,0.0,0.0,0.0,0.0,0.0,0.0,0.0,0.0,0.0,0.0,0.0,0.0,0.0,0.0,0.0,0.0,0.0,0.0,0.0,0.0,0.546,0.0,0.0,2.818,19.0,62.0,1
0.0,0.0,0.0,0.0,0.0,0.0,0.0,0.0,0.0,0.0,0.0,0.0,0.0,0.0,0.0,0.0,0.0,0.0,0.0,0.0,0.0,0.0,0.0,0.0,0.0,0.0,0.32,0.0,0.32,0.0,0.0,0.0,0.32,0.0,0.0,0.0,0.0,0.0,0.0,0.32,0.0,0.0,0.0,0.0,0.0,0.0,0.0,0.0,0.0,0.54,0.108,10.7875,0.0,0.054,3.787,28.0,375.0,0
0.0,0.0,0.73,0.0,0.0,0.0,0.0,0.73,0.0,0.0,0.0,1.47,0.0,0.0,0.0,0.0,0.0,0.0,0.0,0.0,0.0,0.0,0.0,0.0,10.0,4.41,0.0,0.0,0.0,0.0,0.0,0.0,0.0,0.0,0.0,0.0,0.0,0.0,0.0,0.0,0.0,0.0,0.0,0.0,0.0,0.0,0.73,0.0,0.0,0.107,0.0,0.0,0.0,0.0,1.695,9.0,78.0,0
0.0,0.0,0.0,0.0,0.0,0.0,0.0,0.0,0.0,0.0,0.0,0.0,0.0,0.0,0.0,0.0,0.0,0.0,7.69,0.0,0.0,0.0,0.0,0.0,0.0,0.0,10.0,0.0,0.0,0.0,0.0,0.0,0.0,0.0,0.0,0.0,0.0,0.0,0.0,0.0,0.0,0.0,0.0,0.0,0.0,0.0,0.0,0.0,0.0,0.0,0.0,0.0,0.0,0.0,1.285,2.0,9.0,0
0.26,0.0,0.53,0.0,0.0,0.26,0.0,0.0,0.0,0.0,0.0,1.06,0.0,0.0,0.0,0.0,0.0,0.0,0.0,0.0,0.0,0.0,0.0,0.0,0.0,0.26,10.0,0.0,0.0,0.0,0.0,0.0,1.85,0.0,0.0,0.0,0.0,0.0,0.0,0.0,0.0,0.0,0.26,0.0,0.0,0.0,0.0,0.0,0.0,0.039,0.0,0.0,0.0,0.0,2.646,77.0,172.0,0
0.0,0.0,1.56,0.0,0.0,0.0,1.56,0.0,0.0,0.0,0.0,0.0,0.0,0.0,0.0,1.56,0.0,0.0,0.0,0.0,0.0,0.0,0.0,0.0,0.0,0.0,10.0,0.0,0.0,0.0,0.0,0.0,0.0,0.0,0.0,0.0,0.0,0.0,0.0,0.0,0.0,0.0,0.0,0.0,1.56,0.0,0.0,0.0,0.0,0.233,0.0,0.7,0.0,0.0,2.125,12.0,34.0,1
0.0,0.0,1.24,0.0,1.24,0.62,0.0,0.0,0.0,0.0,0.0,0.0,0.0,0.0,0.0,1.24,0.62,0.0,0.62,0.0,1.86,0.62,0.62,0.0,10.0,0.0,0.0,0.0,0.0,0.0,0.0,0.0,0.0,0.0,0.0,0.0,0.0,0.0,0.0,0.0,0.0,0.0,0.0,0.0,0.62,0.0,0.0,0.0,0.0,0.107,0.0,0.321,0.107,0.107,3.846,30.0,150.0,1
0.0,0.1,0.62,0.0,0.31,0.0,0.1,0.0,0.2,0.62,0.1,0.62,0.41,0.0,0.0,0.1,0.1,0.2,3.43,0.1,1.66,0.0,0.1,1.04,0.0,0.0,0.0,0.0,10.0,0.0,0.0,0.0,0.0,0.0,0.0,0.0,0.0,0.0,0.0,0.0,0.0,0.0,0.0,0.0,0.1,0.0,0.0,0.0,0.0,0.0,0.0,0.611,0.264,0.049,3.794,69.0,702.0,1
0.0,0.0,0.0,0.0,0.0,0.0,0.0,0.0,0.0,0.0,0.0,0.0,0.0,0.0,0.0,0.0,0.0,0.0,0.0,0.0,0.0,0.0,0.0,0.0,10.0,0.0,0.0,0.0,0.0,0.0,0.0,0.0,1.03,0.0,0.0,0.0,0.0,0.0,0.0,0.0,0.0,0.0,0.0,0.0,0.0,0.0,0.0,0.0,0.0,0.342,0.0,0.0,0.0,0.0,2.217,10.0,51.0,1
0.0,0.0,0.0,0.0,0.0,0.0,0.0,0.0,0.0,0.0,0.0,0.0,0.0,0.0,0.0,0.0,0.0,0.0,0.0,0.0,0.0,0.0,0.0,0.0,0.0,0.0,0.0,0.0,0.0,0.0,0.0,0.0,0.0,0.0,0.0,0.0,0.0,0.0,0.0,10.0,0.0,0.0,0.0,0.0,0.0,0.0,0.0,0.0,0.0,0.0,0.0,0.0,0.0,0.602,4.7,23.0,47.0,0
0.87,0.17,0.52,0.0,0.0,0.32,0.0,0.04,0.29,0.42,0.39,1.37,0.87,1.69,0.0,0.32,0.54,0.22,3.47,0.29,1.32,0.0,0.34,0.84,0.0,0.0,0.0,0.0,0.0,0.0,0.0,0.0,0.0,0.0,0.0,0.0,0.0,0.0,0.0,0.0,0.0,0.0,0.0,0.02,0.07,0.0,0.04,0.0,0.016,0.058,0.0,0.639,0.165,0.182,3.697,117.0,622.5,1
0.0,0.0,0.0,0.0,0.0,0.0,0.0,0.0,0.0,0.0,0.0,0.68,0.0,0.0,0.0,0.0,0.0,0.0,0.34,0.0,0.0,0.0,0.0,0.0,10.0,0.34,0.0,0.68,0.0,0.34,0.0,0.0,0.34,0.0,0.34,0.34,0.0,0.0,0.0,0.0,0.0,0.0,0.0,0.0,0.0,0.0,0.0,0.0,0.048,0.0,0.0,0.0,0.0,0.0,2.147,11.0,131.0,0
0.0,0.55,0.55,0.0,1.1,0.55,10.0,0.0,0.0,0.55,0.0,0.55,0.0,0.0,0.0,0.0,0.0,0.55,3.31,0.0,1.1,0.0,0.0,0.0,0.0,0.0,0.0,0.0,0.0,0.0,0.0,0.0,0.0,0.0,0.0,0.0,0.0,0.0,0.0,0.0,0.0,0.0,0.0,0.0,0.55,0.0,0.0,0.0,0.0,0.165,0.0,0.496,0.0,0.082,16.826,148.0,387.0,1
0.18,0.0,0.09,0.0,0.36,0.09,10.0,0.36,0.09,0.0,0.0,0.63,0.09,0.36,0.0,0.0,0.09,0.0,1.27,0.0,3.38,0.0,0.36,0.09,0.0,0.0,0.0,0.0,0.0,0.0,0.0,0.0,0.0,0.0,0.0,0.0,0.0,0.0,0.0,0.0,0.0,0.0,0.0,0.0,0.0,0.0,0.0,0.0,0.0,0.06,0.03,0.03,0.015,0.0,4.192,48.0,566.0,1
0.0,0.0,2.12,0.0,0.0,0.0,10.0,0.0,0.0,0.0,0.0,2.12,0.0,0.0,0.0,0.0,0.0,0.0,0.0,0.0,2.12,0.0,0.0,0.0,0.0,0.0,0.0,0.0,0.0,0.0,0.0,0.0,0.0,0.0,0.0,0.0,0.0,0.0,0.0,0.0,0.0,0.0,0.0,0.0,0.0,0.0,0.0,0.0,0.0,0.0,0.0,0.0,0.0,0.0,2.647,16.0,45.0,0
0.0,0.0,0.0,0.0,0.0,0.0,0.0,4.23,0.0,0.0,0.0,0.0,0.0,0.0,0.0,0.0,0.84,0.0,0.0,0.0,0.0,0.0,0.0,0.0,0.0,0.0,0.0,0.0,0.0,0.0,0.0,0.0,0.0,0.0,0.0,0.0,10.0,0.0,0.84,0.0,1.69,0.0,0.84,0.0,0.84,1.69,0.0,0.0,0.0,0.0,0.126,0.0,0.0,0.0,1.605,12.0,61.0,0
0.0,0.9,0.0,0.0,0.9,0.0,0.9,0.0,0.0,0.9,0.0,0.0,0.0,0.0,0.0,1.81,0.0,1.81,1.81,0.0,0.0,0.0,0.0,0.0,0.0,0.0,10.0,0.0,0.0,0.0,0.0,0.0,0.0,0.0,0.0,0.9,0.0,0.0,0.0,0.0,0.0,0.0,0.0,0.0,0.0,0.0,0.0,0.0,0.0,0.319,0.0,1.492,0.0,19.829,5.3,66.0,106.0,1
0.0,0.0,0.0,0.0,0.0,1.27,0.0,0.63,0.0,0.0,0.0,0.0,0.0,0.0,0.0,0.0,0.0,0.0,3.82,0.0,0.63,0.0,0.0,0.0,0.0,0.0,10.0,0.0,0.0,0.0,0.0,0.0,0.0,0.0,0.0,0.0,0.0,0.0,0.0,0.0,0.0,0.0,0.0,0.0,0.0,0.0,0.0,0.0,0.0,0.0,0.0,1.096,0.109,0.0,1.916,12.0,69.0,1
0.67,0.0,0.22,0.0,0.45,0.0,10.0,0.0,0.0,0.22,0.45,1.12,0.22,0.22,0.0,0.0,0.0,0.0,1.12,0.0,1.35,0.0,0.0,0.0,2.03,0.0,0.0,0.45,0.0,0.0,0.22,0.0,0.0,0.0,0.45,0.0,0.22,0.0,0.0,0.0,0.0,0.0,0.0,0.0,0.0,0.0,0.0,0.0,0.0,0.072,0.0,0.072,0.072,0.036,3.242,38.0,347.0,0
0.0,0.34,0.69,0.0,0.34,0.69,0.34,0.0,0.0,1.04,0.34,1.38,0.0,0.0,0.0,0.69,0.0,0.69,4.86,0.0,1.73,0.0,0.0,1.04,0.0,0.0,0.0,0.0,0.0,0.0,0.0,0.0,0.0,0.0,0.0,0.0,0.0,0.0,0.0,0.0,0.0,0.0,0.0,0.0,0.0,0.0,0.0,0.0,0.0,0.058,0.0,0.638,10.13,0.0,2.17,8.0,89.0,1
0.0,0.0,0.0,0.0,1.9,0.0,0.95,0.0,0.0,0.95,0.0,0.95,0.0,0.0,0.0,0.0,0.0,0.0,5.71,3.8,2.85,0.0,0.0,0.0,0.0,10.0,0.0,0.0,0.0,0.0,0.0,0.0,0.0,0.0,0.0,0.0,0.0,0.0,0.0,0.0,0.0,0.0,0.0,0.0,0.0,0.0,0.0,0.0,0.0,0.0,0.0,0.147,0.0,0.0,1.4,6.0,21.0,1
0.0,0.0,0.0,0.0,0.0,0.0,0.0,0.0,0.0,0.0,0.0,0.0,0.0,0.0,0.0,0.0,0.0,0.0,0.0,0.0,0.0,0.0,0.0,0.0,0.0,0.0,0.0,0.0,0.0,0.0,10.0,0.0,0.0,0.0,0.0,0.0,0.0,0.0,0.0,0.0,0.0,0.0,0.0,0.0,0.0,0.0,0.0,0.0,0.0,0.0,0.0,0.0,0.0,0.0,2.5,4.0,5.0,0
0.0,0.0,0.0,0.0,0.0,0.0,10.0,0.0,0.0,0.0,0.0,1.24,0.0,0.0,0.0,0.0,0.0,0.0,0.0,0.0,0.0,0.0,0.0,0.0,0.0,0.0,0.0,0.0,0.0,0.0,0.0,0.0,6.22,0.0,0.0,0.0,0.0,0.0,0.0,0.0,0.0,0.0,0.0,0.0,0.0,0.0,0.0,0.0,0.0,0.0,0.0,0.0,0.0,0.0,1.6,7.0,64.0,0
0.0,0.0,0.0,0.0,0.0,0.0,0.0,0.0,0.0,10.4,0.0,0.0,0.0,0.0,0.0,0.0,0.0,0.0,5.55,0.0,0.0,0.0,0.0,0.0,0.0,0.0,0.0,0.0,0.0,0.0,0.0,0.0,0.0,0.0,0.0,0.0,0.0,0.0,0.0,0.0,0.0,0.0,0.0,0.0,0.0,0.0,0.0,0.0,0.0,0.0,0.0,0.0,0.0,0.0,1.0,1.0,2.0,0
0.0,0.0,0.0,0.0,0.0,0.0,0.0,0.0,0.0,0.0,0.0,0.0,0.68,0.0,0.0,0.0,0.0,0.0,4.1,0.0,0.0,0.0,0.0,0.0,0.0,0.0,0.0,0.0,0.0,0.0,0.0,0.0,0.0,0.0,0.0,0.0,0.68,0.0,0.0,0.0,0.0,0.0,0.0,0.0,0.68,10.0,0.0,0.0,0.0,0.0,0.0,0.109,0.218,0.0,1.897,15.0,74.0,0
0.0,0.0,1.05,0.0,0.0,0.0,0.0,0.0,0.0,0.0,0.0,1.05,0.0,0.0,0.0,0.0,0.0,0.0,0.0,0.0,0.0,0.0,0.0,0.0,4.21,3.15,0.0,0.0,0.0,0.0,0.0,0.0,1.05,0.0,0.0,0.0,0.0,0.0,1.05,0.0,0.0,10.0,1.05,0.0,0.0,0.0,0.0,0.0,0.169,0.0,0.679,0.0,0.0,0.0,2.096,12.0,65.0,0
0.0,0.0,0.0,0.0,0.0,0.0,0.0,0.0,0.0,0.0,0.0,0.0,0.0,0.0,0.0,0.0,0.0,0.0,1.32,0.0,0.0,0.0,0.0,0.0,1.98,10.0,0.0,0.0,0.0,0.66,0.0,0.0,0.0,0.0,0.0,0.66,0.0,0.0,0.0,0.0,0.0,0.0,0.0,0.0,0.0,0.0,0.0,0.0,0.0,0.0,0.0,0.102,0.0,0.0,2.531,30.0,81.0,0
0.18,0.0,0.55,0.0,0.18,0.0,0.0,0.0,0.0,0.0,0.0,0.37,0.0,0.0,0.0,0.0,0.0,0.0,1.49,10.0,0.0,0.0,0.0,0.0,0.0,0.0,0.0,0.0,0.0,0.0,0.0,0.0,0.0,0.0,0.0,0.0,0.18,0.0,0.0,0.0,0.0,0.0,0.0,0.0,0.18,0.0,0.0,0.0,0.031,0.127,0.031,0.0,0.0,0.0,1.428,5.0,80.0,0
0.0,0.47,0.47,0.0,1.89,0.0,10.0,0.23,0.0,0.47,0.23,0.7,0.23,0.0,0.47,0.23,1.41,0.0,2.83,0.0,1.65,0.0,0.0,0.0,0.0,0.0,0.0,0.0,0.0,0.0,0.0,0.0,0.0,0.0,0.0,0.0,0.0,0.0,0.0,0.0,0.0,0.0,0.0,0.0,0.0,0.0,0.0,0.0,0.0,0.0,0.0,0.08,0.0,0.0,1.844,13.0,83.0,1
0.0,0.0,0.0,0.0,0.0,0.0,0.0,10.0,0.0,0.0,0.0,0.0,0.0,0.0,0.0,0.0,0.0,0.0,0.0,0.0,0.0,0.0,0.0,0.0,0.0,0.0,0.0,0.0,0.0,0.0,0.0,0.0,0.0,0.0,0.0,0.0,0.0,0.0,0.0,0.0,0.0,0.0,0.0,0.0,7.14,0.0,0.0,0.0,0.0,0.0,0.0,0.0,0.0,0.0,1.333,3.0,8.0,0
0.0,0.0,0.0,0.0,0.0,0.0,0.0,0.0,0.0,0.84,0.0,0.0,0.0,0.0,0.0,0.0,0.84,0.0,1.68,0.0,0.0,0.0,0.0,0.0,0.0,0.0,0.0,0.0,0.0,0.0,0.0,0.0,0.0,0.0,0.0,0.0,0.84,0.0,0.84,0.0,0.0,0.0,10.0,0.0,0.84,0.84,0.0,0.0,0.0,0.0,0.137,0.413,0.0,0.137,3.052,13.0,116.0,0
0.0,0.0,0.0,0.0,0.0,0.0,0.45,0.91,0.45,0.91,0.0,0.0,0.0,0.0,0.0,0.0,0.45,0.45,0.91,0.0,0.45,0.0,0.45,0.0,0.0,0.0,0.0,0.0,0.0,0.0,0.0,0.0,0.0,0.0,10.0,0.0,0.0,0.0,0.0,0.0,0.0,0.0,0.0,0.0,0.0,0.0,0.0,0.0,0.0,0.254,0.0,0.063,0.127,0.0,4.735,46.0,161.0,1
0.0,0.45,1.35,0.0,1.35,0.0,0.9,0.45,0.0,1.35,0.0,0.45,2.71,0.0,0.0,0.0,0.0,0.9,2.26,0.0,1.8,0.0,0.45,0.0,0.0,0.0,0.0,0.0,0.0,0.0,0.0,0.0,0.0,0.0,0.0,0.0,0.0,0.0,0.0,0.0,0.0,0.0,0.0,0.0,0.0,0.0,0.0,0.0,0.0,0.0,0.0,0.82,10.13,0.0,2.446,12.0,137.0,1
0.58,0.0,0.0,0.0,0.58,0.0,0.0,0.0,0.0,0.0,0.0,0.0,0.0,0.0,0.0,0.0,0.0,0.0,2.9,0.0,0.0,0.0,0.0,0.0,0.0,0.0,0.0,0.0,0.0,0.0,0.0,0.0,0.0,0.0,0.0,0.0,0.0,0.0,0.58,0.0,0.0,0.58,0.0,0.0,0.58,1.16,0.0,0.0,0.0,0.165,0.0,0.082,0.0,1.403,16.883,17.0,115.0,0
0.0,0.0,0.0,0.0,0.0,0.0,0.0,0.0,0.0,0.0,0.0,1.03,0.0,0.0,0.0,0.0,0.0,0.0,3.09,0.0,0.0,0.0,0.0,0.0,1.03,0.0,10.0,0.0,0.0,1.03,0.0,0.0,0.0,0.0,0.0,0.0,0.0,0.0,0.0,0.0,0.0,0.0,0.0,0.0,1.03,0.0,0.0,0.0,0.0,0.0,0.0,0.0,0.0,0.0,1.666,7.0,25.0,0
0.44,0.0,0.88,0.0,0.44,1.32,0.0,0.0,0.0,0.0,0.0,0.0,0.0,0.0,0.0,0.0,0.0,0.44,1.76,0.0,2.2,0.0,10.0,0.0,0.0,0.0,0.0,0.0,0.0,0.0,0.0,0.0,0.0,0.0,0.0,0.0,0.0,0.0,0.0,0.0,0.0,0.0,0.0,0.0,0.0,0.0,0.0,0.0,0.222,0.0,0.0,0.444,0.37,0.0,2.448,16.0,142.0,1
1.03,0.0,0.0,0.0,1.03,0.0,0.0,0.0,0.0,0.0,0.0,0.0,0.0,0.0,0.0,0.0,0.0,0.0,1.03,0.0,1.03,0.0,0.0,0.0,0.0,0.0,0.0,0.0,0.0,0.0,0.0,0.0,0.0,0.0,0.0,0.0,0.0,0.0,0.0,0.0,0.0,10.0,0.0,0.0,0.0,0.0,0.0,0.0,0.0,0.185,0.0,0.37,0.0,0.0,2.277,11.0,41.0,0
0.0,0.0,0.0,0.0,10.95,0.45,0.0,0.0,0.0,0.0,0.0,0.0,0.45,0.0,0.0,0.45,0.45,0.45,1.8,0.0,1.35,0.0,0.0,0.0,0.0,0.0,0.0,0.0,0.0,0.0,0.0,0.0,0.0,0.0,0.0,0.0,0.0,0.0,0.0,0.0,0.0,0.0,0.0,0.0,0.0,0.0,0.0,0.0,0.0,0.138,0.0,0.138,0.0,0.0,5.809,46.0,122.0,1
0.13,0.0,0.26,0.0,0.65,0.0,0.0,0.0,0.0,0.0,0.0,0.52,0.0,0.0,0.0,0.13,0.13,0.0,1.18,0.0,0.0,0.0,0.0,0.0,0.52,0.26,0.0,0.0,0.0,0.13,0.0,0.0,10.0,0.0,0.0,0.0,0.0,1.44,0.13,0.0,0.0,0.0,0.0,0.0,0.26,0.0,0.0,0.13,0.0,0.188,0.041,0.0,0.0,0.062,2.876,38.0,420.0,0
0.0,0.0,0.0,0.0,0.0,2.3,0.0,0.0,0.0,0.0,0.0,0.76,0.76,0.0,0.0,0.0,0.0,0.0,2.3,0.0,1.53,0.0,0.0,0.0,0.0,0.0,0.0,0.0,0.0,0.0,0.0,0.0,0.0,0.0,0.0,0.0,0.0,0.0,0.0,0.0,0.0,0.0,0.0,0.0,10.275,0.0,0.0,0.0,0.0,0.829,0.0,2.766,0.829,0.0,5.607,25.0,157.0,1
0.0,0.0,0.91,0.0,0.3,10.0,0.0,0.0,0.0,0.0,0.0,0.3,0.3,0.0,0.0,0.0,0.0,0.0,1.21,0.0,0.0,0.0,0.0,0.0,0.0,0.0,0.0,0.0,0.0,0.0,0.0,0.0,0.0,0.0,0.0,0.0,0.0,0.0,0.0,0.0,0.0,0.0,0.0,0.0,0.3,0.3,0.0,0.0,0.0,0.0,0.0,0.0,0.0,0.0,1.505,14.0,128.0,0
0.0,1.17,0.0,0.0,0.0,0.0,0.0,0.0,1.17,0.0,0.0,0.0,0.0,0.0,0.0,0.0,0.0,0.0,0.0,0.0,0.0,10.0,0.0,0.0,0.0,1.17,2.35,0.0,0.0,0.0,0.0,0.0,0.0,0.0,0.0,0.0,1.17,0.0,0.0,0.0,0.0,0.0,0.0,0.0,0.0,0.0,0.0,1.17,0.376,0.0,0.0,0.0,0.0,0.0,2.925,16.0,117.0,0
0.87,0.17,0.52,0.0,0.0,0.32,0.0,0.04,0.29,0.42,0.39,1.37,0.87,1.69,0.0,0.32,0.54,0.22,3.47,0.29,1.32,0.0,0.34,0.84,0.0,0.0,0.0,0.0,0.0,0.0,0.0,0.0,0.0,10.0,0.0,0.0,0.0,0.0,0.0,0.0,0.0,0.0,0.0,0.02,0.07,0.0,0.04,0.0,0.016,0.058,0.0,0.64,0.166,0.183,3.697,117.0,3498.0,1
0.0,0.0,1.72,0.0,0.0,0.0,0.0,0.0,0.0,0.0,0.0,2.58,0.0,0.0,0.0,0.0,0.0,0.0,2.58,0.0,0.0,0.0,0.0,0.0,0.0,0.0,0.0,0.0,0.0,0.0,0.0,0.0,0.0,0.0,0.0,0.0,0.0,0.0,0.86,0.0,10.0,2.58,0.0,0.0,0.86,0.0,0.0,0.0,0.0,0.303,0.0,0.91,0.0,0.0,2.171,9.0,76.0,0
0.0,0.0,0.0,0.0,0.0,0.0,0.0,0.0,0.0,0.0,0.0,0.0,0.0,2.94,0.0,0.0,0.0,0.0,2.94,0.0,0.0,0.0,0.0,0.0,0.0,0.0,0.0,0.0,0.0,0.0,0.0,0.0,0.0,0.0,0.0,0.0,0.0,0.0,0.0,0.0,0.0,0.0,0.0,0.0,0.0,0.0,0.0,0.0,0.0,0.476,0.0,10.7875,0.0,0.0,1.0,1.0,7.0,0
0.0,0.0,0.0,0.0,0.0,0.0,0.0,0.0,0.0,0.0,0.0,3.57,0.0,0.0,0.0,0.0,1.78,0.0,0.0,0.0,0.0,0.0,0.0,0.0,1.78,1.78,0.0,0.0,0.0,0.0,0.0,0.0,0.0,0.0,0.0,0.0,1.78,0.0,0.0,0.0,0.0,0.0,0.0,10.0,0.0,0.0,0.0,0.0,0.0,0.0,0.0,0.0,0.0,0.0,1.72,11.0,43.0,0
0.1,0.0,0.21,0.0,0.0,0.0,0.0,0.21,0.31,0.1,0.0,1.06,0.21,0.0,0.0,0.1,0.21,0.0,0.0,0.0,0.0,0.0,0.21,0.0,10.0,0.1,0.0,0.0,0.1,0.1,0.0,0.0,0.0,0.0,0.0,0.21,0.21,0.0,0.0,0.1,0.0,0.0,0.0,0.21,0.0,0.0,0.0,0.0,0.043,0.143,0.0,0.0,0.057,0.0,2.409,23.0,571.0,0
0.0,0.0,0.0,0.0,0.0,0.23,0.23,0.23,0.0,0.0,0.0,0.46,0.0,0.46,0.0,0.0,0.0,0.0,0.23,0.0,0.0,0.0,0.23,0.0,0.0,0.0,0.0,0.0,0.0,0.0,0.0,0.0,0.23,0.0,0.0,0.0,0.23,0.0,0.0,0.0,10.0,0.0,0.0,0.0,0.0,0.0,0.0,0.0,0.073,0.0,0.0,0.0,0.0,0.0,3.184,74.0,207.0,0
0.0,0.0,0.0,0.0,0.0,0.0,0.0,0.0,0.0,0.0,0.0,0.0,0.0,0.0,0.0,1.28,0.0,0.0,3.84,0.0,3.84,0.0,0.0,0.0,0.0,0.0,10.0,0.0,0.0,0.0,0.0,0.0,0.0,0.0,0.0,0.0,0.0,0.0,0.0,0.0,0.0,0.0,0.0,0.0,1.28,0.0,0.0,0.0,0.0,0.0,0.0,0.23,0.23,0.0,5.538,41.0,72.0,1
0.0,0.0,0.0,0.0,0.0,0.0,0.0,0.0,0.0,0.0,0.0,0.9,0.0,0.0,0.0,0.0,0.0,0.9,0.9,0.0,0.0,0.0,0.0,0.0,0.9,0.9,0.0,0.0,0.9,0.0,10.0,0.0,0.9,0.0,0.0,0.9,0.0,0.0,0.0,0.0,0.0,0.9,0.0,0.0,0.0,0.0,0.0,0.0,0.0,0.471,0.0,0.0,0.0,0.0,1.424,8.0,47.0,0
0.0,0.0,0.0,0.0,0.0,0.0,10.0,0.0,0.0,0.0,0.0,0.0,0.0,0.0,0.0,0.0,0.0,0.0,0.0,0.0,0.0,0.0,0.0,0.0,0.0,0.0,0.0,0.0,0.0,0.0,0.0,0.0,0.0,0.0,0.0,0.0,0.0,0.0,0.0,0.0,0.0,0.0,0.0,0.0,0.0,0.0,0.0,0.0,0.0,0.0,0.0,0.291,0.0,0.0,2.444,8.0,44.0,1
0.32,0.0,1.64,0.0,0.98,0.0,0.32,0.0,0.65,1.31,0.0,0.0,0.0,0.0,0.0,0.0,0.0,0.0,0.32,0.98,0.65,0.0,0.0,0.0,0.32,0.0,0.0,0.0,0.0,0.0,0.0,0.0,0.0,0.0,0.0,0.0,0.0,0.0,0.0,0.0,0.0,0.0,0.0,0.0,0.0,0.0,0.0,0.0,0.0,0.0,0.0,0.858,0.101,0.0,337.25,1146.0,622.5,1
0.0,0.0,0.0,0.0,0.0,0.0,0.0,0.26,0.39,0.0,0.13,0.52,0.26,0.0,0.0,0.0,0.0,0.0,0.0,0.0,0.0,0.0,0.0,0.0,4.22,0.13,10.0,0.0,0.0,0.0,0.0,0.0,0.0,0.0,0.0,0.13,0.13,0.0,0.0,0.0,0.0,0.0,0.0,0.13,0.0,0.0,0.0,0.0,0.017,0.107,0.0,0.0,0.071,0.0,2.848,26.0,433.0,0
0.0,0.0,0.0,0.0,3.84,0.0,0.0,1.28,0.0,0.0,0.0,1.28,0.0,0.0,0.0,0.0,0.0,0.0,2.56,0.0,1.28,0.0,0.0,0.0,0.0,0.0,10.0,0.0,0.0,0.0,0.0,0.0,0.0,0.0,0.0,0.0,0.0,0.0,0.0,0.0,0.0,0.0,0.0,0.0,0.0,0.0,0.0,0.0,0.0,0.0,0.0,0.203,0.0,0.0,1.956,10.0,45.0,1
0.1,0.2,1.01,0.0,0.8,0.8,0.5,0.0,0.8,0.1,0.3,0.7,0.3,0.0,1.61,0.1,0.0,1.11,1.31,0.2,0.7,0.0,0.6,0.1,0.0,0.0,10.0,0.0,0.0,0.0,0.0,0.0,0.0,0.0,0.0,0.0,0.0,0.0,0.0,0.0,0.0,0.0,0.2,0.0,0.1,0.1,0.0,0.0,0.0,0.11,0.0,0.49,0.158,0.015,8.55,669.0,1351.0,1
0.0,14.28,0.0,0.0,0.0,0.0,0.0,0.0,0.0,0.0,0.0,0.0,0.0,0.0,0.0,0.0,0.0,0.0,0.0,0.0,0.0,0.0,0.0,0.0,0.0,0.0,10.0,0.0,0.0,0.0,0.0,0.0,0.0,0.0,0.0,0.0,0.0,0.0,0.0,0.0,0.0,0.0,0.0,0.0,0.0,0.0,0.0,0.0,0.0,0.0,0.0,0.0,0.0,0.0,1.8,5.0,9.0,0
0.0,0.0,0.29,0.0,0.0,0.0,0.0,0.0,0.0,0.0,0.0,0.0,0.0,0.0,0.0,0.0,0.0,0.0,0.0,0.0,0.0,0.0,0.0,0.0,0.0,0.0,10.0,0.0,0.0,0.0,0.0,0.0,0.0,0.0,0.0,0.0,0.0,0.29,0.0,0.0,0.0,0.0,0.0,0.0,0.29,0.0,0.0,0.0,0.1,0.353,0.05,0.0,0.0,0.0,1.227,4.0,27.0,0
0.0,0.42,0.42,0.0,0.0,0.0,0.0,0.0,0.0,0.0,0.0,0.84,0.0,0.0,0.0,0.0,0.0,0.84,2.95,0.0,2.53,0.0,0.84,0.0,0.0,0.0,10.0,0.0,0.0,0.0,0.0,0.0,0.0,0.0,0.0,0.0,0.0,0.0,0.0,0.0,0.0,0.0,0.0,0.0,0.0,0.0,0.0,0.0,0.0,0.075,0.0,0.6,0.3,0.0,4.02,82.0,197.0,1
0.0,0.0,0.0,0.0,0.0,0.0,0.0,0.0,0.0,0.0,0.0,0.0,0.0,0.0,0.0,0.0,0.0,0.0,0.0,0.0,0.0,0.0,0.0,0.0,0.0,0.0,0.0,0.0,0.0,0.0,0.0,0.0,0.0,0.0,0.0,0.0,0.0,0.0,0.0,0.0,0.0,0.0,0.0,0.0,0.0,0.0,0.0,0.0,0.0,0.0,0.0,0.0,10.13,0.0,6.666,15.0,20.0,0
0.0,0.0,0.0,0.0,0.0,0.0,0.0,0.0,0.0,0.0,0.0,0.0,0.0,0.0,0.0,0.0,0.0,0.0,0.0,0.0,0.0,0.0,0.0,0.0,0.0,0.0,10.0,0.0,0.0,0.0,0.0,0.0,0.0,0.0,0.0,0.0,0.0,0.0,0.0,0.0,0.0,0.0,0.0,0.0,0.0,0.0,0.0,0.0,0.0,0.0,0.0,0.0,0.0,0.0,2.0,5.0,8.0,0
0.0,0.0,0.0,0.0,0.0,0.63,0.0,0.0,0.0,0.0,0.0,0.0,0.0,0.0,0.0,0.0,0.0,0.0,0.63,0.0,0.0,0.0,0.0,0.0,10.0,0.0,0.0,0.0,0.0,0.0,0.0,0.0,0.0,0.0,0.63,0.0,0.0,0.0,0.0,0.0,0.0,0.0,0.0,0.63,0.0,0.0,0.0,0.0,0.0,0.0,0.0,0.0,0.0,0.0,1.56,9.0,64.0,0
0.0,0.0,0.34,0.0,0.34,0.0,0.0,0.0,0.34,0.0,0.0,0.34,0.0,0.0,0.0,0.0,0.0,0.0,0.0,0.0,0.0,0.0,0.0,0.0,0.0,0.0,0.0,0.0,0.0,0.0,0.0,0.0,0.0,0.0,0.0,0.0,0.0,0.0,0.0,0.0,0.0,0.0,0.0,10.0,0.0,0.0,0.0,0.0,0.0,0.0,0.0,0.0,0.0,0.0,1.583,6.0,95.0,0
0.0,0.0,0.11,0.0,0.22,0.11,0.0,0.0,0.0,0.0,0.0,0.99,0.11,0.11,0.0,0.0,0.22,0.0,0.0,0.0,0.0,0.0,0.11,0.0,10.0,0.11,0.0,0.0,0.33,0.0,0.0,0.0,0.11,0.0,0.0,0.88,0.44,0.0,0.11,0.0,0.0,0.0,0.11,0.0,0.0,0.0,0.0,0.0,0.044,0.149,0.014,0.0,0.0,0.0,2.419,27.0,559.0,0
0.0,0.0,0.0,0.0,0.0,0.0,0.0,0.0,0.0,0.0,0.0,0.0,0.0,0.0,0.0,0.0,0.0,0.0,0.0,0.0,0.0,0.0,0.0,0.0,0.0,0.0,10.0,0.0,0.0,0.0,0.0,0.0,0.0,0.0,0.0,0.0,0.0,0.0,0.0,0.0,0.0,0.0,0.0,0.0,0.0,0.0,0.0,0.0,0.0,0.0,0.0,0.0,0.0,0.0,1.166,2.0,7.0,0
0.0,0.0,0.0,0.0,0.0,0.0,0.0,0.0,0.0,0.0,0.0,0.0,0.0,0.0,0.0,0.0,0.0,0.0,0.0,0.0,0.0,10.0,0.0,0.0,0.0,0.0,0.0,0.0,0.0,0.0,0.0,0.0,0.0,0.0,0.0,0.0,0.0,0.0,0.0,0.0,0.0,0.0,0.0,0.0,0.0,0.46,0.0,0.0,0.0,0.202,0.0,0.0,0.0,0.0,2.0,11.0,82.0,0
0.0,0.0,0.0,0.0,0.0,0.0,0.0,0.0,0.0,1.51,0.0,1.51,0.0,0.0,0.0,0.0,0.0,0.0,7.57,0.0,1.51,0.0,0.0,0.0,0.0,0.0,10.0,0.0,0.0,0.0,0.0,0.0,0.0,0.0,0.0,0.0,0.0,0.0,0.0,0.0,0.0,0.0,0.0,0.0,0.0,0.0,0.0,0.0,0.0,0.0,0.0,0.0,0.0,0.0,2.769,15.0,36.0,1
0.0,0.0,1.61,0.0,0.0,0.0,1.61,0.0,0.0,0.0,0.0,0.0,0.0,0.0,0.0,1.61,0.0,0.0,0.0,0.0,0.0,0.0,0.0,0.0,0.0,0.0,10.0,0.0,0.0,0.0,0.0,0.0,0.0,0.0,0.0,0.0,0.0,0.0,0.0,0.0,0.0,0.0,0.0,0.0,1.61,0.0,0.0,0.0,0.0,0.268,0.0,0.804,0.0,0.0,2.466,17.0,37.0,1
0.0,0.62,0.62,0.0,0.31,0.0,0.0,0.0,0.0,0.0,0.0,0.62,0.0,0.0,0.0,0.31,0.0,1.25,2.51,0.0,1.25,0.0,0.0,0.0,0.0,0.0,0.0,0.0,0.0,0.0,0.0,0.0,0.0,0.0,0.0,0.0,0.0,0.0,0.0,0.0,0.0,0.0,0.0,0.0,0.31,0.0,10.0,0.0,0.0,0.051,0.0,0.777,0.0,0.0,3.39,61.0,278.0,1
0.0,0.0,0.0,0.0,0.0,0.0,0.0,0.0,0.0,0.0,0.0,1.63,0.0,0.0,10.0,0.0,0.0,0.0,6.55,0.0,0.0,0.0,0.0,0.0,0.0,0.0,0.0,0.0,0.0,0.0,0.0,0.0,0.0,0.0,0.0,0.0,0.0,0.0,0.0,0.0,0.0,0.0,0.0,0.0,1.63,0.0,0.0,0.0,0.0,0.0,0.0,0.0,0.0,0.0,1.333,4.0,20.0,0
0.0,0.0,0.76,0.0,0.76,0.0,0.76,0.51,0.0,1.02,0.0,0.25,1.53,0.0,1.02,0.0,0.25,1.79,1.53,0.0,1.79,0.0,0.76,0.0,0.0,0.0,0.0,0.0,0.0,0.0,0.0,0.0,0.0,0.0,0.0,0.0,0.0,0.0,0.0,0.51,0.0,0.0,0.0,0.0,0.0,0.0,0.0,0.0,0.0,0.083,0.0,0.458,10.13,0.0,2.455,19.0,248.0,1
0.0,0.0,0.0,0.0,0.0,0.0,0.0,0.0,0.0,0.0,0.0,0.0,0.0,0.0,0.0,0.0,0.0,0.0,0.0,0.0,0.64,10.0,0.0,0.0,0.0,0.0,0.0,0.0,0.0,0.0,0.0,0.0,0.0,0.0,0.0,0.0,0.0,0.0,0.0,0.0,0.0,0.0,0.0,0.0,0.0,0.0,0.0,0.0,0.0,0.0,0.0,0.233,0.0,0.233,9.5,84.0,323.0,1
0.0,0.0,0.0,0.0,0.0,0.0,0.0,0.0,0.0,0.0,0.0,0.0,0.0,10.0,0.0,0.0,0.0,0.0,0.0,0.0,0.0,0.0,0.0,0.0,0.0,0.0,0.0,0.0,0.0,0.0,0.0,0.0,0.0,0.0,0.0,0.0,0.0,0.0,0.0,0.0,0.0,0.0,0.0,0.0,0.0,0.0,0.0,0.0,0.0,0.0,0.0,0.0,0.0,0.0,3.888,13.0,35.0,0
0.0,0.48,0.48,0.0,0.48,0.0,0.0,0.48,0.0,0.0,0.0,0.96,0.0,0.0,1.92,0.0,0.48,0.96,2.88,0.0,2.88,0.0,1.44,0.0,0.0,0.0,10.0,0.0,0.0,0.0,0.0,0.0,0.0,0.0,0.0,0.0,0.0,0.0,0.0,0.48,0.0,0.0,0.0,0.0,0.0,0.0,0.0,0.0,0.0,0.084,0.0,0.084,0.336,0.0,3.2,12.0,80.0,1
0.0,0.0,0.0,0.0,0.0,0.8,0.0,0.0,0.0,0.0,0.0,0.0,0.0,0.0,0.0,0.0,0.0,0.0,2.4,0.0,0.0,10.0,0.0,0.0,0.0,0.0,0.0,0.0,0.0,0.0,0.0,0.0,0.0,0.0,0.0,0.0,0.0,0.0,0.0,0.0,0.0,0.0,0.0,0.0,0.0,0.0,0.0,0.0,0.0,0.0,0.0,0.709,0.0,1.56,7.82,39.0,305.0,1
0.0,0.0,0.0,0.0,0.0,0.0,1.23,0.0,0.0,0.0,0.0,0.0,0.0,0.0,0.0,1.23,0.0,0.0,0.0,0.0,0.0,0.0,0.0,0.0,0.0,0.0,0.0,0.0,0.0,0.0,0.0,0.0,0.0,0.0,0.0,0.0,0.0,0.0,0.0,0.0,0.0,0.0,0.0,0.0,0.0,10.0,0.0,0.0,0.0,0.0,0.0,1.947,0.0,0.0,1.379,8.0,40.0,1
0.0,0.0,0.49,0.0,0.0,0.49,0.0,0.0,0.0,0.0,0.0,0.99,0.0,0.0,0.0,0.0,0.0,0.0,2.47,0.0,0.99,0.0,0.0,0.0,0.0,0.0,10.0,0.0,0.0,0.0,0.0,0.0,0.0,0.0,0.0,0.0,0.0,0.0,0.0,0.0,0.0,0.0,0.0,0.0,0.0,0.49,0.0,0.0,0.0,0.093,0.0,0.093,0.0,0.0,1.275,4.0,51.0,0
0.0,0.0,0.24,0.0,0.0,0.0,0.0,0.0,0.0,0.48,0.0,0.24,0.0,0.0,0.0,0.0,0.48,0.24,0.72,0.48,0.72,0.0,0.0,0.0,10.0,0.0,0.0,0.0,0.0,0.0,0.0,0.0,0.0,0.0,0.0,0.0,0.0,0.0,0.0,0.0,0.0,0.0,0.0,0.0,0.0,0.0,0.0,0.0,0.0,0.035,0.0,0.0,0.0,0.0,3.179,87.0,283.0,0
0.0,0.0,0.0,0.0,0.0,0.0,0.0,0.0,0.0,0.0,0.26,0.26,0.0,0.0,0.0,0.0,0.0,0.0,1.05,1.32,0.26,10.0,0.0,0.0,0.0,0.0,0.0,0.0,0.0,0.0,0.0,0.0,0.0,0.0,0.0,0.0,0.0,0.0,0.0,0.0,0.0,0.0,0.0,0.0,0.0,0.0,0.0,0.0,0.306,0.043,0.087,0.175,0.043,0.35,8.271,69.0,885.0,1
0.0,0.0,1.42,0.0,0.71,0.35,0.0,0.35,0.0,0.71,0.0,0.35,0.0,0.0,0.0,10.25,0.0,0.0,3.21,0.0,2.85,0.0,0.35,0.0,0.0,0.0,0.0,0.0,0.0,0.0,0.0,0.0,0.0,0.0,0.0,0.0,0.0,0.0,0.0,0.0,0.0,0.0,0.0,0.0,0.0,0.0,0.0,0.0,0.0,0.102,0.0,0.357,0.0,0.0,1.971,24.0,205.0,1
0.0,0.0,0.0,0.0,0.0,0.0,0.0,0.0,0.0,0.0,0.0,0.0,0.0,0.0,0.0,0.0,0.0,0.0,0.0,0.0,0.0,0.0,0.0,0.0,0.0,0.0,10.0,0.0,0.0,0.0,0.0,0.0,0.0,0.0,0.0,0.0,0.0,0.0,0.0,0.0,0.0,0.0,0.0,0.0,0.0,0.0,0.0,0.0,0.0,0.439,0.0,0.0,0.219,0.0,1.911,11.0,65.0,0
0.26,0.0,0.0,0.0,0.0,0.26,10.0,0.0,0.0,0.0,0.0,0.0,0.26,0.0,0.0,0.0,0.0,0.0,2.66,0.0,0.26,0.0,0.0,0.0,0.0,0.0,0.0,0.0,0.0,0.0,0.0,0.0,0.0,0.0,0.0,0.0,0.0,0.0,0.0,0.0,0.53,0.0,0.0,0.26,0.53,0.26,0.0,0.0,0.0,0.046,0.0,0.0,0.0,0.0,1.222,5.0,77.0,0
0.0,0.0,0.0,0.0,0.51,0.0,10.0,0.0,0.0,0.0,0.0,0.0,0.51,0.0,0.0,0.0,0.0,0.0,1.55,0.0,0.0,0.0,0.0,0.0,0.0,0.0,0.51,0.0,0.0,0.0,0.0,0.0,1.03,0.0,0.0,0.0,0.0,0.0,0.0,0.0,0.0,0.0,0.0,0.0,0.0,0.0,0.0,0.0,0.0,0.0,0.0,0.281,0.0,0.0,1.363,5.0,45.0,0
0.0,1.25,0.62,0.0,0.0,0.0,1.25,0.0,0.0,0.0,0.62,0.62,0.0,0.0,0.62,2.5,0.0,1.25,5.0,0.0,1.25,0.0,0.0,0.0,0.0,0.0,0.0,0.0,0.0,0.0,0.0,0.0,0.0,0.0,0.0,0.0,0.0,0.0,0.0,0.0,0.0,0.0,0.0,0.0,0.0,10.0,0.0,0.0,0.0,0.044,0.0,0.223,0.0,0.0,2.35,29.0,134.0,1
0.25,0.0,0.0,0.0,0.25,0.25,0.0,0.0,0.0,0.0,0.0,0.51,0.0,0.25,0.0,0.0,0.0,0.25,0.51,0.0,0.25,0.0,0.0,0.0,0.0,0.25,0.0,0.0,0.0,0.0,0.0,0.0,0.25,0.0,0.0,0.0,0.0,0.0,0.0,0.0,10.0,0.0,0.0,0.0,0.0,0.25,0.0,0.25,0.0,0.082,0.0,0.0,0.0,0.041,1.287,4.0,85.0,0
0.0,0.0,0.0,0.0,0.0,0.0,0.0,0.0,0.0,0.0,0.0,0.0,0.0,0.0,0.0,0.0,0.0,0.0,8.1,10.0,0.0,0.0,0.0,0.0,0.0,0.0,0.0,0.0,0.0,0.0,0.0,0.0,0.0,0.0,0.0,0.0,0.0,0.0,0.0,0.0,0.0,0.0,0.0,0.0,2.7,0.0,0.0,0.0,0.0,0.0,0.0,0.0,0.0,0.0,1.0,1.0,5.0,0
0.0,0.0,0.0,0.0,0.0,0.0,0.0,0.0,0.0,0.0,0.0,0.0,0.0,0.0,0.0,0.0,0.0,0.0,0.0,0.0,0.0,0.0,0.0,0.0,0.0,0.0,0.0,0.0,0.0,0.0,0.0,0.0,0.0,0.0,0.0,0.0,0.0,0.0,0.0,0.0,0.0,0.0,0.0,0.0,0.0,0.0,0.0,0.0,0.0,0.0,0.0,5.0,0.0,0.0,1.0,1.0,622.5,1
0.0,0.0,0.0,0.0,0.0,0.0,0.0,0.0,0.0,0.0,0.0,0.0,0.0,0.0,0.0,0.0,0.0,0.0,0.0,0.0,0.0,0.0,0.0,0.0,2.4,1.2,10.0,1.2,1.2,1.2,1.2,1.2,1.2,1.2,1.2,1.2,0.0,0.0,0.0,1.2,0.0,0.0,0.0,1.2,0.0,0.0,0.0,0.0,0.0,0.446,0.0,0.0,0.0,0.0,2.166,11.0,39.0,0
0.17,0.26,1.24,0.0,0.53,0.62,0.44,0.17,0.79,0.79,0.26,1.33,0.17,0.0,0.62,0.62,0.08,1.33,2.66,0.17,1.15,0.0,0.79,0.08,0.0,0.0,10.0,0.0,0.0,0.0,0.0,0.0,0.0,0.0,0.0,0.0,0.0,0.0,0.0,0.08,0.0,0.0,0.0,0.0,0.08,0.0,0.0,0.0,0.0,0.07,0.0,0.225,0.211,0.014,6.725,583.0,1345.0,1
0.0,0.0,0.0,0.0,3.44,0.0,0.0,0.0,0.0,0.0,0.0,0.0,0.0,0.0,0.0,0.0,0.0,0.0,0.0,0.0,0.0,0.0,0.0,0.0,0.0,0.0,0.0,0.0,0.0,0.0,0.0,0.0,0.0,0.0,0.0,0.0,0.0,0.0,0.0,0.0,10.0,0.0,0.0,0.0,0.0,0.0,0.0,0.0,0.0,0.0,0.0,0.0,0.0,0.0,1.307,5.0,17.0,0
0.0,0.0,0.24,0.0,0.72,0.0,0.0,0.0,1.69,0.0,0.48,1.21,0.0,0.0,0.0,0.24,0.0,0.0,2.91,0.0,1.21,0.0,0.0,0.24,0.0,0.0,0.0,0.0,0.0,0.0,0.0,0.0,0.0,0.0,0.0,0.0,0.0,0.24,0.0,0.0,0.0,10.0,0.0,0.0,0.24,0.0,0.0,0.0,0.0,0.036,0.0,1.021,0.291,0.109,7.092,67.0,461.0,1
0.97,0.0,0.0,0.0,0.48,0.0,0.0,0.0,0.0,0.0,0.0,0.0,0.0,0.0,0.0,0.48,0.0,0.0,2.42,0.0,0.0,0.0,0.0,0.0,0.0,0.0,0.0,0.0,0.0,0.0,0.0,0.0,0.0,0.0,0.0,0.0,0.0,0.0,0.0,0.0,0.0,0.48,0.0,0.0,0.48,10.0,0.0,0.0,0.0,0.15,0.0,0.0,0.0,0.075,3.367,21.0,165.0,0
0.0,0.0,0.0,0.0,0.0,0.0,0.0,0.0,0.0,0.0,0.0,0.59,0.0,0.0,0.0,0.0,0.0,0.0,2.38,0.0,1.19,0.0,0.0,0.0,1.19,1.19,0.0,0.0,0.0,0.0,0.0,0.0,0.0,0.0,0.0,0.0,0.0,0.0,0.0,0.0,0.0,0.0,0.0,0.0,10.275,0.0,0.0,0.0,0.0,0.103,0.0,0.0,0.0,0.0,3.086,55.0,142.0,0
0.05,0.0,0.15,0.0,0.05,0.05,0.0,0.0,0.52,0.0,0.0,0.15,0.0,0.0,0.05,0.0,0.0,0.05,0.31,0.0,0.15,0.0,0.0,0.0,0.78,0.83,10.0,0.0,0.0,0.0,0.0,0.0,0.47,0.0,0.0,0.0,0.0,0.0,0.0,0.0,0.0,0.0,0.05,0.1,0.1,0.0,0.0,0.0,0.223,0.162,0.084,0.0,0.015,0.0,2.725,38.0,1150.0,0
0.0,0.0,1.39,10.0,0.0,0.0,0.0,0.0,0.0,0.0,0.0,0.34,0.0,0.0,0.0,1.04,0.0,0.0,4.52,0.34,0.0,0.0,0.0,0.0,0.0,0.0,0.0,0.0,0.0,0.0,0.0,0.0,0.0,0.0,0.0,0.0,0.0,0.0,0.0,0.0,0.0,0.0,0.0,0.0,1.04,0.34,0.0,0.0,0.0,0.122,0.0,0.0,0.0,0.0,1.963,47.0,108.0,0
0.0,0.0,0.0,0.0,0.0,0.0,0.0,0.0,0.0,0.0,0.0,0.0,0.0,0.0,0.0,0.0,0.0,0.0,0.0,0.0,0.0,0.0,0.0,0.0,0.0,0.0,10.0,0.0,0.0,0.0,0.0,0.0,0.0,0.0,0.0,0.0,0.0,0.0,0.0,0.0,0.0,0.0,0.0,0.0,3.33,0.0,0.0,0.0,0.0,0.628,0.0,0.0,0.0,0.0,1.5,5.0,15.0,0
0.0,1.63,0.0,0.0,0.81,0.0,10.0,0.0,0.0,0.0,0.0,0.0,0.0,0.0,0.81,0.0,0.0,0.81,1.63,0.0,2.45,0.0,0.0,0.0,0.0,0.0,0.0,0.0,0.0,0.0,0.0,0.0,0.0,0.0,0.0,0.0,0.0,0.0,0.0,0.0,0.0,0.0,0.0,0.0,0.0,0.0,0.0,0.0,0.0,0.0,0.134,0.0,0.0,0.0,3.294,11.0,56.0,1
0.0,0.0,0.99,0.0,0.24,0.0,0.0,0.0,0.24,0.49,0.0,0.49,0.0,0.0,0.24,0.24,0.0,0.0,0.24,0.0,0.49,0.0,0.0,0.0,0.0,0.0,0.0,0.0,0.0,0.0,0.0,0.0,0.0,0.0,0.0,0.0,0.0,0.0,0.0,0.0,0.0,0.0,0.0,0.0,0.0,0.0,0.0,0.0,0.0,0.035,0.0,0.0,10.13,0.0,5.555,209.0,400.0,1
0.0,0.0,0.0,0.0,0.0,0.0,0.0,0.0,0.0,0.0,0.0,0.0,0.0,0.0,0.0,0.0,0.0,0.0,0.0,0.0,0.0,0.0,0.0,0.0,0.0,0.0,10.0,0.0,0.0,0.0,0.0,0.0,0.0,0.0,0.0,0.0,0.0,0.0,0.0,0.0,0.0,0.0,0.0,0.0,0.0,0.0,0.0,0.0,0.0,0.0,0.0,0.0,0.0,0.0,1.0,1.0,4.0,0
0.0,0.0,0.0,0.0,0.0,0.0,0.0,0.0,0.0,0.0,0.0,0.0,0.0,0.0,0.0,0.0,0.0,0.0,2.32,0.0,0.0,0.0,0.0,0.0,0.0,0.0,0.0,0.0,0.0,0.0,0.0,0.0,0.0,0.0,0.0,0.0,0.0,0.0,0.0,0.0,0.0,0.0,0.0,0.0,2.32,10.0,0.0,0.0,0.0,0.0,0.0,0.0,0.0,0.0,1.666,5.0,25.0,0
0.0,1.08,0.0,0.0,0.0,0.0,0.0,0.0,0.0,0.0,0.0,1.08,0.0,0.0,0.0,0.0,0.0,0.0,0.0,0.0,0.0,0.0,0.0,0.0,0.0,0.0,10.0,0.0,0.0,0.0,0.0,0.0,0.0,0.0,0.0,0.0,0.0,0.0,0.0,0.0,0.0,0.0,0.0,0.0,0.0,0.0,0.0,0.0,0.0,0.181,0.0,0.0,0.0,0.0,1.612,11.0,50.0,0
0.05,0.0,0.45,0.0,0.16,0.11,0.0,0.0,0.62,0.0,0.0,0.16,0.0,0.0,0.0,0.0,0.0,0.05,0.22,0.0,0.16,0.0,0.0,0.0,0.62,0.67,0.05,0.0,0.0,0.0,0.0,0.0,0.9,0.0,0.0,0.0,0.67,0.0,0.0,0.0,0.0,0.0,0.0,0.0,0.0,0.0,0.0,0.0,0.121,0.162,0.04,10.7875,0.016,0.0,2.887,45.0,875.0,0
0.0,0.0,0.0,0.0,0.0,0.0,10.0,0.0,0.0,0.0,0.0,1.36,0.0,0.0,0.0,0.0,0.0,0.0,4.1,0.0,0.0,0.0,0.0,0.0,0.0,0.0,0.0,0.0,0.0,0.0,0.0,0.0,0.0,0.0,0.0,0.0,0.0,0.0,1.36,0.0,0.0,0.0,0.0,0.0,1.36,1.36,0.0,0.0,0.0,0.0,0.0,0.234,0.0,0.0,2.076,15.0,27.0,0
0.76,0.0,0.76,0.0,0.0,0.38,0.0,0.0,0.0,0.0,0.0,1.15,0.38,0.0,0.0,0.0,0.0,0.0,2.3,0.0,0.0,0.0,0.0,0.0,0.0,0.0,0.0,0.0,0.0,0.0,0.0,0.0,0.0,0.0,0.0,0.0,0.0,0.0,0.38,0.0,10.0,0.0,0.0,0.0,0.38,0.38,0.0,0.0,0.0,0.18,0.0,0.54,0.0,0.0,2.285,15.0,144.0,0
0.0,0.0,0.0,0.0,0.0,0.0,0.0,0.0,0.0,0.0,0.0,0.0,0.0,0.0,0.0,0.0,0.0,0.0,1.13,0.0,2.27,10.0,0.0,0.0,0.0,0.0,0.0,0.0,0.0,0.0,0.0,0.0,0.0,0.0,0.0,0.0,0.0,0.0,0.0,0.0,0.0,0.0,0.0,0.0,1.13,0.0,0.0,0.0,0.0,0.0,0.194,0.0,0.0,0.0,1.909,5.0,42.0,0
0.0,0.0,0.0,0.0,0.0,0.0,0.0,0.0,0.0,0.0,0.0,0.0,1.13,0.0,10.0,0.0,0.0,0.0,1.13,0.0,0.0,0.0,0.0,0.0,0.0,0.0,0.0,0.0,0.0,0.0,0.0,0.0,0.0,0.0,0.0,0.0,0.0,0.0,0.0,0.0,0.0,0.0,0.0,0.0,1.13,0.0,0.0,0.0,0.634,0.0,0.211,0.0,0.211,0.0,1.347,4.0,31.0,0
0.0,0.0,0.0,0.0,1.05,2.1,1.05,0.0,0.0,0.0,0.0,0.0,0.0,0.0,0.0,0.0,0.0,0.0,3.15,0.0,1.05,0.0,2.1,0.0,0.0,0.0,0.0,0.0,0.0,0.0,0.0,0.0,0.0,0.0,0.0,0.0,0.0,0.0,0.0,0.0,10.0,0.0,0.0,0.0,0.0,0.0,0.0,0.0,0.0,0.0,0.0,0.171,0.171,0.0,2.05,6.0,41.0,1
0.0,0.0,0.13,0.0,0.26,0.0,0.0,0.65,0.13,0.0,0.0,0.78,0.26,0.0,0.0,0.0,0.13,0.0,0.0,0.0,0.0,0.0,0.13,0.0,10.0,0.0,0.0,0.0,0.0,0.0,0.0,0.0,0.0,0.0,0.0,0.0,0.13,0.0,0.0,0.0,0.0,0.0,0.0,0.0,0.0,0.0,0.0,0.13,0.0,0.105,0.0,0.0,0.052,0.0,2.165,20.0,446.0,0
0.36,0.27,0.63,0.0,0.82,0.36,0.0,0.36,0.27,4.1,0.09,1.27,0.45,0.0,1.27,1.18,0.27,2.1,2.73,0.0,2.83,0.0,0.09,0.27,0.0,0.0,10.0,0.0,0.0,0.0,0.0,0.0,0.0,0.0,0.0,0.09,0.0,0.0,0.0,0.09,0.0,0.0,0.0,0.0,0.0,0.0,0.0,0.0,0.0,0.101,0.0,0.611,0.014,0.0,3.707,127.0,875.0,1
0.0,0.0,0.0,0.0,0.0,0.0,0.0,0.0,0.0,0.0,0.0,0.0,0.0,0.0,0.0,0.0,0.0,0.0,0.0,0.0,0.86,10.0,0.0,0.0,0.86,0.86,0.86,1.73,0.86,0.86,0.0,0.0,0.0,0.0,0.86,0.0,0.0,0.0,0.0,0.0,0.0,0.0,0.0,0.0,0.0,0.0,0.0,0.0,0.0,0.131,0.0,0.0,0.0,0.0,1.74,11.0,47.0,0
0.0,0.0,2.5,0.0,0.0,0.0,0.0,0.0,0.0,0.0,0.0,0.0,0.0,0.0,0.0,0.0,0.0,0.0,0.0,0.0,0.0,0.0,0.0,0.0,0.0,0.0,0.0,0.0,0.0,0.0,0.0,0.0,0.0,0.0,0.0,0.0,0.0,0.0,0.0,0.0,0.0,10.0,0.0,0.0,0.0,0.0,0.0,0.0,0.0,0.0,0.0,0.0,0.0,0.0,1.0,1.0,15.0,0
0.58,0.0,0.58,0.58,0.58,0.0,10.0,0.0,0.0,0.0,0.0,1.17,0.0,0.0,0.0,0.0,0.0,0.0,4.11,0.0,0.58,0.0,0.0,0.0,0.0,0.0,0.0,0.0,0.0,0.0,0.0,0.0,0.0,0.0,0.0,0.0,0.0,0.0,0.0,0.0,0.0,0.0,0.0,0.0,0.0,0.0,0.0,0.0,0.0,0.098,0.0,0.197,0.0,0.0,3.807,61.0,297.0,1
0.0,0.0,0.0,0.0,0.0,0.0,0.0,0.0,0.0,0.0,0.0,0.0,0.0,0.0,0.0,0.0,0.0,0.0,0.0,0.0,0.0,0.0,0.0,0.0,0.0,0.0,10.0,0.0,0.0,0.0,0.0,0.0,0.0,0.0,0.0,0.0,0.0,0.0,0.0,0.0,0.0,0.0,0.0,0.0,0.0,0.0,0.0,0.0,0.0,0.0,0.0,0.0,0.0,0.0,1.0,1.0,7.0,0
0.0,0.0,0.0,0.0,0.0,0.0,0.0,0.0,0.0,0.0,0.0,0.0,0.0,0.0,0.0,0.0,0.0,0.0,1.7,0.0,0.85,0.0,0.0,0.0,0.85,0.0,0.0,0.0,0.0,0.0,0.0,0.0,0.85,0.0,0.0,0.0,0.0,0.0,0.0,0.0,0.0,0.85,0.0,0.85,0.0,0.0,0.0,0.0,0.0,0.0,0.138,0.0,0.0,0.0,16.883,4.0,43.0,0
0.29,0.0,0.44,0.0,0.73,0.0,0.0,0.0,0.0,0.0,0.0,0.58,0.0,0.0,0.0,0.14,0.0,0.0,0.73,0.14,0.29,0.0,0.0,0.0,0.0,0.0,0.0,0.0,0.0,0.0,0.0,0.0,0.0,0.0,0.0,0.0,0.29,0.0,0.0,0.0,0.0,0.14,0.0,0.14,0.0,0.0,0.0,10.0,0.02,0.321,0.18,0.14,0.0,0.0,1.891,24.0,522.0,0
0.0,0.0,0.0,0.0,0.0,0.0,0.0,0.0,0.0,0.0,0.0,0.0,0.0,0.0,0.0,0.0,0.0,0.0,0.0,0.0,0.0,0.0,0.0,0.0,10.0,0.0,0.0,0.0,0.0,0.0,0.0,0.0,0.0,0.0,0.0,0.0,0.0,0.0,0.0,0.0,0.0,0.0,0.0,0.0,0.0,0.0,0.0,0.0,0.0,0.0,0.0,0.0,0.0,0.0,3.333,14.0,20.0,0
0.0,0.0,1.56,0.0,1.56,0.0,0.0,0.0,0.0,1.56,0.0,12.0,0.0,0.0,0.0,0.0,0.0,1.56,1.56,0.0,1.56,0.0,0.0,0.0,0.0,0.0,0.0,0.0,0.0,0.0,0.0,0.0,0.0,0.0,0.0,0.0,0.0,0.0,0.0,0.0,0.0,0.0,0.0,0.0,0.0,0.0,0.0,0.0,0.0,0.278,0.0,0.0,0.0,0.0,1.0,1.0,11.0,0
0.0,0.0,0.0,0.0,0.0,0.0,0.31,0.0,0.0,0.0,0.0,1.26,0.0,0.0,0.0,0.0,0.0,0.31,1.9,0.0,0.31,0.0,0.31,0.0,0.0,0.0,10.0,0.0,0.0,0.0,0.0,0.0,0.0,0.0,0.0,0.31,0.0,0.0,0.0,0.0,0.0,0.0,0.0,0.0,0.0,0.0,0.0,0.0,0.043,0.086,0.0,0.13,0.173,0.26,3.244,60.0,279.0,1
0.6,0.0,0.0,0.0,1.21,0.0,10.0,0.0,0.0,0.0,0.0,0.6,0.0,0.0,0.0,0.0,0.0,0.6,3.65,0.0,1.21,0.0,0.0,0.6,0.0,0.0,0.0,0.0,0.0,0.0,0.0,0.0,0.0,0.0,0.0,0.0,1.21,0.0,0.0,0.0,0.0,0.0,0.0,0.0,0.0,0.0,0.0,0.0,0.0,0.0,0.0,0.101,0.304,0.0,3.217,30.0,74.0,1
0.0,0.0,0.0,0.0,1.47,1.47,10.0,0.0,0.0,0.0,0.0,0.0,0.0,0.0,0.0,0.0,0.0,0.0,0.0,0.0,0.0,0.0,0.0,0.0,0.0,0.0,0.0,0.0,0.0,0.0,0.0,0.0,0.0,0.0,0.0,0.0,0.0,0.0,0.0,0.0,0.0,0.0,0.0,0.0,0.0,0.0,0.0,0.0,0.0,0.0,0.0,1.562,0.0,0.0,5.0,95.0,170.0,1
0.0,0.0,0.0,0.0,0.0,0.0,0.0,1.25,0.0,0.41,0.0,0.0,0.0,0.0,0.0,0.41,0.0,1.67,0.41,0.0,0.41,10.0,0.0,0.0,0.0,0.0,0.0,0.0,0.0,0.0,0.0,0.0,0.0,0.0,0.0,0.41,0.0,0.0,0.0,0.0,0.0,0.0,0.0,0.0,0.0,0.0,0.0,0.0,0.0,0.125,0.0,0.312,0.062,0.0,1.477,8.0,65.0,1
0.19,0.76,0.19,0.0,0.19,0.19,0.19,0.0,0.95,0.38,0.19,0.57,0.0,0.0,2.86,0.19,0.0,3.43,1.71,0.0,2.09,0.0,3.62,0.0,0.0,0.0,10.0,0.0,0.0,0.0,0.0,0.0,0.0,0.0,0.0,0.0,0.0,0.0,0.0,0.38,0.0,0.0,0.0,0.0,0.0,0.0,0.0,0.0,0.0,0.151,0.303,0.212,0.303,0.0,11.242,132.0,742.0,1
0.0,0.0,0.15,0.0,0.3,0.0,0.0,0.15,0.15,0.0,0.15,2.76,0.0,0.0,0.0,0.0,0.0,0.46,1.69,0.0,0.0,0.0,0.0,0.0,0.46,0.15,0.0,0.0,0.0,0.0,0.0,0.0,0.15,0.0,0.0,0.15,0.15,0.0,0.0,0.0,0.0,0.0,0.0,0.15,0.0,0.0,0.0,0.0,0.023,0.023,0.0,0.0,10.13,0.0,2.677,58.0,415.0,0
0.0,0.0,0.0,0.0,0.0,0.0,0.0,0.0,0.0,0.0,0.0,1.01,0.0,0.0,0.0,0.0,0.0,0.0,0.0,0.0,1.01,0.0,0.0,0.0,1.01,0.0,10.0,0.0,0.0,0.0,0.0,0.0,0.0,0.0,2.02,1.01,0.0,0.0,1.01,0.0,0.0,0.0,0.0,0.0,0.0,0.0,0.0,0.0,0.0,0.0,0.0,0.0,0.0,0.0,3.108,25.0,115.0,0
0.0,0.0,0.0,0.0,0.9,0.0,0.0,0.0,0.0,0.0,0.0,1.8,0.0,0.0,0.0,0.0,0.0,0.0,1.8,0.0,0.9,0.0,0.0,0.0,0.0,0.0,0.0,0.0,10.0,0.0,0.0,0.0,0.0,0.0,0.0,0.0,0.0,0.0,0.0,0.0,0.0,2.7,0.0,0.0,0.0,0.0,0.0,0.0,0.0,0.0,0.0,0.0,0.0,0.0,1.631,8.0,31.0,0
0.0,0.0,0.0,0.0,2.08,0.0,0.0,0.0,0.0,0.0,0.83,0.83,0.0,0.0,0.0,0.83,0.0,1.66,2.91,0.0,0.41,0.0,0.0,0.0,0.0,0.0,10.0,0.0,0.0,0.0,0.0,0.0,0.0,0.0,0.0,0.0,0.0,0.0,0.0,0.0,0.0,0.0,0.0,0.0,0.0,0.0,0.0,0.0,0.0,0.131,0.0,0.329,0.0,0.065,2.962,11.0,157.0,0
0.0,0.0,0.0,0.0,0.0,0.0,0.0,0.0,0.0,0.0,0.0,1.29,0.0,0.0,0.0,0.0,0.0,0.0,0.0,0.0,0.0,0.0,0.0,0.0,1.29,10.0,0.0,0.0,0.0,0.0,0.0,0.0,0.0,0.0,0.0,0.0,0.0,0.0,0.0,0.0,0.0,0.0,0.0,0.0,0.0,0.0,0.0,0.0,0.0,0.0,0.0,0.0,0.0,0.0,1.625,6.0,26.0,0
0.0,0.0,0.0,0.0,0.0,0.0,0.0,0.0,0.48,0.0,0.48,0.0,0.0,0.0,0.0,0.48,0.48,0.0,1.44,0.0,2.88,0.0,0.96,0.0,0.0,0.0,0.0,0.0,0.0,0.0,0.0,0.0,0.0,0.0,0.0,0.0,0.0,0.0,0.0,0.0,0.0,0.0,0.0,0.0,0.48,0.0,0.0,0.0,0.0,0.076,0.0,0.305,10.13,0.0,1.884,9.0,98.0,0
0.0,1.14,1.14,0.0,0.0,0.0,0.0,0.0,1.14,0.0,0.0,1.14,0.0,0.0,0.0,0.0,0.0,0.0,0.0,0.0,3.44,0.0,0.0,1.14,0.0,0.0,10.0,0.0,0.0,0.0,0.0,0.0,0.0,0.0,0.0,0.0,0.0,0.0,0.0,0.0,0.0,0.0,0.0,0.0,0.0,0.0,0.0,0.0,0.0,0.0,0.0,0.0,0.197,0.0,3.681,35.0,81.0,1
0.0,0.17,0.0,0.0,0.17,0.0,0.0,0.35,0.0,0.0,0.0,0.88,0.0,0.0,0.0,0.0,1.95,0.0,0.17,0.0,0.0,0.0,10.0,0.0,0.35,0.17,0.0,0.0,0.0,0.17,0.0,0.0,0.0,0.0,0.0,0.35,0.0,0.0,0.0,0.0,0.0,0.0,0.0,0.0,0.53,0.0,0.0,0.0,0.0,0.256,0.0,0.0,0.0,0.0,2.097,14.0,237.0,0
0.0,0.0,0.0,0.0,0.0,0.0,0.0,1.04,0.0,0.0,0.52,1.04,0.52,0.0,0.0,1.04,0.0,0.0,3.66,1.04,1.04,0.0,1.57,10.0,0.0,0.0,0.0,0.0,0.0,0.0,0.0,0.0,0.0,0.0,0.0,0.0,0.0,0.0,0.0,0.0,0.0,0.0,0.0,0.0,0.0,0.0,0.0,0.0,0.0,0.0,0.0,0.539,0.269,0.0,5.787,47.0,272.0,1
0.0,0.0,0.0,0.0,0.0,0.0,0.0,0.0,0.0,1.85,0.0,0.0,0.0,0.0,0.0,0.0,0.0,0.0,3.7,0.0,0.0,0.0,0.0,0.0,0.0,0.0,10.0,0.0,0.0,0.0,0.0,0.0,0.0,0.0,0.0,0.0,0.0,0.0,0.0,0.0,0.0,0.0,0.0,0.0,0.0,0.0,0.0,0.0,0.0,0.0,0.0,0.349,0.0,0.0,1.47,4.0,25.0,0
0.0,0.0,0.0,0.0,0.0,1.21,0.0,0.0,0.0,0.0,0.0,0.0,0.0,0.0,0.0,0.0,0.0,0.0,1.21,0.0,1.21,2.43,0.0,0.0,0.0,0.0,0.0,0.0,0.0,0.0,0.0,0.0,0.0,0.0,0.0,0.0,0.0,0.0,0.0,0.0,0.0,0.0,0.0,0.0,1.21,0.0,0.0,0.0,0.0,0.0,0.0,10.7875,0.0,0.465,2.591,31.0,127.0,1
0.0,0.0,0.0,0.0,0.0,0.0,0.0,0.0,0.0,0.0,0.0,0.0,0.0,0.0,0.0,0.0,0.0,0.0,0.0,0.0,0.0,0.0,0.0,0.0,0.0,0.0,10.0,0.0,0.0,0.0,0.0,0.0,0.0,0.0,0.0,0.0,0.0,0.0,0.0,0.0,0.0,0.0,0.0,0.0,0.0,0.0,0.0,0.0,0.0,0.0,0.0,0.0,0.0,0.0,1.0,1.0,5.0,0
0.0,0.71,0.71,0.0,0.35,0.35,0.0,0.0,0.0,0.0,0.0,0.71,0.0,0.0,0.0,0.35,0.0,1.43,1.79,0.0,1.07,0.0,0.0,0.0,0.0,0.0,0.0,0.0,0.0,0.0,0.0,0.0,0.0,0.0,0.0,0.0,0.0,0.0,0.0,0.0,0.0,0.0,0.0,0.0,0.0,0.0,0.0,0.0,0.0,0.057,0.0,1.257,10.13,0.0,3.895,61.0,261.0,1
0.2,0.06,0.2,0.0,0.4,0.0,0.0,0.0,0.0,0.0,0.0,0.95,0.27,0.0,0.0,0.06,0.06,0.0,0.0,0.0,0.0,0.0,0.0,0.0,10.0,0.0,0.0,0.0,0.0,0.0,0.0,0.0,0.06,0.0,0.0,0.34,0.06,0.0,0.0,0.0,0.0,0.0,0.13,0.06,0.06,0.0,0.0,0.13,0.028,0.093,0.0,0.0,0.018,0.0,2.423,26.0,693.0,0
0.0,0.0,0.0,0.0,0.0,0.0,0.0,0.0,0.0,0.0,0.0,0.0,0.0,0.0,0.0,0.0,0.0,0.0,3.22,0.0,0.0,0.0,0.0,0.0,0.0,0.0,0.0,0.0,0.0,0.0,0.0,0.0,0.0,0.0,0.0,0.0,0.0,0.0,0.0,0.0,0.0,0.0,0.0,10.0,0.0,0.0,0.0,0.0,0.0,0.0,0.0,0.546,0.0,0.0,1.75,7.0,14.0,0
0.02,0.08,0.1,0.0,0.27,0.07,0.0,0.0,0.14,0.0,0.0,0.05,0.0,0.02,0.01,0.02,0.0,0.01,0.05,0.0,0.04,0.0,0.0,0.0,0.48,0.49,10.0,0.0,0.0,0.0,0.0,0.0,0.36,0.0,0.0,0.01,0.45,0.0,0.0,0.01,0.0,0.0,0.04,0.0,0.01,0.0,0.0,0.02,0.221,0.152,0.056,0.0,0.004,0.0,2.63,38.0,3086.0,0
0.0,0.0,0.0,0.0,0.0,0.0,0.0,0.0,0.0,0.0,0.0,0.0,0.0,0.0,0.0,10.25,0.0,0.0,1.78,0.0,0.0,0.0,0.0,0.0,1.78,1.78,0.0,0.0,0.0,0.0,0.0,0.0,3.57,0.0,0.0,0.0,0.0,0.0,0.0,0.0,0.0,0.0,0.0,0.0,0.0,0.0,0.0,0.0,0.0,0.0,0.0,0.0,0.0,0.0,1.5,9.0,30.0,0
0.0,0.0,0.0,0.0,0.0,0.0,0.0,0.0,0.0,0.0,0.0,0.0,0.0,0.0,0.0,0.0,0.0,0.0,0.0,0.0,0.0,0.0,0.0,0.0,0.0,0.0,10.0,0.0,0.0,0.0,0.0,0.0,0.0,0.0,0.0,0.0,0.0,0.0,0.0,0.0,0.0,0.0,0.0,0.0,0.0,0.0,0.0,0.0,0.0,0.0,0.0,0.0,0.0,0.0,1.0,1.0,1.0,0
0.0,0.0,0.59,0.0,0.59,0.0,0.0,0.0,0.0,0.0,0.0,0.59,0.0,0.0,0.0,0.0,0.0,0.0,0.59,0.0,0.59,0.0,0.0,0.0,0.0,0.0,10.0,0.0,0.0,0.0,0.0,0.0,0.0,0.0,0.0,0.0,0.0,0.0,0.0,0.0,0.0,0.0,0.0,0.0,0.59,0.0,0.0,0.0,0.0,0.105,0.0,0.0,0.0,0.0,1.826,8.0,42.0,0
0.0,0.0,0.77,0.0,0.77,0.0,0.51,0.51,0.0,1.03,0.0,0.25,1.54,0.0,0.77,0.0,0.0,1.54,1.8,0.0,1.54,0.0,0.77,0.0,0.0,0.0,0.0,0.0,0.0,0.0,0.0,0.0,0.0,0.0,0.0,0.0,0.0,0.0,0.0,0.51,0.0,0.0,0.0,0.0,0.0,0.0,0.0,10.0,0.0,0.079,0.0,0.514,0.434,0.0,2.441,19.0,249.0,1
0.14,0.29,0.44,0.0,0.88,0.29,0.0,0.0,1.47,1.47,0.14,1.91,0.29,0.0,0.58,0.29,0.0,1.62,2.35,10.0,2.35,0.0,0.73,0.29,0.0,0.0,0.0,0.0,0.0,0.0,0.0,0.0,0.0,0.0,0.0,0.0,0.0,0.0,0.0,0.0,0.0,0.0,0.0,0.0,0.0,0.0,0.0,0.0,0.0,0.023,0.0,1.003,0.215,0.047,6.602,217.0,898.0,1
0.16,0.0,0.67,0.0,0.33,0.16,0.33,0.84,0.16,0.5,0.33,1.51,0.0,0.0,0.0,0.0,1.68,0.33,2.02,1.68,3.87,0.0,0.0,0.33,10.0,0.0,0.0,0.0,0.0,0.0,0.0,0.0,0.0,0.0,0.0,0.0,0.0,0.0,0.0,0.16,0.0,0.0,0.0,0.0,0.0,0.0,0.0,0.0,0.0,0.224,0.0,1.151,0.056,0.0,4.928,63.0,621.0,1
0.0,0.0,0.0,0.0,0.0,0.0,0.0,0.0,0.0,0.0,0.0,0.0,0.0,0.0,0.0,0.0,0.0,0.0,0.0,0.0,0.0,0.0,0.0,0.0,0.0,0.0,0.0,0.0,0.0,0.0,0.0,0.0,0.0,0.0,0.0,0.0,0.0,0.0,0.0,0.0,10.0,0.0,0.0,0.0,0.0,0.0,0.0,0.0,0.0,0.0,0.0,0.0,0.0,0.0,1.0,1.0,3.0,0
0.0,0.0,1.6,0.0,0.0,0.0,0.0,0.0,0.0,0.0,0.0,0.0,0.0,0.0,0.0,0.0,0.0,1.6,3.2,0.0,2.4,0.0,10.0,0.0,1.6,0.8,2.4,0.8,0.8,0.8,0.8,0.8,0.0,0.8,0.8,0.8,0.0,0.0,1.6,0.8,0.0,0.0,1.6,0.0,1.6,0.0,1.6,0.0,0.0,0.25,0.0,0.0,0.0,0.0,2.065,12.0,95.0,0
0.75,0.0,0.0,0.0,0.0,0.0,0.37,0.0,0.0,0.37,0.0,0.0,0.0,0.0,0.0,0.0,0.75,0.0,3.75,0.0,3.38,0.0,0.0,0.0,10.0,0.0,0.0,0.0,0.0,0.0,0.0,0.0,0.0,0.0,0.0,0.0,0.0,0.0,0.0,0.0,0.0,0.0,0.0,0.0,0.0,0.0,0.0,0.0,0.0,0.099,0.597,0.0,0.0,0.0,2.125,13.0,85.0,0
0.0,2.4,0.0,0.0,0.8,0.0,0.0,0.0,0.0,0.0,0.0,0.0,0.0,0.0,0.0,0.0,0.0,0.0,2.4,0.0,0.0,0.0,0.0,0.0,1.6,0.0,0.0,0.0,0.0,0.0,0.0,0.0,0.0,0.0,0.0,0.0,0.8,0.0,0.0,0.0,0.0,1.6,0.0,10.0,0.0,0.8,0.0,0.0,0.12,0.0,0.0,0.0,0.0,0.0,1.696,15.0,56.0,0
0.09,0.0,0.09,0.0,0.39,0.09,0.09,0.0,0.19,0.29,0.39,0.48,0.0,0.58,0.0,0.87,0.19,0.0,1.66,4.1,1.66,0.0,0.39,0.19,0.0,0.0,0.0,0.0,0.0,0.0,0.0,0.0,0.0,0.0,0.0,0.0,0.0,0.0,0.0,0.0,0.0,0.0,0.0,0.0,0.0,10.0,0.0,0.0,0.0,0.139,0.0,0.31,0.155,0.0,6.813,494.0,1458.0,1
0.0,0.0,0.0,0.0,0.0,0.0,0.0,0.0,0.0,0.0,0.0,1.58,0.0,0.0,0.0,0.0,0.0,0.0,0.79,0.0,0.79,0.0,0.0,0.0,10.0,0.0,0.0,0.0,0.0,0.0,0.0,0.0,0.0,0.0,0.0,0.0,0.0,0.0,0.0,0.0,0.0,0.0,0.79,0.0,0.0,0.0,0.0,0.0,0.124,0.124,0.0,0.0,0.0,0.0,1.8,8.0,45.0,0
0.0,0.0,2.43,0.0,0.0,0.0,0.0,0.0,0.27,0.0,0.0,2.16,0.0,0.0,0.0,0.0,0.0,0.0,0.27,0.0,1.62,10.0,0.0,0.0,0.27,0.54,0.0,0.0,0.27,0.0,0.0,0.0,0.27,0.0,0.0,0.0,0.0,0.0,0.0,0.27,0.0,0.0,0.0,0.0,0.0,0.0,0.0,0.0,0.0,0.344,0.0,0.0,0.0,0.0,2.319,12.0,167.0,0
0.0,0.0,0.0,0.0,1.31,0.0,1.31,1.31,1.31,1.31,0.0,0.0,0.0,0.0,0.0,0.0,1.31,0.0,1.31,1.31,3.94,0.0,0.0,0.0,0.0,0.0,10.0,0.0,0.0,0.0,0.0,0.0,0.0,0.0,0.0,0.0,0.0,0.0,0.0,0.0,0.0,0.0,0.0,0.0,0.0,0.0,0.0,0.0,0.0,0.0,0.0,0.117,0.117,0.0,48.5,186.0,291.0,1
0.0,0.0,0.0,0.0,0.0,0.0,0.0,0.0,0.0,0.0,0.0,1.36,0.0,0.0,0.0,0.0,0.0,0.0,1.36,0.0,5.47,0.0,0.0,0.0,0.0,0.0,10.0,0.0,0.0,0.0,0.0,0.0,0.0,0.0,0.0,0.0,0.0,0.0,0.0,0.0,0.0,0.0,0.0,0.0,0.0,0.0,0.0,0.0,0.0,0.0,0.0,0.0,0.0,0.0,2.307,8.0,30.0,0
0.0,0.0,0.0,0.0,0.0,0.0,0.0,0.0,0.0,0.0,0.0,0.0,0.0,0.0,0.0,0.0,0.0,0.0,1.23,0.0,1.23,0.0,0.0,0.0,0.0,0.0,0.0,0.0,0.0,0.0,0.0,0.0,0.0,0.0,0.0,0.0,0.0,0.0,0.0,0.0,0.0,0.0,0.0,0.0,0.0,10.0,0.0,0.0,0.0,0.202,0.0,0.0,0.0,0.0,1.0,1.0,14.0,0
0.0,0.0,0.0,0.0,0.0,0.0,0.0,0.0,0.0,0.0,0.0,0.0,0.0,0.0,0.0,10.25,0.0,0.0,8.1,0.0,0.0,0.0,0.0,0.0,0.0,0.0,0.0,0.0,0.0,0.0,0.0,0.0,0.0,0.0,0.0,0.0,0.0,0.0,0.0,0.0,0.0,0.0,0.0,0.0,2.7,0.0,0.0,0.0,0.0,0.0,0.0,0.0,0.0,0.0,1.8,5.0,9.0,0
0.0,0.0,0.0,0.0,0.0,0.0,0.0,0.0,0.0,0.0,0.0,0.0,0.0,0.0,0.0,0.0,0.0,0.0,0.0,0.0,0.0,0.0,0.0,0.0,0.0,0.0,10.0,0.0,0.0,0.0,0.0,0.0,0.0,0.0,0.0,0.0,0.0,0.0,0.0,0.0,0.0,0.0,0.0,0.0,0.0,0.0,0.0,0.0,0.0,0.0,0.0,0.0,0.0,0.0,1.0,1.0,5.0,0
0.0,0.57,0.0,0.0,0.57,0.0,0.57,0.0,0.0,0.57,0.0,0.57,0.0,0.0,0.0,0.0,0.0,0.57,4.57,0.0,1.14,0.0,0.0,0.0,0.57,0.57,10.0,0.0,0.0,0.0,0.0,0.0,0.0,0.0,0.0,0.0,0.0,0.0,0.0,0.0,0.0,0.0,0.0,0.0,0.57,0.0,0.0,0.0,0.072,0.0,0.0,0.072,0.289,0.144,7.512,114.0,293.0,1
0.08,0.0,0.22,0.0,0.04,0.0,0.0,0.0,0.44,0.04,0.0,0.22,0.04,0.0,0.0,0.0,0.04,0.0,0.17,0.0,0.08,0.0,0.0,0.0,0.39,0.44,0.04,0.0,0.0,0.0,0.0,0.0,0.57,0.0,0.0,0.0,0.08,0.08,0.0,0.0,0.0,0.0,0.04,0.04,0.0,0.0,0.0,0.0,0.163,0.197,0.058,0.0,10.13,0.0,3.851,64.0,1583.0,0
0.09,0.0,0.67,0.0,0.29,0.0,0.0,0.0,0.19,0.38,0.09,1.35,1.06,0.0,0.0,0.29,0.19,0.0,2.51,0.0,1.35,0.0,0.0,0.38,0.0,0.0,0.0,0.0,0.0,0.0,0.0,0.0,0.0,0.0,0.0,0.0,0.0,0.0,0.0,0.58,0.0,0.0,0.0,0.0,0.29,0.0,0.0,0.19,0.0,0.149,0.0,10.7875,0.059,0.0,9.039,148.0,1148.0,1
0.0,0.0,0.0,0.0,0.0,0.0,0.0,0.0,0.0,0.0,0.0,0.0,0.0,0.0,0.0,0.0,0.0,0.0,0.0,0.0,0.0,0.0,0.0,0.0,0.0,0.0,10.0,0.0,0.0,0.0,0.0,0.0,0.0,0.0,0.0,0.0,0.0,0.0,0.0,0.0,0.0,0.0,0.0,0.0,0.0,0.0,0.0,0.0,0.0,0.0,0.0,0.0,0.0,0.0,1.0,1.0,3.0,0
0.0,0.0,0.71,0.0,0.0,0.0,0.0,0.0,0.0,0.0,0.0,1.43,0.0,0.0,0.0,10.25,0.0,1.43,0.71,0.0,2.87,0.0,0.0,0.0,2.15,0.71,1.43,0.0,0.0,1.43,0.0,0.0,0.0,0.0,2.15,0.0,0.0,0.0,0.0,0.0,0.71,0.0,0.0,0.0,0.0,0.0,0.0,0.0,0.08,0.322,0.0,0.0,0.0,0.0,3.9,27.0,156.0,0
0.0,0.0,0.0,0.0,0.0,0.0,0.0,0.0,0.0,0.0,0.0,1.6,0.0,0.0,0.0,0.0,0.0,0.0,0.0,0.0,0.0,0.0,0.0,0.0,10.0,0.0,0.53,0.0,0.0,0.0,0.0,0.0,2.13,0.0,0.0,0.0,1.06,0.0,1.6,0.0,0.0,0.53,1.06,0.0,1.06,0.0,0.0,0.0,0.425,0.0,0.17,0.0,0.0,0.0,2.567,15.0,172.0,0
0.0,0.0,0.0,0.0,0.0,0.0,0.0,0.0,0.0,0.0,0.0,0.0,0.0,0.0,0.0,0.0,0.0,0.0,0.0,0.0,0.0,0.0,0.0,0.0,10.0,7.69,0.0,0.0,0.0,0.0,0.0,0.0,0.0,0.0,0.0,0.0,0.0,0.0,0.0,0.0,0.0,0.0,0.0,0.0,0.0,0.0,0.0,0.0,0.0,0.0,0.0,0.0,0.0,0.0,6.8,17.0,34.0,0
0.0,0.0,0.0,0.0,0.0,0.0,0.0,0.0,0.0,0.0,0.0,5.26,0.0,0.0,0.0,0.0,0.0,0.0,0.0,0.0,0.0,0.0,0.0,0.0,2.63,2.63,0.0,0.0,5.26,0.0,0.0,0.0,0.0,0.0,0.0,0.0,0.0,0.0,0.0,0.0,0.0,7.89,0.0,0.0,0.0,0.0,0.0,0.0,0.0,0.0,0.0,0.0,10.13,0.0,1.4,3.0,14.0,0
0.27,0.0,0.27,0.0,0.0,0.0,0.0,0.0,0.0,0.0,0.0,1.62,0.27,0.0,0.0,0.0,0.27,0.0,4.87,0.0,0.81,0.27,0.27,0.0,10.0,0.0,0.0,0.0,0.0,0.0,0.0,0.0,0.0,0.0,0.0,0.0,0.0,0.0,0.27,0.0,0.0,0.0,0.0,0.0,0.0,0.0,0.0,0.0,0.0,0.0,0.0,0.874,0.051,0.051,5.582,61.0,374.0,1
0.0,0.0,1.53,0.0,0.0,0.0,0.0,0.0,0.0,0.0,1.53,0.0,0.0,0.0,0.0,0.0,0.0,0.0,3.07,0.0,0.0,0.0,0.0,0.0,0.0,0.0,0.0,0.0,0.0,0.0,0.0,0.0,0.0,0.0,0.0,0.0,0.0,0.0,0.0,10.0,0.0,0.0,0.0,0.0,1.53,0.0,0.0,0.0,0.0,0.0,0.0,1.434,0.0,0.0,7.055,75.0,127.0,1
0.0,0.0,0.0,0.0,0.0,0.0,0.0,0.0,0.0,0.69,0.0,0.0,0.0,0.0,0.0,0.0,0.0,0.0,0.0,0.0,0.69,0.0,0.0,0.0,0.0,0.0,10.0,0.0,0.69,0.0,0.0,0.0,0.69,0.0,0.0,0.0,0.0,0.0,0.0,0.0,0.0,0.0,0.0,0.0,0.0,0.0,0.0,0.0,0.0,0.228,0.114,0.0,0.0,0.114,3.651,28.0,157.0,0
0.0,0.0,0.97,0.0,0.0,0.0,10.0,0.0,0.0,1.94,0.0,0.97,0.0,0.0,0.0,0.0,0.0,0.97,5.82,0.0,0.97,0.0,0.0,0.0,0.0,0.0,0.0,0.0,0.0,0.0,0.0,0.0,0.0,0.0,0.0,0.0,0.0,0.0,0.0,0.0,0.0,0.0,0.0,0.0,0.0,0.0,0.0,0.0,0.0,0.293,0.0,0.0,0.0,0.0,2.187,14.0,70.0,0
0.0,0.0,0.0,0.0,0.0,0.0,0.0,0.0,0.0,0.0,0.0,1.69,0.0,0.0,0.0,0.0,0.42,0.0,0.0,0.42,0.0,0.0,0.0,0.0,0.0,0.0,0.0,0.0,0.0,0.0,0.0,0.0,0.0,0.0,0.0,0.42,0.0,0.0,0.0,0.0,0.0,0.0,0.0,0.84,0.0,0.0,0.0,0.0,0.0,0.061,0.0,0.0,10.13,0.0,2.288,11.0,103.0,0
0.0,0.0,0.0,0.0,0.0,0.0,0.0,0.0,0.0,0.0,0.0,1.81,0.0,0.0,0.0,0.0,0.0,0.0,1.81,0.0,0.0,0.0,0.0,0.0,0.0,0.0,0.0,0.0,0.0,0.0,0.0,0.0,0.0,0.0,0.0,0.0,0.0,0.0,0.0,0.0,0.0,10.0,0.0,0.0,0.0,0.0,0.0,0.0,0.0,0.286,0.0,0.0,0.0,0.0,2.277,9.0,41.0,0
0.46,0.0,0.0,0.0,0.69,0.46,0.0,0.46,0.0,0.23,0.23,0.0,1.61,0.0,0.46,0.0,0.92,1.84,1.84,0.0,0.69,0.0,1.61,0.0,10.0,0.0,0.0,0.0,0.0,0.0,0.0,0.0,0.0,0.0,0.0,0.0,0.0,0.0,0.0,0.92,0.0,0.0,0.0,0.0,0.0,0.0,0.0,0.0,0.0,0.037,0.0,0.188,0.112,0.0,3.105,30.0,354.0,1
0.0,0.0,0.0,0.0,0.0,0.0,0.0,0.0,0.0,0.0,0.0,0.0,0.0,0.0,0.0,0.0,0.0,0.0,0.0,0.0,0.0,0.0,0.0,0.0,0.0,0.0,0.0,0.0,0.0,0.0,0.0,0.0,0.0,0.0,0.0,0.0,0.0,0.0,0.0,0.0,0.0,10.0,0.0,0.0,0.0,0.0,0.0,0.0,0.0,0.0,0.0,0.0,0.0,0.0,1.25,2.0,5.0,0
0.0,0.0,0.0,0.0,0.0,0.0,10.0,0.0,0.0,0.0,0.0,1.15,0.0,0.0,0.0,0.0,0.0,0.0,2.89,0.0,0.57,0.0,0.0,0.0,0.0,0.0,0.0,0.0,0.0,0.57,0.0,0.0,0.0,0.0,0.0,0.0,0.0,0.0,0.0,0.0,0.0,0.0,0.0,0.57,0.0,0.0,0.0,0.0,0.0,0.0,0.0,0.0,0.0,0.0,1.379,5.0,40.0,0
0.59,0.59,0.0,0.0,0.0,0.0,0.0,0.0,0.0,0.0,0.0,0.0,0.0,0.0,0.0,0.0,0.0,0.0,1.19,0.0,0.59,0.0,0.0,0.0,0.0,0.0,10.0,0.0,0.0,0.0,0.0,0.0,0.0,0.0,0.0,0.0,0.0,0.0,0.0,0.0,0.0,0.0,0.0,0.0,0.59,1.19,0.0,0.0,0.0,0.212,0.0,0.212,0.0,0.106,1.7,11.0,68.0,0
0.0,0.0,0.0,0.0,0.0,0.42,0.0,0.0,0.0,0.0,0.0,0.84,0.0,0.0,0.0,0.0,0.0,0.0,2.1,0.0,0.0,6.75,0.0,0.0,0.0,0.0,0.0,0.0,0.0,0.0,0.0,0.0,0.0,0.0,0.0,0.0,0.0,0.0,0.42,0.0,0.0,0.0,0.0,0.0,0.0,0.0,0.0,0.0,10.0,0.0,0.0,0.073,0.0,0.441,6.186,43.0,266.0,0
0.0,14.28,0.0,0.0,0.0,0.0,0.0,0.0,0.0,0.0,0.0,0.0,0.0,0.0,0.0,0.0,0.0,0.0,0.0,0.0,0.0,0.0,0.0,0.0,0.0,0.0,0.0,0.0,0.0,0.0,0.0,0.0,0.0,0.0,0.0,0.0,0.0,0.0,0.0,0.0,0.0,0.0,0.0,0.0,0.0,0.0,0.0,0.0,0.0,0.0,0.0,0.0,10.13,0.0,1.8,5.0,9.0,0
0.0,0.0,0.0,0.0,0.81,0.0,0.0,0.0,0.0,0.0,0.0,0.0,0.0,0.0,0.0,0.0,0.0,0.0,0.81,0.0,1.63,0.0,0.0,0.0,0.0,0.0,10.0,0.0,0.0,0.0,0.0,0.0,0.0,0.0,0.0,0.0,0.0,0.0,0.0,0.0,0.0,0.0,0.0,0.0,0.0,0.0,0.0,0.0,0.0,0.0,0.0,0.125,0.0,0.0,3.871,26.0,151.0,1
0.0,0.25,0.12,0.0,0.37,0.0,0.0,0.12,0.0,0.37,0.25,0.37,0.12,0.0,0.0,0.0,0.12,0.0,0.37,0.0,0.12,0.0,0.12,0.0,10.0,0.0,0.0,0.0,0.0,0.25,0.0,0.0,0.12,0.0,0.0,0.0,0.12,0.0,0.0,0.0,0.0,0.0,0.0,0.0,0.0,0.0,0.0,0.0,0.016,0.05,0.0,0.05,0.0,0.0,2.414,25.0,367.0,0
0.0,0.0,0.0,0.0,0.0,0.0,10.0,0.0,0.0,0.0,0.0,0.0,0.0,0.0,0.0,0.0,0.0,0.0,0.0,0.0,0.0,0.0,0.0,0.0,0.0,0.0,0.0,0.0,0.0,0.0,0.0,0.0,0.0,0.0,0.0,0.0,0.0,0.0,0.0,0.0,0.0,0.0,0.0,0.0,0.0,0.0,0.0,0.0,0.0,0.319,0.0,0.0,0.0,0.0,2.636,9.0,29.0,0
0.0,0.0,0.0,0.0,0.0,0.0,0.0,0.0,0.0,0.0,0.0,0.0,0.0,0.0,0.0,0.0,0.0,0.0,0.0,0.0,0.0,0.0,0.0,0.0,0.0,0.0,0.0,0.0,0.0,0.0,0.0,0.0,0.0,0.0,0.0,0.0,0.0,0.0,0.0,0.0,0.0,0.0,0.0,0.0,0.0,0.0,0.0,0.0,0.0,0.17,0.0,0.0,0.0,0.0,16.883,26.0,111.0,0
0.0,0.66,0.66,0.0,0.49,0.0,0.16,0.16,0.0,0.0,0.0,0.33,0.66,0.49,0.66,0.0,0.0,0.0,2.47,0.49,1.48,0.0,0.0,0.16,0.0,0.0,10.0,0.0,0.0,0.0,0.0,0.0,0.33,0.0,0.0,0.0,0.0,0.0,0.0,0.0,0.0,0.0,0.0,0.0,0.16,0.0,0.0,0.0,0.0,0.0,0.0,0.076,0.101,0.05,2.03,32.0,264.0,1
0.0,0.0,0.52,0.0,0.0,1.05,0.52,0.0,0.0,0.0,0.0,0.0,0.0,0.0,0.0,1.05,0.0,0.0,2.63,0.0,0.0,0.0,1.05,0.0,0.0,0.0,10.0,0.0,0.0,0.0,0.0,0.0,0.0,0.0,0.0,0.0,0.0,0.0,0.0,0.0,0.0,0.0,0.0,0.0,0.0,0.0,0.0,0.0,0.0,0.194,0.0,0.291,0.0,0.0,3.333,43.0,120.0,1
0.0,0.0,0.0,0.0,0.0,0.0,0.0,0.0,0.0,2.32,0.0,0.0,0.0,0.0,0.0,2.32,0.0,0.0,2.32,0.0,0.0,0.0,0.0,0.0,0.0,0.0,0.0,0.0,0.0,0.0,0.0,0.0,0.0,0.0,0.0,0.0,0.0,0.0,0.0,0.0,10.0,0.0,0.0,0.0,0.0,2.32,0.0,0.0,0.0,0.0,0.0,0.375,0.0,0.0,1.444,5.0,13.0,0
0.0,0.0,0.0,0.0,0.0,0.0,0.0,0.0,0.0,0.0,0.0,0.0,0.0,0.0,0.0,0.0,0.0,0.0,1.78,0.0,0.89,0.0,0.0,0.0,0.0,0.0,2.67,0.0,0.0,0.0,0.0,0.0,0.0,0.0,0.0,0.0,0.89,0.0,0.0,0.0,10.0,0.0,0.0,0.0,0.0,0.89,0.0,0.0,0.0,0.15,0.0,0.0,0.0,0.0,1.85,15.0,37.0,0
0.0,0.0,0.0,0.0,1.89,0.27,0.0,0.0,0.0,0.0,0.0,0.81,0.0,0.0,0.0,0.27,0.0,0.0,3.51,0.0,2.7,0.0,0.0,0.27,0.0,0.0,10.0,0.0,0.0,0.0,0.0,0.0,0.0,0.0,0.0,0.0,0.0,0.0,0.0,0.0,0.0,0.0,0.0,0.0,0.0,0.0,0.0,0.0,0.0,0.045,0.0,0.0,0.091,0.0,1.39,11.0,89.0,1
0.0,0.0,0.0,0.0,0.0,0.0,0.0,0.0,0.0,0.0,0.0,0.0,0.0,0.0,0.0,0.0,0.0,0.0,0.0,0.0,0.0,0.0,0.0,0.0,0.0,0.0,0.0,0.0,10.0,0.0,0.0,0.0,0.0,0.0,0.0,0.0,0.0,0.0,0.0,0.0,0.0,10.0,0.0,0.0,0.0,0.0,0.0,0.0,0.0,0.0,0.0,0.0,0.0,0.0,1.428,3.0,10.0,0
0.0,0.0,0.0,0.0,0.0,0.0,0.0,0.0,0.0,0.29,0.0,0.0,0.0,0.0,0.0,0.0,0.0,0.0,0.58,0.0,0.58,0.0,0.0,0.0,3.51,2.34,10.0,2.34,0.58,1.17,0.58,0.58,0.0,0.58,1.17,0.58,0.29,0.0,0.87,0.58,0.0,0.87,0.29,0.0,0.58,0.0,0.0,0.0,0.091,0.637,0.045,0.0,0.0,0.0,3.552,37.0,373.0,0
0.17,0.0,0.51,0.0,0.17,0.0,0.0,0.0,0.0,1.36,0.0,0.17,0.0,0.0,0.0,0.17,0.34,0.0,1.19,0.0,0.85,0.0,0.0,0.0,1.53,0.68,10.0,0.0,0.0,0.0,0.0,0.0,0.0,0.0,0.0,0.0,0.0,0.0,0.0,0.0,0.0,0.0,0.0,0.0,0.0,0.0,0.0,0.0,0.027,0.111,0.0,0.167,0.0,0.0,1.894,22.0,216.0,0
0.0,0.0,1.47,0.0,0.0,1.1,0.36,0.0,0.0,0.0,0.36,0.36,0.0,0.0,0.0,0.36,0.0,0.0,2.21,1.1,2.95,0.0,1.47,0.0,0.0,0.0,10.0,0.0,0.0,0.0,0.0,0.0,0.0,0.0,0.0,0.0,0.0,0.0,0.0,0.0,0.0,0.0,0.0,0.0,0.0,0.0,0.0,0.0,0.0,0.123,0.0,0.433,0.928,0.185,3.0,33.0,177.0,1
0.0,0.0,0.74,0.0,0.0,0.0,0.0,0.0,0.0,0.0,0.0,2.22,0.0,0.0,0.0,0.0,0.0,0.0,1.48,0.0,0.0,0.0,0.0,0.0,0.0,0.74,0.0,0.0,0.0,0.0,0.0,0.0,0.0,0.0,0.0,0.0,0.74,0.0,0.0,0.0,10.0,0.0,0.0,0.0,0.0,0.0,0.0,2.22,0.0,0.0,0.0,0.0,0.0,0.0,2.595,31.0,122.0,0
0.0,0.0,0.0,0.0,0.0,0.0,0.0,3.12,0.0,0.0,0.0,0.0,0.0,0.0,0.0,0.0,0.0,0.0,16.6,0.0,0.0,0.0,0.0,0.0,0.0,0.0,0.0,0.0,0.0,0.0,0.0,0.0,0.0,0.0,0.0,0.0,0.0,0.0,0.0,0.0,0.0,0.0,0.0,0.0,1.04,0.0,0.0,0.0,0.0,0.198,0.0,0.198,0.198,0.0,3.857,25.0,81.0,1
0.0,1.12,0.0,0.0,0.0,0.0,0.0,0.0,1.12,0.0,0.0,0.0,0.0,0.0,0.0,0.0,0.0,0.0,0.0,0.0,0.0,0.0,0.0,0.0,0.0,1.12,2.24,0.0,0.0,0.0,0.0,0.0,0.0,0.0,0.0,0.0,1.12,0.0,0.0,0.0,0.0,0.0,0.0,0.0,0.0,0.0,0.0,1.12,0.361,0.0,0.0,0.0,10.13,0.0,2.875,16.0,115.0,0
0.0,0.0,0.67,0.0,0.27,0.27,0.13,0.0,0.13,0.27,0.0,0.4,0.4,0.0,0.0,0.0,0.27,0.0,0.0,0.0,0.0,0.0,0.27,0.0,0.0,0.0,0.0,0.0,0.0,0.0,0.0,0.0,0.0,0.0,0.0,0.0,0.0,0.0,0.0,0.0,0.0,0.0,0.0,0.0,0.0,0.0,0.0,0.0,0.0,0.109,0.0,0.021,0.0,0.0,16.883,12.0,204.0,1
0.07,0.64,0.64,0.0,0.35,0.71,0.57,0.14,1.14,0.5,0.07,0.35,0.21,0.0,1.0,0.14,0.07,1.14,1.5,0.0,1.14,0.0,0.35,0.21,0.0,0.0,10.0,0.0,0.0,0.0,0.0,0.0,0.0,0.0,0.0,0.0,0.0,0.0,0.0,0.07,0.0,0.0,0.0,0.0,0.0,0.07,0.0,0.0,0.0,0.08,0.0,0.309,0.103,0.0,4.923,117.0,1295.0,1
0.0,0.0,0.0,0.0,0.0,0.0,0.0,0.0,0.0,0.0,0.0,0.0,0.0,0.0,0.0,0.0,0.0,0.0,0.0,0.0,0.0,0.0,0.0,0.0,0.0,0.0,0.0,0.0,0.0,0.0,0.0,0.0,10.0,0.0,0.0,0.0,0.0,0.0,0.0,0.0,0.0,0.0,0.0,0.0,0.0,0.0,0.0,0.0,0.0,0.0,1.449,0.0,0.0,0.0,2.0,5.0,14.0,0
0.0,0.0,0.09,0.0,0.0,0.0,10.0,0.0,0.0,0.0,0.0,0.47,0.66,0.0,0.0,0.09,0.0,0.0,1.23,0.0,0.09,0.0,0.0,0.0,0.0,0.0,0.0,0.0,0.0,0.0,0.0,0.0,0.0,0.0,0.0,0.0,0.0,0.0,0.0,0.0,0.0,0.0,0.0,0.0,0.37,0.09,0.0,0.0,0.0,0.033,0.0,0.0,0.0,0.0,1.536,47.0,192.0,0
0.19,0.0,0.59,0.0,0.0,0.0,0.0,0.0,0.0,0.39,0.0,0.0,0.0,0.0,0.0,0.0,0.0,0.0,2.59,0.0,0.39,0.0,0.0,0.0,10.0,0.39,0.59,0.39,0.39,0.39,0.39,0.39,0.0,0.39,0.39,0.39,0.19,0.0,0.0,0.39,0.0,0.0,0.19,0.0,1.19,0.0,0.0,0.0,0.093,0.657,0.062,0.0,0.0,0.062,2.156,13.0,207.0,0
0.0,0.0,0.0,0.0,0.0,0.0,0.0,0.0,0.0,0.0,0.0,4.22,0.0,0.0,0.0,0.0,0.0,0.0,0.0,0.0,1.4,0.0,0.0,0.0,0.0,2.81,0.0,0.0,0.0,0.0,0.0,0.0,0.0,0.0,0.0,0.0,0.0,0.0,0.0,0.0,0.0,10.0,0.0,0.0,0.0,0.0,0.0,0.0,0.0,0.0,0.0,0.0,0.0,0.0,3.153,38.0,82.0,0
0.0,0.0,0.0,0.0,0.0,0.0,0.0,1.12,0.0,0.0,0.0,0.0,0.0,0.0,0.0,0.0,0.0,0.0,0.0,0.0,0.0,0.0,1.12,0.0,0.0,0.0,10.0,0.0,0.0,0.0,0.0,0.0,0.0,0.0,0.0,0.0,0.0,0.0,0.0,0.0,0.0,0.0,0.0,0.0,1.12,0.0,0.0,0.0,0.0,0.204,0.0,0.408,0.408,0.0,4.1,25.0,82.0,1
0.0,0.56,0.0,0.0,0.56,0.0,0.0,0.0,1.01,0.56,0.11,1.79,0.22,0.11,0.0,0.11,0.22,0.89,1.79,0.0,2.8,0.0,0.0,0.0,10.0,0.11,0.0,0.0,0.0,0.0,0.0,0.0,0.0,0.0,0.0,0.0,0.0,0.0,0.0,0.0,0.0,0.0,0.0,0.0,0.0,0.0,0.0,0.0,0.0,0.186,0.0,0.056,0.056,0.0,2.153,53.0,532.0,1
0.0,9.52,0.0,0.0,0.0,0.0,10.0,0.0,0.0,4.76,0.0,0.0,0.0,0.0,0.0,0.0,0.0,0.0,0.0,0.0,0.0,0.0,0.0,0.0,0.0,0.0,0.0,0.0,0.0,0.0,0.0,0.0,0.0,0.0,0.0,0.0,0.0,0.0,0.0,0.0,0.0,0.0,0.0,0.0,4.76,0.0,0.0,0.0,0.0,0.0,0.0,0.0,0.0,0.0,1.0,1.0,10.0,0
0.01,0.0,0.03,0.0,0.33,0.03,0.0,0.0,0.23,0.01,0.0,0.09,0.0,0.0,0.0,0.13,0.0,0.01,0.07,0.0,0.05,0.0,0.0,0.0,0.53,0.55,0.01,0.0,0.0,0.0,0.0,0.0,0.47,0.0,0.01,0.01,0.45,0.01,0.0,0.0,0.0,0.0,0.01,0.0,0.0,0.0,0.05,0.0,0.2,0.127,0.064,0.0,10.13,0.0,2.589,38.0,2349.0,0
0.0,0.0,2.94,0.0,0.0,0.0,0.0,0.0,0.0,0.0,0.0,0.0,0.0,0.0,0.0,0.0,0.0,0.0,2.94,0.0,0.0,0.0,10.0,0.0,0.0,0.0,0.0,0.0,0.0,0.0,0.0,0.0,0.0,0.0,0.0,0.0,0.0,0.0,0.0,0.0,0.0,0.0,0.0,0.0,0.0,0.0,0.0,0.0,0.0,0.0,0.0,0.505,0.0,0.0,2.375,4.0,19.0,0
0.0,0.0,0.0,0.0,0.0,0.0,0.0,0.0,0.0,0.0,0.0,0.0,0.0,0.0,0.0,0.0,0.0,2.17,0.0,0.0,0.0,0.0,0.0,0.0,10.0,2.17,0.0,4.34,0.0,2.17,0.0,0.0,0.0,0.0,0.0,0.0,0.0,0.0,0.0,0.0,0.0,0.0,0.0,0.0,0.0,0.0,0.0,0.0,0.0,0.529,0.0,0.0,0.0,0.0,4.0,11.0,68.0,0
0.0,0.0,0.0,0.0,0.82,0.0,0.0,0.0,0.0,0.0,0.0,0.0,0.0,0.0,0.0,0.0,0.0,0.0,0.82,0.0,0.0,0.0,0.0,0.0,4.13,2.47,1.65,0.82,0.82,0.82,0.82,0.82,0.0,0.82,0.82,0.82,0.0,0.0,0.0,0.82,0.0,0.0,0.0,0.0,0.82,0.0,0.0,0.0,0.0,0.361,0.0,0.24,10.13,0.0,4.666,34.0,126.0,0
0.0,0.0,1.47,0.0,0.0,0.0,0.0,0.0,0.0,0.0,0.0,2.94,0.0,0.0,0.0,10.25,0.0,0.0,0.0,0.0,1.47,0.0,0.0,0.0,0.0,1.47,0.0,0.0,0.0,0.0,0.0,0.0,0.0,0.0,0.0,0.0,0.0,0.0,1.47,0.0,0.0,0.0,0.0,0.0,0.0,0.0,0.0,0.0,0.0,0.0,0.0,0.0,0.0,0.0,2.928,16.0,41.0,0
0.0,0.0,0.55,0.0,0.22,0.22,0.11,0.0,0.11,0.22,0.0,0.33,0.33,0.0,0.0,0.0,0.22,0.0,0.0,0.0,0.0,0.0,0.55,0.0,0.0,0.0,10.0,0.0,0.0,0.0,0.0,0.0,0.0,0.0,0.0,0.0,0.0,0.0,0.0,0.0,0.0,0.0,0.0,0.0,0.0,0.0,0.0,0.0,0.0,0.16,0.0,0.035,0.124,0.0,1.98,14.0,305.0,1
0.0,0.0,0.0,0.0,0.0,0.0,0.0,0.0,0.0,0.0,0.0,0.0,0.0,0.0,0.0,0.0,0.0,0.0,0.0,0.0,0.0,10.0,0.0,0.0,0.0,0.0,0.0,0.0,0.0,0.0,0.0,0.0,0.0,0.0,0.0,0.0,0.0,0.0,0.0,0.0,0.0,0.0,0.0,0.0,0.0,0.0,0.0,0.0,0.0,0.041,0.0,0.0,0.0,0.0,1.938,33.0,95.0,1
0.0,0.0,0.0,0.0,0.0,0.0,0.0,0.0,0.0,0.0,0.0,2.23,0.0,0.0,0.0,0.0,0.0,0.0,0.74,0.0,0.0,0.0,0.0,0.74,0.0,0.74,0.74,0.0,0.0,0.0,0.0,0.0,0.0,0.0,0.0,0.0,0.0,0.0,0.0,0.0,0.0,0.0,0.0,10.0,0.0,0.0,0.0,0.0,0.0,0.0,0.0,0.124,0.0,0.0,2.333,31.0,77.0,0
0.0,0.0,0.0,0.0,0.63,0.0,0.0,0.0,0.0,0.0,0.0,0.0,0.0,0.0,0.0,0.0,0.0,0.0,1.89,0.0,0.0,0.0,0.0,0.0,0.0,0.0,0.0,0.0,0.0,0.0,0.0,0.0,0.0,0.0,0.0,0.0,0.0,0.0,0.0,0.0,0.0,10.0,0.0,0.63,0.0,0.0,0.0,0.0,0.0,0.103,0.0,0.62,0.0,0.0,1.0,1.0,26.0,0
0.69,0.0,0.0,0.0,0.69,0.0,0.0,0.0,0.0,0.0,0.0,0.0,0.0,0.0,0.0,0.0,0.0,0.0,1.38,0.0,0.0,0.0,0.0,0.0,0.0,0.0,0.0,0.0,0.0,0.0,0.0,0.0,0.0,0.0,0.0,0.0,0.0,0.0,0.69,0.0,0.0,1.38,0.0,0.0,1.38,10.0,0.0,0.0,0.0,0.302,0.0,0.0,0.0,0.1,2.447,15.0,93.0,0
0.0,1.49,0.0,0.0,0.0,0.0,10.0,0.0,0.0,1.49,0.0,0.0,0.0,0.0,0.0,1.49,2.98,0.0,0.0,0.0,2.98,0.0,0.0,0.0,0.0,0.0,0.0,0.0,0.0,0.0,0.0,0.0,0.0,0.0,0.0,0.0,0.0,0.0,0.0,0.0,0.0,0.0,0.0,0.0,0.0,0.0,0.0,0.0,0.0,0.171,0.0,0.0,0.171,0.171,13.0,140.0,156.0,1
0.0,0.39,1.17,0.0,0.39,0.0,0.0,0.0,0.0,0.78,0.78,0.78,0.0,0.0,0.39,3.51,0.0,0.0,1.17,0.0,1.17,0.0,0.0,0.0,0.0,0.0,10.0,0.0,0.0,0.0,0.0,0.0,0.0,0.0,0.0,0.0,0.0,0.0,0.0,0.0,0.0,0.0,0.0,0.0,0.39,0.0,0.0,0.0,0.0,0.066,0.0,0.864,0.132,0.066,5.87,44.0,364.0,1
0.26,0.05,1.45,0.0,0.37,0.1,0.0,0.0,0.1,0.1,0.21,1.07,0.0,0.0,0.0,0.0,0.0,0.0,3.38,0.0,1.39,0.0,0.0,0.32,0.0,0.0,0.0,0.0,0.0,0.0,0.0,0.0,0.0,0.0,0.0,0.0,0.0,0.0,0.0,0.0,0.0,0.0,0.0,0.0,0.05,0.0,0.0,0.0,0.0,0.076,0.0,0.262,0.186,0.025,11.793,289.0,622.5,1
0.0,0.0,0.0,0.0,0.0,0.0,0.0,0.0,0.0,0.0,0.0,0.0,0.0,0.0,0.0,0.0,0.0,0.0,0.0,0.0,0.0,0.0,0.0,0.0,0.0,0.0,0.0,0.0,0.0,0.0,0.0,0.0,0.0,0.0,0.0,0.0,0.0,0.0,0.0,0.0,0.0,10.0,0.0,0.0,0.0,0.0,0.0,0.0,0.0,0.0,0.0,0.0,0.0,0.0,1.666,3.0,10.0,0
0.0,0.0,0.0,0.0,0.0,0.0,0.0,0.0,0.0,0.0,0.0,0.0,0.0,0.0,10.0,0.0,0.0,0.0,0.67,0.0,1.35,0.0,0.0,0.0,0.67,0.0,0.0,0.0,0.0,0.0,0.0,0.0,0.0,0.0,0.0,0.0,0.0,0.0,0.0,0.0,0.0,0.0,0.0,0.0,0.0,0.0,0.0,0.0,0.0,0.087,0.0,0.0,0.087,0.087,4.23,24.0,110.0,0
0.0,0.0,0.0,10.0,0.84,0.0,0.0,0.42,0.0,0.0,0.0,0.0,0.0,0.0,0.0,0.0,0.0,0.42,0.42,0.0,0.0,0.0,0.0,0.0,0.0,0.0,0.0,0.0,0.0,0.0,0.0,0.0,0.0,0.0,0.0,0.0,0.0,0.0,0.0,0.0,0.0,0.0,0.0,0.0,0.0,0.0,0.0,0.0,0.0,0.488,0.0,2.636,0.683,0.0,3.168,36.0,301.0,1
0.52,0.0,2.38,0.0,0.26,0.0,10.0,0.0,0.52,0.0,0.26,0.0,0.0,0.0,0.0,0.79,0.0,0.0,1.32,0.0,1.05,0.0,0.0,0.52,0.0,0.0,0.0,0.0,0.0,0.0,0.0,0.0,0.26,0.0,0.0,0.26,0.26,0.0,0.52,0.0,0.0,0.0,0.0,0.0,0.0,0.0,0.0,0.0,0.0,0.656,0.0,0.31,0.0,0.0,5.549,71.0,566.0,1
0.0,0.56,0.28,0.0,0.0,0.0,0.56,0.0,0.0,0.56,0.28,0.56,0.28,0.0,0.0,1.41,0.28,0.0,1.97,0.0,1.12,0.0,0.0,0.0,0.0,0.0,0.0,0.0,0.0,0.0,0.0,0.0,0.0,0.0,0.0,0.0,0.0,0.0,0.0,0.0,0.0,10.0,0.0,0.0,0.28,0.0,0.0,0.0,0.0,0.114,0.0,0.153,0.0,0.153,9.25,394.0,555.0,1
0.0,0.0,0.0,0.0,0.0,0.0,0.0,0.0,0.0,3.7,0.0,0.0,0.0,0.0,0.0,0.0,0.0,0.0,3.7,0.0,7.4,0.0,0.0,0.0,0.0,0.0,0.0,0.0,10.0,0.0,0.0,0.0,0.0,0.0,0.0,0.0,0.0,0.0,0.0,0.0,0.0,0.0,0.0,0.0,0.0,0.0,0.0,0.0,0.0,0.0,0.0,0.0,0.0,0.0,2.0,4.0,8.0,0
0.25,0.17,0.34,0.0,0.0,0.08,0.0,0.0,0.08,0.08,0.08,0.86,0.0,0.0,0.0,0.08,0.0,0.25,4.66,0.0,1.2,0.0,0.0,0.08,0.0,0.0,10.0,0.0,0.0,0.0,0.0,0.0,0.0,0.0,0.0,0.0,0.0,0.0,0.0,0.0,0.0,0.0,0.08,0.0,0.0,0.0,0.0,0.0,0.0,0.015,0.0,0.094,0.015,0.0,2.531,89.0,319.0,1
0.0,0.0,0.0,0.0,0.0,0.0,0.0,0.0,0.0,0.0,0.0,1.25,0.0,0.0,0.0,0.0,0.0,0.0,1.25,0.0,0.0,0.0,0.0,0.0,0.0,0.0,10.0,0.0,1.25,0.0,0.0,0.0,0.0,0.0,0.0,0.0,0.0,0.0,0.0,0.0,0.0,0.0,0.0,0.0,0.0,0.0,0.0,0.0,0.0,0.746,0.0,0.0,0.0,0.0,1.687,4.0,27.0,0
0.0,0.0,0.0,0.0,0.0,0.0,0.0,0.0,0.0,0.0,0.0,0.0,0.0,0.0,0.0,0.0,0.0,0.0,0.0,0.0,0.0,10.0,0.0,0.0,0.0,0.0,0.0,0.0,0.0,0.0,0.0,0.0,0.0,0.0,0.0,0.0,0.0,0.0,0.0,0.0,0.0,0.0,0.0,0.0,0.0,0.0,0.0,0.0,0.0,0.344,0.0,0.0,0.0,0.0,1.88,13.0,47.0,0
0.34,0.0,0.34,0.0,0.34,0.34,0.0,0.0,0.0,0.0,0.0,0.0,0.0,0.0,0.0,0.0,0.0,0.0,2.41,0.0,1.03,0.0,0.0,0.0,2.06,1.03,10.0,0.68,0.0,0.68,0.0,0.0,0.0,0.0,0.68,0.0,1.03,0.0,0.0,0.0,0.0,0.0,0.34,0.0,0.68,0.34,0.0,0.0,0.116,0.292,0.058,0.0,0.0,0.0,2.333,15.0,182.0,0
0.0,0.0,0.0,0.0,0.47,0.0,1.43,0.0,0.0,0.0,0.47,0.47,0.0,0.0,0.0,0.47,0.0,1.91,1.91,0.47,1.43,0.0,0.0,0.0,0.0,0.0,0.0,0.0,0.0,0.0,0.0,0.0,0.0,10.0,0.0,0.0,0.0,0.0,0.0,0.0,0.0,0.0,0.0,0.0,0.0,0.0,0.0,0.0,0.0,0.0,0.0,0.073,0.295,0.0,3.361,54.0,158.0,1
0.0,0.25,0.75,0.0,1.0,0.25,0.0,0.0,0.0,0.0,0.25,0.25,1.25,0.0,0.0,0.25,0.0,1.25,2.51,0.0,1.75,0.0,0.25,0.0,0.0,0.0,0.25,0.0,0.0,0.0,0.0,0.0,0.0,0.0,0.0,0.0,0.0,0.0,0.0,0.0,0.0,10.0,0.0,0.0,0.0,0.0,0.0,0.0,0.0,0.0,0.0,0.042,0.0,0.0,1.204,7.0,118.0,0
0.0,0.29,0.29,0.0,0.29,0.0,0.0,0.29,0.0,0.0,0.29,1.45,0.0,0.0,0.0,0.0,0.58,0.0,1.16,0.0,1.45,0.0,0.0,0.0,10.0,0.0,0.0,0.0,0.0,0.0,0.0,0.0,0.0,0.0,0.0,0.0,0.0,0.0,0.0,0.0,0.0,0.0,0.0,0.0,0.0,0.0,0.0,0.0,0.037,0.113,0.0,0.0,0.037,0.0,1.531,7.0,147.0,0
0.0,0.0,0.0,0.0,0.0,0.0,0.0,0.0,0.0,0.0,0.0,0.0,0.0,0.0,0.0,0.0,0.0,0.0,0.0,0.0,0.0,0.0,0.0,0.0,0.0,0.0,10.0,0.0,0.0,0.0,0.0,0.0,0.0,0.0,0.0,0.0,0.0,0.0,0.0,0.0,0.0,0.0,0.0,0.0,0.0,0.0,0.0,0.0,0.0,0.0,0.0,0.0,0.0,0.0,2.333,5.0,7.0,0
0.0,0.0,0.0,0.0,0.0,0.0,0.0,0.0,0.0,0.0,0.0,0.0,0.0,0.0,0.0,0.0,0.0,0.0,3.12,0.0,0.0,0.0,0.0,0.0,6.25,3.12,3.12,3.12,3.12,3.12,3.12,3.12,0.0,3.12,3.12,3.12,0.0,0.0,0.0,3.12,0.0,0.0,0.0,0.0,0.0,0.0,0.0,0.0,0.0,0.913,0.0,0.0,10.13,0.0,3.454,11.0,38.0,0
0.0,0.0,0.0,0.0,0.0,0.0,0.0,0.0,0.0,0.0,0.0,0.0,0.0,0.0,0.0,0.0,0.0,0.0,0.0,0.0,0.0,0.0,0.0,0.0,0.0,0.0,10.0,0.0,0.0,0.0,0.0,0.0,0.0,0.0,0.0,0.0,0.0,0.0,0.0,0.0,0.0,0.0,0.0,0.0,0.0,0.0,0.0,0.0,0.0,0.0,0.0,0.0,0.0,0.0,1.0,1.0,7.0,0
0.44,0.0,0.0,0.0,0.89,0.0,0.0,0.0,0.0,0.44,0.0,1.33,0.0,0.0,0.0,0.44,0.0,0.0,4.46,0.0,1.78,0.0,0.0,0.44,0.0,0.0,0.0,0.0,0.0,0.0,0.0,0.0,0.0,0.0,0.0,0.0,0.0,0.0,0.0,0.0,0.0,10.0,0.0,0.0,0.44,0.0,0.0,0.0,0.0,0.0,0.0,1.131,0.15,0.075,2.428,28.0,153.0,1
0.3,0.0,0.3,0.0,0.0,0.0,0.0,0.0,0.0,0.0,0.0,0.15,0.0,0.0,0.0,0.0,0.0,0.15,1.38,0.0,0.61,0.0,0.0,0.0,1.38,0.3,0.61,0.15,0.15,0.15,0.15,10.0,0.3,0.15,0.15,0.15,0.3,0.0,0.15,0.15,0.0,0.0,0.3,0.0,0.61,0.0,0.0,0.0,0.131,0.183,0.052,0.0,0.0,0.0,1.837,13.0,305.0,0
0.0,0.0,0.0,0.0,0.0,0.0,0.0,0.0,0.0,0.0,0.0,0.0,0.0,0.0,0.0,0.0,0.0,0.0,0.0,0.0,0.0,0.0,0.0,0.0,0.0,0.0,0.0,0.0,0.0,0.0,0.0,0.0,0.0,0.0,0.0,0.0,0.0,0.0,0.0,0.0,0.0,10.0,0.0,0.0,0.0,0.0,0.0,0.0,0.0,0.0,0.0,0.0,0.719,0.0,1.25,2.0,10.0,0
0.0,0.0,0.0,0.0,0.19,0.0,0.0,0.0,0.0,0.0,0.19,0.77,0.19,0.0,0.0,0.19,0.0,0.19,0.38,0.19,0.0,10.0,0.0,0.0,0.19,0.0,0.0,0.38,0.0,0.0,0.0,0.0,0.0,0.0,0.0,0.19,0.38,0.0,0.19,0.0,0.0,0.38,0.0,0.0,0.0,0.0,0.0,0.0,0.068,0.113,0.0,0.022,0.045,0.0,1.74,21.0,395.0,0
0.0,0.0,0.0,0.0,0.0,0.0,0.0,0.0,0.0,2.56,0.0,0.0,0.0,0.0,1.28,0.0,0.0,0.0,0.0,0.0,0.0,0.0,0.0,0.0,3.84,3.84,0.0,0.0,0.0,0.0,0.0,0.0,2.56,0.0,0.0,0.0,1.28,0.0,0.0,0.0,0.0,0.0,1.28,0.0,0.0,0.0,0.0,0.0,0.0,0.194,0.194,0.0,10.13,0.0,3.631,17.0,69.0,0
0.0,0.0,0.0,0.0,0.13,0.26,0.0,0.0,0.0,0.13,0.0,1.17,0.13,0.13,0.0,0.0,0.52,0.0,0.0,0.0,0.0,0.0,0.0,0.0,10.0,0.65,0.0,0.0,0.13,0.52,0.0,0.0,0.0,0.0,0.0,0.39,0.13,0.0,0.0,0.0,0.0,0.0,0.0,0.0,0.0,0.0,0.0,0.0,0.135,0.101,0.0,0.0,0.0,0.0,1.915,19.0,387.0,0
0.0,0.13,0.55,0.0,0.27,0.13,0.0,0.0,0.0,0.27,0.0,1.38,0.0,0.0,0.0,0.13,0.0,0.0,1.94,0.0,0.97,0.0,10.0,0.0,0.13,1.11,0.0,0.0,0.0,0.0,0.0,0.0,0.0,0.0,0.0,0.0,0.55,0.0,0.0,0.0,0.0,0.0,0.13,0.0,0.0,0.0,0.0,0.0,0.075,0.025,0.0,0.025,0.0,0.0,5.695,82.0,598.0,0
0.82,0.0,0.0,0.0,0.41,0.0,0.82,0.0,0.0,0.0,0.0,0.82,0.0,0.0,0.0,0.0,0.41,0.0,2.46,0.0,1.23,0.0,0.41,0.0,0.0,0.0,10.0,0.0,0.0,0.0,0.0,0.0,0.0,0.0,0.0,0.0,0.0,0.0,0.0,0.0,0.0,0.0,0.0,0.0,0.0,0.0,0.0,0.41,0.0,0.171,0.0,0.513,0.114,0.0,2.953,44.0,189.0,1
0.0,0.0,0.0,0.0,1.16,0.0,10.0,0.0,0.0,1.16,0.0,2.32,0.0,0.0,0.0,0.0,0.0,0.0,0.0,0.0,0.0,0.0,0.0,0.0,1.16,1.16,0.0,2.32,0.0,0.0,0.0,0.0,0.0,0.0,0.0,1.16,0.0,0.0,0.0,0.0,0.0,0.0,0.0,0.0,0.0,0.0,0.0,0.0,0.0,0.39,0.0,0.0,0.0,0.0,3.379,11.0,98.0,0
0.0,0.0,0.0,0.0,0.64,0.0,0.0,0.0,0.0,0.0,0.64,0.64,0.0,0.0,0.0,0.0,1.29,0.0,1.29,10.0,1.29,0.0,0.0,0.64,0.0,0.0,0.0,0.0,0.0,0.0,0.0,0.0,0.0,0.0,0.0,0.0,0.0,0.0,0.0,0.0,0.0,0.0,0.0,0.0,0.0,0.0,0.0,0.0,0.0,0.468,0.0,0.093,0.0,0.0,2.755,66.0,135.0,1
0.0,0.0,0.0,0.0,0.0,0.0,0.0,0.0,0.0,0.0,0.0,0.0,0.0,0.0,0.0,0.0,0.0,0.0,5.88,0.0,0.0,0.0,0.0,0.0,0.0,0.0,0.0,0.0,0.0,0.0,0.0,0.0,0.0,10.0,0.0,0.0,0.0,0.0,0.0,0.0,0.0,0.0,0.0,0.0,0.0,0.0,0.0,0.0,0.0,0.0,0.0,0.0,0.0,0.0,1.0,1.0,4.0,0
0.0,0.0,0.0,0.0,0.0,0.0,10.0,0.0,0.0,0.0,0.0,0.0,0.0,0.0,0.0,0.41,0.0,0.41,1.23,0.0,0.41,0.0,0.0,0.0,0.0,0.0,0.0,0.0,0.0,0.0,0.0,0.0,0.0,0.0,0.0,0.0,0.0,0.0,0.0,0.0,0.0,0.0,0.0,0.0,0.82,0.0,0.0,0.0,0.0,0.229,0.0,0.114,0.0,0.057,5.196,70.0,265.0,0
0.0,0.23,0.0,0.0,0.47,0.0,0.23,0.0,0.0,0.0,0.23,0.0,0.0,0.0,0.0,0.0,0.0,0.23,0.23,0.0,0.23,0.0,0.0,0.0,0.0,0.0,0.0,0.0,0.0,0.0,0.0,0.0,0.0,0.0,0.0,0.0,0.0,0.0,0.23,0.0,0.0,0.0,0.0,0.0,0.0,10.0,0.0,0.0,0.0,0.298,0.0,0.149,0.0,0.0,1.533,18.0,184.0,0
0.0,0.0,0.55,0.0,1.11,0.0,0.18,0.0,0.0,0.0,0.0,0.18,0.92,0.0,0.18,0.0,0.37,0.37,3.15,0.0,0.92,0.0,0.0,0.0,10.0,0.0,0.0,0.0,0.0,0.0,0.0,0.0,0.0,0.0,0.0,0.0,0.0,0.0,0.0,0.0,0.0,0.0,0.0,0.0,0.0,0.0,0.0,0.0,0.0,0.182,0.0,0.426,0.0,0.0,1.283,4.0,68.0,1
0.0,1.25,0.62,0.0,0.0,0.0,1.25,0.0,0.0,0.0,0.62,0.62,0.0,0.0,0.62,2.5,0.0,1.25,5.0,0.0,1.25,0.0,0.0,0.0,0.0,0.0,0.0,0.0,0.0,0.0,0.0,0.0,0.0,0.0,0.0,0.0,0.0,0.0,0.0,0.0,0.0,10.0,0.0,0.0,0.0,0.0,0.0,0.0,0.0,0.045,0.0,0.225,0.0,0.0,2.35,29.0,134.0,1
0.0,0.0,1.04,0.0,0.0,0.0,0.0,0.0,0.0,1.04,0.0,0.0,0.0,0.0,0.0,0.0,0.0,0.0,5.2,0.0,0.0,0.0,0.0,0.0,10.0,0.0,0.0,0.0,0.0,0.0,0.0,0.0,0.0,0.0,0.0,0.0,0.0,0.0,0.0,0.0,0.0,0.0,0.0,0.0,2.08,0.0,0.0,0.0,0.0,0.211,0.0,0.422,0.0,0.0,1.16,4.0,29.0,0
0.0,1.85,0.0,0.0,0.0,0.0,0.0,0.0,0.0,0.0,0.0,0.0,0.0,0.0,0.0,0.0,0.0,1.85,0.0,0.0,0.0,0.0,0.0,0.0,0.0,0.0,0.0,0.0,0.0,0.0,10.0,0.0,0.0,0.0,0.0,0.0,0.0,0.0,0.0,0.0,0.0,0.0,0.0,0.0,1.85,0.0,0.0,0.0,0.0,0.0,0.0,0.0,0.0,0.0,1.736,8.0,33.0,0
0.0,0.0,0.0,0.0,0.0,0.0,0.0,0.0,0.0,0.0,0.0,0.0,0.0,0.0,0.0,0.0,0.0,0.0,2.32,0.0,0.0,0.0,0.0,0.0,0.0,0.0,10.0,0.0,0.0,0.0,0.0,0.0,4.65,0.0,0.0,0.0,0.0,0.0,0.0,0.0,0.0,0.0,0.0,0.0,2.32,0.0,0.0,0.0,0.0,0.0,0.0,0.0,0.0,0.0,1.0,1.0,11.0,0
0.0,0.0,0.0,0.0,0.0,0.0,0.0,0.0,0.0,0.0,0.0,0.0,0.0,0.0,0.0,0.0,0.0,0.0,0.68,0.0,0.34,0.0,0.0,0.0,5.86,2.75,10.0,0.68,0.68,0.68,0.68,0.68,0.0,0.68,0.68,0.68,0.68,0.0,0.34,0.68,0.0,0.0,0.68,0.0,0.68,0.0,0.0,0.0,0.11,0.276,0.11,0.055,0.055,0.0,2.87,15.0,244.0,0
0.0,0.0,0.0,0.0,0.0,0.0,0.88,0.0,0.0,0.0,0.0,0.88,0.0,0.0,0.0,0.0,0.0,0.0,0.88,0.0,0.0,0.0,0.0,0.0,0.0,0.0,0.0,0.0,0.0,0.0,0.0,0.0,10.0,0.0,0.0,0.0,0.0,0.0,0.0,0.0,0.0,0.0,0.0,0.0,0.0,0.0,0.0,0.0,0.0,0.133,0.0,0.0,0.0,0.0,1.629,9.0,44.0,0
0.0,0.0,0.22,0.0,0.0,0.0,0.0,0.0,0.0,0.0,0.0,0.22,0.0,0.0,0.0,0.0,0.0,0.0,1.11,0.0,0.22,7.12,0.0,0.0,0.0,0.0,0.0,0.0,0.0,0.0,0.0,0.0,0.0,0.0,0.0,0.0,0.0,0.0,0.22,0.0,0.0,0.0,0.0,0.0,0.0,0.0,0.0,0.0,10.0,0.0,0.0,0.24,0.0,0.28,5.397,43.0,448.0,0
0.0,0.0,0.0,0.0,0.0,0.0,0.0,0.0,0.0,0.0,0.0,0.24,0.0,0.0,0.24,0.0,0.0,0.0,0.49,0.0,0.49,0.0,0.0,0.0,10.0,1.23,0.24,0.24,0.24,0.24,0.24,0.24,0.0,0.24,0.24,0.24,0.24,0.0,0.0,0.24,0.0,0.0,0.24,0.0,0.24,0.0,0.0,0.0,0.0,0.312,0.039,0.0,0.117,0.0,1.89,13.0,189.0,0
0.0,0.0,0.0,0.0,0.0,0.4,0.0,0.0,0.0,0.81,0.0,0.0,0.0,0.0,0.0,0.4,0.0,0.0,1.22,0.0,0.0,0.0,0.4,0.0,0.0,0.0,10.0,0.0,0.0,0.0,0.0,0.0,0.0,0.0,0.0,0.0,0.0,0.0,0.0,0.0,0.0,0.0,0.0,0.0,0.0,0.0,0.0,0.0,0.198,0.529,0.33,0.198,0.0,0.0,5.019,18.0,261.0,1
0.0,0.0,0.0,0.0,0.0,0.0,0.0,0.0,0.0,0.0,0.0,0.0,0.0,0.0,0.0,0.0,0.0,0.0,0.0,0.0,0.0,0.0,0.0,0.0,0.0,0.0,10.0,0.0,0.0,0.0,0.0,0.0,0.0,0.0,0.0,0.0,0.0,0.0,0.0,0.0,0.0,0.0,0.0,0.0,0.0,0.0,0.0,0.0,0.0,0.0,0.0,0.0,0.0,0.0,1.0,1.0,5.0,0
0.0,0.0,0.28,10.0,0.84,0.0,0.0,0.0,0.0,0.0,0.0,1.96,0.0,0.0,0.0,0.0,0.0,0.0,0.28,0.0,0.0,0.0,0.0,0.0,1.4,0.84,0.0,0.0,0.0,0.84,0.0,0.0,0.0,0.0,0.0,0.0,0.56,0.0,0.0,0.0,0.0,0.0,0.0,0.0,0.28,0.0,0.0,0.0,0.0,0.0,0.0,0.0,0.0,0.0,1.426,7.0,97.0,0
0.0,0.0,0.0,0.0,0.0,0.0,0.0,0.0,0.0,0.0,0.0,0.0,0.0,0.0,0.0,0.0,0.0,0.0,0.0,0.0,0.0,0.0,0.0,0.0,0.0,0.0,10.0,0.0,0.0,0.0,0.0,0.0,0.0,0.0,0.0,0.0,0.0,0.0,0.0,0.16,0.16,0.0,0.0,0.0,0.0,0.0,0.0,0.0,0.0,0.76,0.028,0.0,0.0,0.0,3.989,33.0,738.0,0
0.0,0.47,0.0,0.0,0.0,0.47,0.0,0.0,0.23,0.23,0.0,1.19,0.47,0.0,0.0,0.23,0.0,0.47,2.63,0.0,0.47,0.0,0.0,0.23,0.0,0.0,10.0,0.0,0.0,0.0,0.0,0.0,0.0,0.0,0.23,0.0,0.23,0.0,0.0,0.0,0.0,0.0,0.0,0.0,0.0,0.0,0.0,0.0,0.0,0.0,0.0,0.327,1.357,0.046,5.769,72.0,450.0,1
0.26,0.0,0.53,0.0,0.0,0.26,0.0,0.0,0.0,0.0,0.0,1.06,0.0,0.0,0.0,0.0,0.0,0.0,0.0,0.0,0.0,0.0,0.0,0.0,0.0,0.26,0.0,0.0,0.0,0.0,0.0,0.0,1.85,0.0,0.0,0.0,0.0,0.0,0.0,0.0,0.0,0.0,0.26,0.0,0.0,0.0,0.0,0.0,0.0,0.039,0.0,0.0,10.13,0.0,2.646,77.0,172.0,0
0.0,0.0,0.0,0.0,0.0,0.0,0.0,0.0,0.0,0.0,0.0,0.0,0.0,0.0,0.0,0.0,0.0,0.0,0.0,0.0,0.0,0.0,0.0,0.0,10.0,0.0,0.0,0.0,0.0,0.0,0.0,0.0,0.0,0.0,0.0,0.0,0.0,0.0,0.0,0.0,0.0,0.0,0.0,0.0,0.0,0.0,0.0,0.0,0.0,0.0,0.0,0.0,0.0,0.0,1.266,4.0,19.0,1
0.0,0.0,1.23,0.0,0.0,0.0,0.0,0.0,0.0,0.0,0.0,2.46,0.0,0.0,0.0,0.0,0.0,2.46,1.23,0.0,1.23,0.0,0.0,0.0,2.46,1.23,0.0,1.23,0.0,1.23,1.23,0.0,0.0,0.0,1.23,1.23,2.46,0.0,0.0,0.0,0.0,0.0,0.0,0.0,0.0,0.0,0.0,0.0,0.0,0.139,0.0,0.278,0.0,10.0,1.736,10.0,66.0,0
0.0,0.0,1.33,0.0,0.0,0.0,0.0,0.0,0.66,0.0,0.0,0.0,0.0,0.0,0.0,10.25,0.0,0.0,0.0,0.0,1.33,0.0,0.0,0.0,2.0,1.33,2.0,0.66,0.66,0.66,0.66,0.66,0.0,0.66,0.66,0.66,0.0,0.0,0.66,0.66,0.0,0.0,0.66,0.0,0.66,0.0,0.0,0.0,0.3,0.2,0.1,0.0,0.0,0.0,1.979,12.0,97.0,0
0.0,0.0,0.0,0.0,0.0,0.0,0.0,0.0,0.0,0.0,0.0,0.0,0.0,0.0,0.0,0.0,0.0,0.0,0.0,0.0,0.0,0.0,0.0,0.0,10.0,0.0,0.0,0.0,0.0,0.0,0.0,0.0,0.0,0.0,0.0,0.0,0.0,0.0,0.0,0.0,0.0,0.0,0.0,0.0,0.0,0.0,0.0,0.0,0.0,0.0,0.0,0.396,0.0,0.396,2.533,10.0,38.0,0
0.0,0.0,0.0,0.0,0.0,0.0,0.0,0.0,0.0,0.0,0.0,0.28,0.28,0.0,0.0,0.0,0.0,0.0,0.57,0.0,0.0,0.0,0.0,0.0,0.86,0.0,0.0,0.0,0.0,0.0,0.0,0.0,0.0,0.0,0.0,0.28,0.0,0.0,0.0,0.0,0.0,0.28,0.0,0.0,0.0,0.28,0.0,0.0,0.0,0.216,0.0,0.043,0.0,0.0,1.3,7.0,622.5,0
0.0,0.0,0.0,0.0,0.0,0.0,0.0,0.0,0.0,0.0,0.0,0.0,0.0,0.0,0.0,0.0,0.0,0.0,2.04,0.0,0.0,10.0,1.36,0.0,0.0,0.0,0.0,0.0,0.0,0.0,0.0,0.0,0.0,0.0,0.0,0.0,0.0,0.0,0.0,0.0,0.0,0.0,0.0,0.0,0.0,0.0,0.0,0.0,0.0,0.0,0.0,0.125,0.0,1.126,7.054,37.0,261.0,1
0.0,0.0,0.0,0.0,0.0,0.0,0.0,0.0,0.0,0.0,0.0,0.0,0.0,0.0,0.0,0.0,0.0,0.0,0.0,0.0,0.0,0.0,0.0,0.0,0.0,0.0,10.0,0.0,0.54,0.0,0.0,0.0,0.0,0.0,0.0,0.0,0.0,0.0,0.0,0.0,0.0,0.0,0.0,0.0,0.0,0.0,0.0,0.0,0.0,0.453,0.181,0.0,0.0,0.09,4.037,28.0,214.0,0
0.0,0.0,0.0,0.0,0.0,0.0,0.0,0.0,0.0,0.0,0.0,0.0,0.0,0.0,0.0,1.05,1.05,0.0,3.15,0.0,2.1,0.0,0.0,0.0,10.0,0.0,0.0,0.0,0.0,0.0,0.0,0.0,0.0,0.0,0.0,0.0,0.0,0.0,0.0,0.0,0.0,0.0,0.0,0.0,1.05,0.0,0.0,0.0,0.0,0.351,0.0,0.351,0.175,0.0,3.343,28.0,107.0,1
0.0,0.0,0.0,0.0,0.0,0.0,0.0,0.0,0.0,0.0,0.0,0.0,0.0,0.0,0.0,2.22,0.0,0.0,2.22,10.0,0.0,0.0,0.0,0.0,0.0,0.0,2.22,0.0,0.0,0.0,0.0,0.0,0.0,0.0,0.0,0.0,0.0,0.0,0.0,0.0,0.0,0.0,0.0,0.0,0.0,0.0,0.0,0.0,0.0,0.0,0.374,0.0,0.0,0.0,1.583,8.0,19.0,0
0.0,0.0,0.14,0.0,0.29,0.0,10.0,0.0,0.0,0.0,0.0,0.89,0.0,0.0,0.0,0.14,0.0,0.0,0.0,0.0,0.0,0.0,0.14,0.0,0.0,0.0,0.0,0.0,0.0,0.0,0.0,0.0,0.44,0.0,0.0,0.29,0.0,0.0,0.0,0.0,0.0,0.0,0.0,0.0,0.0,0.0,0.0,0.0,0.022,0.067,0.0,0.0,0.022,0.0,2.227,11.0,294.0,1
0.0,0.0,1.4,0.0,0.46,0.0,0.46,1.4,0.0,0.46,0.0,0.0,0.0,0.0,0.0,0.0,0.0,0.0,2.8,0.0,1.86,0.0,0.0,0.0,0.0,0.0,0.0,0.0,0.0,0.0,0.0,0.0,0.0,0.0,10.0,0.0,0.0,0.0,0.0,0.93,0.0,0.0,0.0,0.0,0.0,0.0,0.0,0.0,0.0,0.123,0.0,0.37,0.0,0.0,6.137,54.0,313.0,1
0.0,0.0,0.0,0.0,0.0,0.0,0.0,0.0,0.0,0.0,0.0,0.0,0.0,0.0,0.0,0.0,0.0,0.0,0.0,0.0,0.0,0.0,0.0,0.0,0.0,0.0,10.0,0.0,0.0,0.0,0.0,0.0,0.0,0.0,0.0,0.0,0.0,0.0,0.0,0.0,0.0,0.0,0.0,0.0,0.0,0.0,0.0,0.0,0.0,0.0,0.0,0.0,0.0,0.0,2.333,5.0,7.0,0
0.0,0.6,0.0,0.0,0.6,0.0,0.0,0.0,0.0,2.43,0.0,0.6,0.0,0.0,0.0,0.0,0.0,0.0,1.82,0.0,0.6,0.0,0.0,0.0,0.0,0.0,0.0,0.0,0.0,0.0,0.0,0.0,0.0,0.0,0.0,0.0,0.0,0.0,0.0,0.0,0.0,1.21,0.0,0.0,0.0,10.0,0.0,0.0,0.0,0.271,0.0,0.0,0.0,0.09,6.09,71.0,201.0,0
0.0,0.64,0.64,0.0,1.29,0.64,0.0,0.64,0.0,0.64,0.0,1.94,0.0,0.64,0.0,3.89,0.0,0.64,3.24,0.0,3.89,0.0,0.0,0.0,0.0,0.0,10.0,0.0,0.0,0.0,0.0,0.0,0.0,0.0,0.0,0.0,0.0,0.0,0.0,0.0,0.0,0.0,0.0,0.0,0.0,0.0,0.0,0.0,0.0,0.0,0.0,0.728,0.08,0.08,6.612,129.0,205.0,1
0.55,0.0,0.0,0.0,0.0,0.0,0.0,0.0,0.0,0.0,0.0,0.0,0.0,10.0,0.0,0.0,0.0,0.0,2.2,0.0,0.55,0.0,0.0,0.0,0.0,0.0,0.0,0.0,0.0,0.0,0.0,0.0,0.0,0.0,0.0,0.0,0.0,0.0,0.0,0.0,0.0,0.0,0.0,0.0,1.1,0.0,0.0,0.0,0.0,0.0,0.0,0.633,0.0,0.0,1.386,11.0,61.0,0
0.0,0.0,0.0,0.0,0.0,0.0,0.0,0.0,0.0,0.0,0.0,0.0,0.0,0.0,0.0,0.0,0.0,0.0,4.5,0.0,0.0,0.0,0.0,0.0,0.0,0.0,10.0,0.0,0.0,0.0,0.0,0.0,0.0,0.0,0.0,0.0,0.0,0.0,0.0,0.0,0.0,0.0,0.0,0.0,0.0,0.9,0.0,0.0,0.0,0.174,0.0,0.0,0.0,0.0,1.222,4.0,22.0,0
0.0,0.0,0.0,0.0,0.0,0.0,0.0,0.0,0.0,0.0,0.0,3.92,0.0,0.0,0.0,0.0,0.0,0.0,0.0,0.0,0.0,0.0,0.0,0.0,1.96,1.96,0.0,0.0,0.0,0.0,0.0,0.0,0.0,0.0,0.0,0.0,0.0,0.0,0.0,0.0,0.0,0.0,0.0,0.0,0.0,0.0,0.0,0.0,0.303,0.303,0.0,0.0,0.0,0.0,16.883,9.0,24.0,0
0.0,0.0,0.0,0.0,0.0,0.0,0.0,0.0,0.0,1.31,0.0,0.0,0.0,0.0,0.0,0.0,0.0,0.0,1.31,0.0,1.31,0.0,0.0,0.0,1.31,0.0,2.63,0.0,1.31,1.31,0.0,0.0,0.0,0.0,0.0,1.31,10.0,0.0,0.0,0.0,0.0,0.0,0.0,0.0,1.31,0.0,0.0,0.0,0.0,0.0,0.0,0.0,0.0,0.0,1.75,15.0,42.0,0
0.0,0.0,0.0,0.0,0.0,0.0,0.0,0.0,0.0,0.0,0.0,0.0,0.0,0.0,0.0,0.0,0.0,0.0,0.0,0.0,0.0,0.0,0.0,0.0,10.0,0.0,0.0,0.0,0.0,0.0,0.0,0.0,0.0,0.0,0.0,0.0,0.0,0.0,0.0,0.0,0.0,0.0,0.0,0.0,0.0,0.0,0.0,0.0,0.0,0.0,0.0,0.0,0.0,0.0,1.833,5.0,11.0,0
0.17,0.17,0.25,0.0,0.43,0.08,0.08,0.08,0.69,2.41,0.0,0.34,0.17,0.0,1.46,0.34,0.08,0.0,2.76,0.43,1.55,0.0,0.17,0.17,0.0,0.0,0.0,0.0,10.0,0.0,0.0,0.0,0.0,0.0,0.0,0.0,0.0,0.0,0.0,0.43,0.0,0.0,0.0,0.0,0.34,0.08,0.0,0.0,0.0,0.107,0.0,0.308,0.067,0.026,4.215,82.0,1214.0,1
0.0,0.0,0.0,0.0,0.0,0.0,10.0,0.0,0.0,0.0,0.0,0.0,0.0,0.0,0.0,0.0,0.0,0.0,0.0,0.0,0.0,0.0,0.0,0.0,7.14,3.57,3.57,3.57,3.57,3.57,3.57,3.57,0.0,3.57,3.57,3.57,0.0,0.0,0.0,3.57,0.0,0.0,0.0,0.0,0.0,0.0,0.0,0.0,0.0,0.956,0.0,0.0,0.0,0.0,3.6,11.0,36.0,0
0.0,0.0,0.0,0.0,0.0,0.63,10.0,0.0,0.0,0.0,0.0,0.0,0.0,0.0,0.0,0.0,0.0,0.0,0.0,0.0,1.91,0.0,0.0,0.0,0.0,0.0,0.0,0.0,0.0,0.0,0.0,0.0,0.0,0.0,0.0,0.0,0.0,0.0,0.0,0.0,0.0,0.0,0.0,0.0,0.0,0.0,0.0,0.0,0.0,0.0,0.0,0.0,0.613,0.0,1.251,12.0,174.0,1
0.48,0.97,0.97,0.0,0.48,0.0,0.0,0.48,0.0,1.95,0.0,2.43,0.0,0.48,0.0,0.48,0.0,0.0,1.95,0.0,5.36,0.0,0.0,0.0,0.0,0.0,0.0,0.0,0.0,0.0,0.0,0.0,0.0,0.0,0.0,10.0,0.0,0.0,0.0,0.0,0.0,0.0,0.0,0.0,0.0,0.0,0.0,0.0,0.0,0.26,0.0,1.739,0.173,0.086,56.538,636.0,735.0,1
0.0,0.0,0.85,0.0,0.85,0.21,0.21,0.0,0.0,1.5,0.0,0.0,0.0,0.0,1.07,0.0,0.21,0.0,0.64,0.21,1.71,10.0,1.28,0.0,0.0,0.0,0.0,0.0,0.0,0.0,0.0,0.0,0.0,0.0,0.0,0.0,0.0,0.0,0.0,0.0,0.0,0.0,0.0,0.0,0.0,0.0,0.0,0.0,0.0,0.0,0.0,0.465,0.271,0.969,9.052,58.0,869.0,1
0.0,0.0,0.0,0.0,0.0,0.0,0.0,0.0,0.0,0.54,0.0,0.0,0.0,0.0,0.0,0.0,0.0,0.0,1.62,0.0,0.0,0.0,0.0,0.0,1.62,1.08,1.08,1.62,0.54,0.54,0.54,0.54,0.0,0.54,0.54,0.54,0.54,0.0,0.0,0.54,0.0,0.0,0.54,0.0,0.54,0.0,0.0,0.0,0.0,0.559,0.0,0.0,0.0,0.0,16.883,13.0,155.0,0
0.18,0.14,0.25,0.0,0.0,0.0,0.0,0.07,0.0,0.14,0.03,0.77,0.07,0.03,0.0,0.0,0.03,0.18,0.11,0.0,0.25,0.07,0.0,0.0,0.0,0.0,10.0,0.0,0.03,0.11,0.0,0.0,0.03,0.0,0.0,0.37,0.62,0.0,0.0,0.0,0.18,0.0,0.03,0.0,0.0,0.22,0.0,0.18,0.019,0.414,0.0,0.004,0.0,0.0,2.393,40.0,1795.0,0
0.42,0.0,0.42,0.0,0.21,0.0,0.0,0.0,0.0,0.0,0.0,0.21,0.0,0.0,0.0,0.0,0.0,0.0,1.91,0.0,0.42,0.0,0.0,0.0,0.0,0.0,0.0,0.0,0.0,0.0,0.0,0.0,0.0,0.0,0.0,0.0,0.0,0.0,0.0,0.0,0.0,0.0,0.0,0.0,0.21,0.0,0.0,0.0,0.04,0.04,0.0,0.0,0.0,0.0,2.0,108.5,14.0,0
0.0,0.0,0.0,0.0,0.0,0.0,0.0,0.0,0.0,0.0,0.0,0.0,0.0,0.0,0.0,0.0,0.0,0.0,0.8,0.0,0.0,0.0,0.0,0.0,0.8,0.0,0.0,0.0,0.0,0.8,10.0,0.0,0.0,0.0,0.0,0.0,0.0,0.0,0.0,0.0,0.0,0.0,0.0,0.0,0.0,0.0,0.0,0.0,0.0,0.125,0.0,0.0,0.0,0.0,1.428,5.0,50.0,0
0.0,0.0,0.0,0.0,0.68,0.0,2.04,0.0,0.0,0.0,0.0,0.0,0.0,0.0,0.0,0.0,0.0,2.04,1.36,0.68,2.04,0.0,0.0,0.0,0.0,0.0,0.0,0.0,0.0,0.0,0.0,0.0,10.0,0.0,0.0,0.0,0.0,0.0,0.0,0.0,0.0,0.0,0.0,0.0,0.0,0.0,0.0,0.0,0.0,0.0,0.0,0.309,0.0,0.0,2.111,14.0,95.0,1
0.12,0.0,0.12,0.0,0.0,0.0,0.0,0.0,1.11,0.0,0.0,0.37,0.0,0.0,0.0,0.0,0.0,0.0,0.49,0.0,0.24,0.0,0.0,0.0,0.61,0.74,10.0,0.0,0.0,0.0,0.0,0.0,0.74,0.0,0.0,0.0,0.0,0.0,0.0,0.0,0.0,0.0,0.0,0.0,0.0,0.0,0.0,0.0,0.119,0.17,0.034,0.0,0.034,0.0,3.237,32.0,505.0,0
0.08,0.08,0.76,0.0,0.85,1.02,0.25,0.17,0.59,0.08,0.17,0.59,0.17,0.0,2.21,0.25,0.08,0.93,1.61,0.17,0.42,0.0,0.85,0.08,0.0,0.0,0.0,0.0,10.0,0.0,0.0,0.0,0.0,0.0,0.0,0.0,0.0,0.0,0.0,0.08,0.0,0.0,0.17,0.08,0.08,0.08,0.0,0.0,0.0,0.065,0.0,0.403,0.117,0.013,7.484,669.0,1407.0,1
0.0,0.0,0.0,10.0,0.0,0.0,0.0,2.63,0.0,0.0,0.0,0.0,0.0,0.0,0.0,0.0,0.0,0.0,0.37,0.0,0.0,0.0,0.0,0.0,0.0,0.0,0.0,0.0,0.0,0.0,0.0,0.0,0.0,0.0,0.0,0.0,0.37,0.0,0.37,0.0,0.75,0.0,0.37,0.0,0.75,1.12,0.0,0.0,0.0,0.0,0.063,0.0,0.0,0.0,2.023,14.0,85.0,0
0.0,0.0,0.0,0.0,0.0,0.78,0.0,2.34,0.0,0.78,0.78,1.56,0.0,0.0,0.0,0.0,10.0,0.0,3.12,0.0,0.78,0.0,0.78,0.0,0.0,0.0,0.0,0.0,0.0,0.0,0.0,0.0,0.0,0.0,0.0,0.0,0.0,0.0,0.0,0.0,0.0,0.0,0.0,0.0,0.0,0.0,0.0,0.0,0.0,0.0,0.0,0.889,0.0,0.0,2.13,15.0,49.0,1
0.0,0.0,0.0,0.0,0.9,0.0,0.0,0.0,0.0,0.0,0.0,0.0,0.0,0.0,0.0,0.0,0.0,0.9,4.5,0.0,0.9,0.0,0.0,0.0,10.0,0.0,0.9,0.0,0.9,0.0,0.0,0.0,0.0,0.0,0.0,0.0,0.0,0.0,0.0,0.0,0.0,0.0,0.0,0.0,0.0,0.0,0.0,0.0,0.0,0.318,0.0,0.0,0.0,0.0,1.772,4.0,39.0,0
0.0,0.0,0.0,0.0,0.0,0.0,0.0,0.0,0.0,0.0,0.0,0.0,0.0,0.0,0.0,0.0,0.0,0.0,0.0,0.0,0.0,0.0,0.0,0.0,0.0,0.0,10.0,0.0,0.0,0.0,0.0,0.0,0.0,0.0,0.0,0.0,0.0,0.0,0.0,0.0,0.0,0.0,0.0,0.0,0.0,0.0,0.0,0.0,0.0,0.0,0.0,0.0,0.0,0.0,1.0,1.0,5.0,0
0.0,0.0,1.79,0.0,0.0,0.59,0.0,0.59,0.0,0.0,0.0,0.0,0.0,0.0,0.0,0.0,0.0,0.0,0.0,0.0,0.0,0.0,0.59,0.0,0.0,0.0,0.0,0.0,0.0,0.0,0.0,0.0,0.0,0.0,0.0,0.0,0.0,0.0,0.0,10.0,0.0,0.0,0.0,0.0,0.0,0.0,0.0,0.0,0.0,0.0,0.0,0.0,0.0,0.0,2.103,10.0,204.0,1
0.0,0.0,0.0,0.6,0.6,0.0,0.0,0.0,0.0,0.0,0.0,0.0,0.6,0.0,0.0,2.42,0.0,0.6,0.0,0.0,0.6,0.0,0.6,0.0,0.0,0.0,10.0,0.0,0.0,0.0,0.0,0.0,0.0,0.0,0.0,0.0,0.0,0.0,0.0,0.0,0.0,0.0,0.0,0.0,0.0,0.0,0.0,0.0,0.0,0.0,0.0,0.412,0.206,0.103,2.3,20.0,237.0,1
0.07,0.02,0.15,0.0,0.25,0.2,0.0,0.02,0.15,0.0,0.0,0.25,0.25,0.07,0.0,0.05,0.22,0.0,0.05,0.0,0.02,0.0,0.37,0.02,0.0,0.0,0.0,0.0,0.02,0.0,0.0,0.0,0.0,0.0,0.0,0.05,0.3,0.02,0.0,0.02,0.0,10.0,0.02,0.0,0.02,0.0,0.0,0.0,0.011,0.022,0.0,0.0,0.022,0.0,1.423,20.0,965.0,1
0.0,0.0,0.0,0.0,0.0,0.0,0.0,0.0,0.0,0.0,0.0,0.0,0.0,0.0,0.0,0.8,0.0,0.0,2.41,0.0,0.8,0.0,0.0,0.0,0.0,0.0,0.8,0.0,0.0,0.0,0.0,0.0,0.0,0.0,0.0,0.0,10.0,0.0,0.0,0.0,0.0,0.8,0.0,0.0,0.8,0.0,0.0,0.0,0.0,0.45,0.0,0.0,0.0,0.0,1.2,4.0,30.0,0
0.0,1.16,0.0,0.0,0.0,0.0,0.0,1.16,0.0,1.16,0.0,0.0,0.0,0.0,0.0,0.0,0.0,0.0,0.0,0.0,1.16,0.0,0.0,0.0,0.0,0.0,0.0,0.0,0.0,0.0,0.0,0.0,0.0,0.0,0.0,0.0,0.0,0.0,0.0,0.0,0.0,0.0,0.0,10.0,1.16,0.0,0.0,0.0,0.0,0.0,0.0,0.0,0.0,0.0,1.25,3.0,20.0,0
0.0,0.75,0.25,0.0,0.0,0.0,0.0,0.5,0.0,0.5,0.25,0.75,0.0,0.0,0.0,1.5,0.0,1.5,4.26,0.0,4.51,0.0,0.0,0.0,0.0,0.0,0.0,0.0,0.0,0.0,0.0,0.0,0.0,0.0,0.0,0.0,0.0,0.0,0.0,0.0,0.0,0.0,0.0,0.0,0.0,0.0,0.0,0.0,0.045,0.18,0.0,10.7875,0.0,0.0,1.023,3.0,86.0,1
0.33,0.0,0.0,0.0,0.33,0.0,0.0,0.0,0.0,0.0,0.0,0.0,0.0,0.0,0.0,0.0,0.0,0.33,2.01,0.0,0.33,0.0,0.0,0.0,10.0,1.0,1.34,0.33,0.33,0.33,0.33,0.33,1.34,0.33,0.33,0.33,0.33,0.0,0.33,0.33,0.0,0.0,0.33,0.0,0.33,0.0,0.0,0.0,0.0,0.296,0.059,0.0,0.0,0.0,1.742,12.0,122.0,0
0.0,0.0,0.0,0.0,0.0,0.0,0.0,0.0,0.0,0.0,0.0,0.0,0.0,0.0,0.0,0.0,0.0,0.0,4.0,0.0,0.0,0.0,0.0,0.0,0.0,0.0,10.0,0.0,0.0,0.0,0.0,0.0,0.0,0.0,0.0,0.0,0.0,0.0,0.0,0.0,0.0,0.0,0.0,0.0,0.0,0.0,0.0,0.0,0.0,0.0,0.0,0.729,0.0,0.0,2.285,7.0,16.0,0
0.0,0.0,0.0,0.0,0.0,3.44,0.0,0.0,0.0,0.0,0.0,0.0,0.0,3.44,0.0,0.0,0.0,0.0,0.0,0.0,6.89,0.0,0.0,0.0,0.0,0.0,3.44,0.0,0.0,0.0,0.0,0.0,0.0,0.0,0.0,0.0,0.0,0.0,0.0,0.0,0.0,0.0,0.0,0.0,0.0,0.0,0.0,0.0,0.0,0.52,0.0,0.0,0.0,0.0,16.883,1.0,7.0,0
0.6,0.0,0.36,0.0,1.44,0.0,0.0,0.0,0.24,1.32,0.72,2.52,0.6,0.0,0.0,0.6,0.24,0.0,4.44,0.0,1.8,0.0,0.72,0.96,0.0,0.0,0.0,0.0,0.0,0.0,0.0,0.0,0.0,0.0,0.0,0.0,0.0,0.0,0.0,0.0,10.0,0.0,0.0,0.0,0.12,0.0,0.0,0.0,0.0,0.041,0.0,0.102,0.205,0.0,3.548,54.0,479.0,1
0.32,0.0,0.64,0.0,0.32,0.32,0.0,1.6,0.32,0.64,0.32,0.64,0.0,0.0,0.0,0.0,1.6,0.0,1.28,2.57,3.53,0.0,0.0,0.0,0.0,0.0,0.0,0.0,0.0,0.0,0.0,0.0,0.0,0.0,0.0,0.0,0.0,0.0,0.0,0.32,0.0,0.0,0.0,0.0,0.0,0.0,0.0,0.0,0.0,0.213,0.0,10.7875,0.106,0.0,3.584,63.0,319.0,1
0.0,0.0,0.0,0.0,0.0,0.0,0.0,0.0,0.0,0.0,0.0,0.0,0.0,0.0,0.0,0.0,0.0,0.0,0.0,0.0,0.0,0.0,0.0,0.0,0.0,0.0,10.0,0.0,0.0,0.0,0.0,0.0,0.0,0.0,0.0,0.0,0.0,0.0,0.0,0.0,0.0,0.0,0.0,0.0,0.0,0.0,0.0,0.0,0.0,0.0,0.0,0.0,0.0,0.0,1.0,1.0,5.0,0
0.0,0.0,0.0,0.0,3.07,0.0,0.0,0.0,0.0,0.0,0.0,4.61,0.0,0.0,0.0,0.0,0.0,0.0,0.0,0.0,1.53,0.0,0.0,0.0,0.0,0.0,0.0,0.0,6.15,0.0,0.0,0.0,0.0,0.0,0.0,0.0,0.0,0.0,0.0,0.0,0.0,10.0,0.0,0.0,0.0,0.0,0.0,0.0,0.0,0.0,0.0,0.0,0.0,0.0,1.529,4.0,26.0,0
0.0,0.0,0.0,0.0,0.0,0.0,0.0,0.0,0.0,0.0,0.0,0.0,0.0,0.0,0.0,0.0,0.0,0.0,1.21,0.0,0.0,0.0,0.0,0.0,0.0,0.0,0.0,0.0,0.0,0.0,0.0,0.0,0.0,0.0,0.0,0.0,0.0,0.0,1.21,0.0,0.0,10.0,0.0,0.0,0.0,0.0,0.0,0.0,0.0,0.0,0.0,0.0,0.0,0.0,1.166,2.0,21.0,0
0.0,0.0,0.0,0.0,0.0,0.0,0.0,0.67,0.0,0.0,0.0,1.35,0.0,0.0,0.0,0.67,0.0,0.0,4.05,0.0,2.02,0.0,0.0,0.0,10.0,0.0,0.0,0.0,0.0,0.0,0.0,0.0,0.0,0.0,0.67,0.0,0.0,0.0,0.0,0.0,0.0,0.0,0.0,0.0,0.67,0.0,0.0,0.0,0.0,0.386,0.0,0.0,0.0,0.0,3.27,19.0,121.0,0
1.18,0.39,0.59,0.0,0.0,0.98,0.19,0.19,1.38,0.39,0.0,0.98,0.0,0.19,0.0,0.98,0.0,0.0,2.56,0.39,1.38,0.0,0.0,1.38,0.0,0.0,10.0,0.0,0.0,0.0,0.0,0.0,0.0,0.0,0.0,0.0,0.0,0.0,0.0,0.0,0.0,0.0,0.0,0.0,0.0,0.0,0.0,0.0,0.0,0.232,0.0,0.749,0.31,0.025,6.652,76.0,632.0,1
0.0,1.63,0.81,0.0,0.0,0.0,10.0,0.0,0.0,1.63,1.63,0.0,0.0,0.0,0.0,0.81,0.0,0.0,4.09,0.0,0.0,0.0,0.0,0.0,0.0,0.0,0.0,0.0,0.0,0.0,0.0,0.0,0.0,0.0,0.0,0.0,0.0,0.0,0.0,0.0,0.0,0.0,0.0,0.0,0.0,0.0,0.0,0.0,0.0,0.0,0.0,1.212,0.0,0.0,15.916,71.0,191.0,1
0.0,0.0,0.0,0.0,0.0,0.0,0.0,0.0,0.0,0.0,0.0,4.16,0.0,0.0,0.0,0.0,0.0,0.0,16.6,0.0,0.0,0.0,0.0,0.0,0.0,0.0,0.0,0.0,0.0,0.0,0.0,0.0,0.0,0.0,0.0,0.0,0.0,0.0,0.0,0.0,0.0,0.0,0.0,0.0,4.16,4.16,0.0,0.0,0.0,0.0,0.0,0.0,0.0,0.0,1.0,1.0,9.0,0
0.34,0.0,1.7,0.0,1.02,0.0,0.0,0.0,0.68,1.02,0.0,0.0,0.0,0.0,0.0,0.0,0.0,0.0,0.34,1.02,0.68,0.0,0.0,0.0,0.34,0.0,0.0,0.0,0.0,0.0,0.0,0.0,0.0,0.0,0.0,0.0,0.0,0.0,0.0,0.0,0.0,0.0,0.0,0.0,0.0,0.0,0.0,0.0,0.0,0.0,0.0,0.899,0.105,0.0,16.883,1333.0,1334.0,1
0.0,0.0,0.0,0.0,0.0,0.0,0.0,0.0,0.0,0.0,0.0,0.0,0.0,0.0,0.0,0.0,0.0,0.0,0.0,0.0,0.0,0.0,0.0,0.0,10.0,2.56,0.0,0.0,0.0,0.0,0.0,0.0,0.0,0.0,0.0,0.0,0.0,0.0,0.0,0.0,0.0,0.0,0.0,0.0,0.0,0.0,0.0,0.0,0.0,0.0,0.0,0.0,0.0,0.0,2.0,6.0,24.0,0
0.0,0.0,0.0,0.0,0.0,0.0,0.0,0.0,0.0,0.0,0.0,0.0,0.0,0.0,0.0,0.0,0.0,0.0,0.0,0.0,0.0,0.0,0.0,0.0,0.0,0.0,0.0,0.0,0.0,0.0,0.0,0.0,0.0,0.0,0.0,0.0,0.0,0.0,0.0,0.0,0.0,0.0,0.0,0.0,0.0,10.0,0.0,0.0,0.0,0.0,0.0,0.0,0.0,0.0,1.0,1.0,4.0,0
0.0,0.0,0.0,0.0,2.63,0.0,0.0,0.0,0.0,0.0,0.0,0.0,0.0,0.0,0.0,0.0,0.0,0.0,2.63,0.0,2.63,0.0,0.0,0.0,5.26,2.63,2.63,2.63,2.63,2.63,2.63,2.63,10.0,2.63,2.63,2.63,0.0,0.0,0.0,2.63,0.0,0.0,0.0,2.63,0.0,0.0,0.0,0.0,0.0,0.793,0.0,0.0,0.0,0.0,3.076,11.0,40.0,0
0.23,0.34,0.58,0.0,0.46,0.11,0.11,0.23,1.04,0.93,0.0,0.46,0.0,0.23,0.23,0.0,0.11,0.0,3.72,0.46,1.74,0.0,0.0,0.81,0.0,0.0,0.0,0.0,0.0,0.0,0.0,0.0,0.0,0.0,0.0,0.0,0.0,0.0,0.0,0.0,0.0,0.0,0.0,0.0,0.0,0.0,10.0,0.0,0.0,0.075,0.0,0.131,0.056,0.018,4.47,74.0,675.0,1
0.0,0.0,0.61,0.0,0.0,0.0,0.61,0.0,0.0,0.0,0.0,0.0,0.0,0.0,0.0,0.0,1.23,1.85,2.46,0.0,1.23,0.0,0.0,0.0,10.0,0.0,0.0,0.0,0.0,0.0,0.0,0.0,0.0,0.0,0.0,0.0,0.0,0.0,0.0,0.0,0.0,0.0,0.0,0.0,0.0,0.0,0.0,0.0,0.0,0.176,0.0,0.353,0.0,0.0,2.25,13.0,81.0,1
0.0,0.46,0.0,0.0,1.15,0.0,0.23,0.23,0.0,0.46,0.0,0.69,0.23,0.0,0.0,0.0,0.69,0.69,2.76,0.0,1.84,0.0,0.0,0.23,0.0,0.0,0.0,0.0,0.0,0.0,0.0,0.0,0.0,0.0,0.0,1.15,0.0,0.0,0.0,0.0,10.0,0.0,0.0,0.0,0.0,0.0,0.0,0.0,0.0,0.036,0.036,0.841,0.036,0.0,1.862,52.0,285.0,1
0.0,0.0,0.0,0.0,0.64,0.0,0.0,0.0,0.0,0.0,0.64,0.64,0.0,0.0,0.0,0.0,1.29,0.0,1.29,5.19,1.29,0.0,0.0,0.64,10.0,0.0,0.0,0.0,0.0,0.0,0.0,0.0,0.0,0.0,0.0,0.0,0.0,0.0,0.0,0.0,0.0,0.0,0.0,0.0,0.0,0.0,0.0,0.0,0.0,0.468,0.0,0.093,0.0,0.0,2.755,66.0,135.0,1
0.0,0.0,0.0,0.0,0.0,0.0,0.0,0.0,0.0,0.0,0.0,0.0,0.0,0.0,0.0,1.09,1.09,0.0,3.29,0.0,2.19,0.0,0.0,0.0,0.0,0.0,10.0,0.0,0.0,0.0,0.0,0.0,0.0,0.0,0.0,0.0,0.0,0.0,0.0,0.0,0.0,0.0,0.0,0.0,1.09,0.0,0.0,0.0,0.0,0.371,0.0,0.371,0.0,0.0,3.096,28.0,96.0,1
0.0,0.0,0.0,0.0,0.0,0.0,0.0,0.0,0.0,0.0,0.0,0.0,0.0,0.0,0.0,0.0,0.0,0.0,0.0,0.0,0.0,0.0,0.0,0.0,0.0,0.0,10.0,0.0,0.0,0.0,0.0,0.0,0.0,0.0,0.0,0.0,0.0,0.0,0.0,0.0,0.0,0.0,0.0,0.0,0.0,0.0,0.0,0.0,0.0,0.0,0.0,0.0,0.0,0.0,1.0,1.0,5.0,0
0.0,0.0,0.32,0.0,0.65,0.65,0.32,0.32,0.0,0.0,0.0,0.32,0.32,0.0,0.0,0.32,0.32,0.0,2.28,0.0,3.25,0.0,0.0,0.32,0.0,0.0,10.0,0.0,0.0,0.0,0.0,0.0,0.0,0.0,0.0,0.0,0.0,0.0,0.0,0.0,0.0,0.0,0.0,0.0,0.32,0.0,0.0,0.0,0.0,0.105,0.0,0.0,0.158,0.0,1.494,10.0,139.0,1
0.15,0.0,0.3,0.0,1.23,0.61,0.0,0.61,0.0,0.15,0.0,0.3,0.0,0.0,0.15,0.3,1.54,2.32,1.85,0.0,1.08,0.0,0.0,0.3,0.0,0.0,0.0,0.0,0.0,0.0,0.0,0.0,0.0,0.0,0.0,0.0,0.0,0.0,0.0,0.46,0.0,0.0,0.0,0.0,0.0,10.0,0.0,0.0,0.0,0.128,0.0,0.615,0.025,0.0,1.377,13.0,186.0,1
0.06,0.0,0.06,0.0,0.19,0.0,0.0,0.0,0.73,0.0,0.0,0.19,0.0,0.0,0.0,0.0,0.0,0.06,0.26,0.0,0.19,0.0,0.0,0.0,0.79,0.86,10.0,0.0,0.0,0.06,0.0,0.0,1.06,0.0,0.0,0.0,0.0,0.0,0.0,0.0,0.13,0.0,0.0,0.0,0.0,0.0,0.06,0.0,0.363,0.143,0.057,0.0,0.019,0.0,2.716,37.0,880.0,0
0.0,0.0,0.77,0.0,0.0,0.0,0.0,0.0,0.0,0.0,0.0,0.77,0.0,0.0,0.0,0.0,0.0,0.0,0.0,0.0,0.0,0.0,0.0,0.0,0.0,0.0,10.0,0.0,0.0,0.0,0.0,0.0,0.77,0.0,0.0,0.0,2.32,0.0,0.0,0.0,0.0,0.0,0.0,0.0,0.0,0.0,0.0,0.77,0.0,0.102,0.0,0.102,0.0,0.0,4.771,26.0,167.0,0
0.0,0.51,0.0,0.0,1.02,0.0,0.0,0.51,0.0,0.0,0.0,0.0,0.0,0.0,0.0,0.51,0.51,0.0,0.51,0.0,0.0,0.0,0.0,0.0,0.0,0.0,10.0,0.0,0.0,0.0,0.0,0.0,0.0,0.0,0.0,0.51,0.0,0.0,0.0,0.51,0.0,0.0,0.0,0.51,0.0,0.0,0.0,0.0,0.0,0.071,0.0,0.0,0.0,0.0,2.076,9.0,108.0,0
0.0,0.0,0.0,0.0,0.0,0.0,0.0,0.5,0.0,0.0,0.0,1.0,0.5,0.0,0.0,0.0,0.0,0.0,1.5,0.0,0.0,0.0,0.0,0.0,1.0,0.5,0.0,0.0,0.5,0.5,0.0,0.0,0.0,0.0,0.0,0.0,0.0,0.0,0.0,0.0,0.0,0.0,0.0,0.5,0.0,0.0,0.0,10.0,0.0,0.075,0.0,0.075,0.0,0.0,1.483,6.0,89.0,0
0.0,0.0,0.0,0.0,0.45,0.0,0.45,0.0,0.9,0.45,0.45,0.9,0.45,0.0,0.0,1.81,0.0,0.45,1.36,0.0,1.36,0.0,0.0,0.0,0.0,0.0,10.0,0.0,0.0,0.0,0.0,0.0,0.0,0.0,0.0,0.0,0.0,0.0,0.0,0.45,0.0,0.0,0.0,0.0,0.45,0.0,0.0,0.0,0.0,0.16,0.0,0.64,0.16,0.0,3.607,71.0,184.0,1
0.0,0.0,0.0,0.0,0.0,0.0,0.0,0.0,0.0,0.0,0.0,0.0,0.0,0.0,0.0,0.0,0.0,0.0,0.0,0.0,0.0,0.0,0.0,0.0,4.34,10.0,0.0,0.0,0.0,2.17,0.0,0.0,0.0,0.0,0.0,0.0,0.0,0.0,0.0,0.0,0.0,0.0,0.0,0.0,0.0,0.0,0.0,0.0,0.0,0.0,0.0,1.798,0.0,0.0,2.615,13.0,34.0,0
0.0,0.0,0.21,0.0,0.0,10.0,0.0,0.0,0.0,0.0,0.0,0.0,0.0,0.0,0.0,0.0,0.0,0.0,1.95,0.0,0.21,0.0,0.0,0.0,0.0,0.0,0.0,0.0,0.0,0.0,0.0,0.0,0.0,0.0,0.0,0.0,0.0,0.0,0.0,0.0,0.0,0.0,0.0,0.0,0.0,0.0,0.0,0.0,0.131,0.175,0.0,0.0,0.0,0.0,1.0,1.0,68.0,0
0.0,0.0,0.68,0.0,0.68,0.0,0.68,0.0,0.0,0.68,0.0,0.68,0.0,0.0,0.0,0.0,0.0,4.1,4.1,0.0,0.68,0.0,1.36,0.0,0.0,0.0,0.0,0.0,0.0,0.0,0.0,0.0,0.0,0.0,0.0,0.0,0.0,0.0,0.0,1.36,0.0,10.0,0.0,0.0,0.0,0.0,0.0,0.0,0.0,0.0,0.0,1.089,0.242,0.0,3.488,60.0,157.0,1
0.0,0.0,0.0,0.0,0.0,0.0,0.0,0.0,0.0,0.0,0.0,0.74,0.0,0.0,0.0,0.0,0.0,0.74,1.49,0.0,0.0,0.0,0.0,0.0,10.0,2.23,0.0,0.74,0.0,0.74,0.74,0.0,0.0,0.0,0.74,0.74,0.0,0.0,0.0,0.0,0.0,0.0,0.0,0.0,0.0,0.0,0.0,0.0,0.0,0.102,0.204,0.102,0.0,0.204,2.121,10.0,87.0,0
0.06,0.12,0.77,0.0,0.19,0.32,10.0,0.0,0.06,0.0,0.0,0.64,0.25,0.0,0.12,0.0,0.0,0.12,1.67,0.06,0.7,0.0,0.19,0.0,0.0,0.0,0.0,0.0,0.0,0.0,0.0,0.0,0.0,0.0,0.0,0.0,0.0,0.0,0.0,0.0,0.0,0.0,0.0,0.06,0.0,0.0,0.0,0.0,0.04,0.03,0.0,0.244,0.071,0.0,1.732,43.0,750.0,1
0.43,0.0,0.0,0.0,0.87,0.87,0.0,0.0,0.0,0.43,0.0,2.18,0.0,0.0,0.0,0.0,1.74,0.0,0.87,0.0,0.87,0.0,0.0,0.43,0.0,0.0,10.0,0.0,0.0,0.0,0.0,0.0,0.0,0.0,0.0,0.43,0.0,0.0,0.0,0.0,0.0,0.0,0.0,0.0,0.0,0.0,0.0,0.0,0.0,0.0,0.0,0.942,0.0,0.0,5.114,107.0,179.0,1
0.0,0.0,0.0,0.0,0.0,0.0,0.0,0.77,0.0,0.0,0.0,0.0,0.0,0.0,0.0,0.0,0.0,1.55,2.32,0.0,0.0,10.0,0.0,0.0,3.1,3.87,3.1,0.77,0.0,0.77,0.77,0.0,0.0,0.0,1.55,0.77,0.0,0.0,0.0,0.0,0.0,0.0,0.0,0.0,0.0,0.0,0.0,0.0,0.0,0.198,0.0,0.099,0.0,0.0,2.325,30.0,93.0,0
0.0,0.0,0.0,0.0,0.0,0.0,0.0,0.0,0.0,0.0,0.0,0.0,0.0,0.0,0.0,0.0,0.0,0.0,3.03,0.0,0.0,0.0,0.0,0.0,0.0,0.0,10.0,0.0,0.0,0.0,0.0,0.0,0.0,0.0,0.0,0.0,0.0,0.0,0.0,0.0,0.0,0.0,0.0,0.0,3.03,0.0,0.0,0.0,0.0,0.0,0.0,0.0,0.0,0.0,1.272,4.0,14.0,0
0.0,0.0,0.0,0.0,0.0,0.0,0.0,0.0,0.0,0.0,0.0,0.0,0.0,0.0,0.0,0.0,0.0,0.0,0.0,0.0,0.0,0.0,0.0,0.0,10.0,0.0,0.0,0.0,0.0,0.0,0.0,0.0,0.0,0.0,0.0,0.0,0.0,0.0,0.0,0.0,0.0,0.0,0.0,0.0,0.0,0.0,0.0,0.0,0.0,0.0,0.0,0.0,0.0,0.0,2.777,14.0,25.0,0
0.0,0.0,0.65,0.0,0.0,0.0,10.0,0.0,0.0,0.0,0.0,2.61,0.0,0.0,0.0,0.0,0.0,0.0,0.65,0.0,0.65,0.0,0.0,0.0,1.3,0.0,0.0,0.0,0.0,0.0,0.0,0.0,0.0,0.0,0.0,0.0,0.0,0.0,0.0,0.0,0.0,0.0,0.0,0.65,0.0,0.0,0.0,0.0,0.109,0.0,0.0,0.0,0.0,0.0,1.411,4.0,48.0,0
0.17,0.0,0.17,0.0,1.52,0.35,10.0,0.05,0.05,0.05,0.05,0.52,0.29,0.05,0.0,0.0,0.64,0.05,4.21,0.23,1.11,0.0,0.82,0.05,0.0,0.0,0.0,0.0,0.0,0.0,0.0,0.0,0.0,0.0,0.0,0.0,0.0,0.0,0.0,0.0,0.0,0.0,0.05,0.0,0.05,0.0,0.0,0.0,0.01,0.052,0.0,0.01,0.167,0.0,1.818,13.0,462.0,1
0.0,0.0,0.0,0.0,0.0,0.0,0.0,0.0,0.58,0.0,0.0,1.16,0.0,0.0,0.0,0.0,0.0,0.58,1.75,0.0,1.16,0.0,0.0,0.0,0.0,0.0,10.0,0.0,0.0,0.0,0.0,0.0,0.0,0.0,0.0,0.0,0.0,0.0,0.58,0.0,0.0,0.0,0.0,0.0,0.0,0.58,0.0,0.0,0.0,0.282,0.0,0.376,0.0,0.0,1.702,16.0,80.0,0
0.0,0.0,0.0,0.0,0.0,0.0,0.0,0.0,0.0,10.4,0.0,0.0,0.0,0.0,0.0,0.0,0.0,0.0,0.0,0.0,0.0,0.0,0.0,0.0,0.0,0.0,0.0,0.0,0.0,0.0,0.0,0.0,0.0,0.0,0.0,0.0,0.0,0.0,0.0,0.0,0.0,0.0,0.0,0.0,0.0,0.0,0.0,0.0,0.287,0.0,0.0,0.0,0.0,0.0,4.333,13.0,78.0,1
0.0,0.0,0.0,0.0,0.0,0.0,0.0,0.0,0.0,0.0,0.0,0.0,0.0,0.0,0.0,0.0,0.0,0.0,0.0,0.0,0.0,0.0,0.0,0.0,0.0,0.0,10.0,0.0,0.0,0.0,0.0,0.0,0.0,0.0,0.0,0.0,0.0,0.0,0.0,0.0,0.0,0.0,0.0,0.0,0.0,0.0,0.0,0.0,0.0,0.0,0.0,0.0,0.0,0.0,1.0,1.0,5.0,0
0.74,0.28,0.31,0.0,0.07,0.21,0.0,0.14,0.49,0.35,0.17,0.74,0.56,1.48,0.0,0.17,0.49,0.03,3.24,0.0,1.23,0.0,0.56,0.77,0.0,0.0,0.0,0.0,0.0,0.0,0.0,0.0,0.0,0.0,0.0,0.0,0.0,0.0,0.0,0.0,10.0,0.0,0.0,0.03,0.07,0.0,0.03,0.0,0.006,0.054,0.0,0.678,1.05,0.162,5.648,154.0,3084.0,1
0.0,0.0,0.56,0.0,1.12,0.0,0.0,0.0,0.0,0.0,0.0,0.0,0.93,0.0,0.18,0.0,10.0,0.37,3.18,0.0,0.93,0.0,0.0,0.0,0.0,0.0,0.0,0.0,0.0,0.0,0.0,0.0,0.0,0.0,0.0,0.0,0.0,0.0,0.0,0.0,0.0,0.0,0.0,0.0,0.0,0.0,0.0,0.0,0.0,0.189,0.0,0.441,0.0,0.0,1.372,4.0,70.0,1
1.17,0.0,0.0,0.0,0.0,0.0,0.0,0.0,0.0,0.0,0.0,1.17,0.0,0.0,0.0,0.0,10.0,0.0,3.52,0.0,0.0,0.0,0.0,0.0,0.0,0.0,0.0,0.0,0.0,0.0,0.0,0.0,0.0,0.0,0.0,0.0,0.0,0.0,0.0,0.0,0.0,0.0,0.0,0.0,1.17,0.0,0.0,0.0,0.0,0.0,0.0,0.886,0.0,0.0,1.966,10.0,59.0,1
0.0,0.0,1.33,0.0,1.33,0.0,0.0,0.0,0.0,0.0,0.0,0.0,0.0,0.0,0.0,0.0,0.0,0.0,0.0,0.0,1.33,0.0,0.0,0.0,8.0,8.0,0.0,0.0,0.0,0.0,0.0,0.0,0.0,0.0,0.0,0.0,1.33,4.0,1.33,0.0,10.0,4.0,0.0,0.0,0.0,0.0,0.0,0.0,0.865,0.0,0.216,0.0,0.0,0.0,1.647,12.0,28.0,0
0.16,0.16,0.16,0.0,0.83,0.16,0.0,0.16,0.0,0.0,0.0,0.5,0.16,0.0,0.0,0.0,0.0,0.0,2.34,0.0,0.67,0.0,0.0,0.0,10.0,0.0,0.0,0.0,0.0,0.0,0.0,0.0,0.0,0.0,0.0,0.0,0.0,0.0,0.0,0.0,0.0,0.0,0.0,0.16,0.33,0.16,0.0,0.0,0.087,0.058,0.0,0.0,0.0,0.0,1.901,16.0,135.0,0
0.0,0.0,0.0,0.0,0.0,0.0,0.0,0.0,0.0,0.0,0.0,12.0,0.0,0.0,0.0,0.0,0.0,0.0,1.56,0.0,0.0,0.0,0.0,0.0,0.0,0.0,0.0,0.0,0.0,0.0,0.0,0.0,0.0,0.0,0.0,0.0,0.0,0.0,0.0,0.0,0.0,0.0,1.56,0.0,0.0,0.0,0.0,0.0,0.0,0.0,0.0,0.27,0.0,0.0,1.5,4.0,30.0,0
0.0,0.0,0.88,0.0,0.88,0.0,0.0,0.0,0.0,0.0,0.0,0.88,0.0,0.0,0.0,0.0,0.0,0.0,0.88,0.0,0.0,0.0,0.0,0.0,0.0,0.0,0.0,0.0,0.0,0.0,0.0,0.0,0.0,0.0,0.0,0.0,0.0,0.0,0.0,0.0,10.0,0.0,0.0,0.0,0.0,0.0,0.0,0.0,0.0,0.0,0.0,0.935,0.0,0.0,3.417,51.0,229.0,1
0.0,0.0,0.0,0.0,0.0,0.0,0.0,0.0,0.0,0.0,0.0,0.0,0.0,2.06,0.0,0.0,0.0,0.0,0.0,0.0,0.0,0.0,0.0,0.0,0.0,0.0,0.0,0.0,0.0,0.0,0.0,0.0,0.0,0.0,0.0,1.03,0.0,0.0,0.0,0.0,0.0,0.0,0.0,0.0,1.03,0.0,0.0,0.0,0.0,0.17,0.0,0.17,10.13,0.0,3.809,24.0,80.0,1
0.0,0.0,0.0,0.0,0.0,0.0,0.0,0.0,0.0,0.0,0.0,0.0,0.0,0.0,0.0,0.0,0.0,0.0,0.0,0.0,0.0,0.0,0.0,0.0,0.0,0.0,10.0,0.0,0.0,0.0,0.0,0.0,0.0,0.0,0.0,0.0,0.0,0.0,0.0,0.0,0.0,0.0,0.0,0.0,0.0,0.0,0.0,0.0,0.0,0.0,0.0,0.0,0.0,0.0,1.0,1.0,5.0,0
0.0,0.0,0.0,0.0,0.0,1.63,0.0,0.0,0.0,0.0,0.0,0.0,0.81,0.0,0.0,0.0,0.0,0.0,3.27,0.0,0.0,0.0,0.0,0.0,0.0,0.0,0.0,0.0,0.0,0.0,0.0,0.0,0.0,0.0,0.0,0.0,0.0,0.0,0.81,0.0,0.0,0.0,0.0,0.0,0.81,10.0,0.0,0.0,0.0,0.0,0.0,0.0,0.0,0.0,2.829,47.0,116.0,0
0.0,0.0,0.0,0.0,0.0,0.0,0.0,0.0,0.0,0.0,0.0,4.65,0.0,2.32,0.0,0.0,0.0,0.0,0.0,0.0,0.0,0.0,0.0,0.0,0.0,0.0,0.0,10.0,0.0,0.0,0.0,0.0,0.0,0.0,0.0,0.0,0.0,0.0,0.0,0.0,0.0,0.0,0.0,0.0,0.0,0.0,0.0,0.0,0.0,0.0,0.0,0.448,0.0,0.0,2.0,4.0,28.0,0
0.0,0.0,0.0,0.0,0.14,0.0,0.0,0.14,0.0,0.0,0.0,0.73,0.0,0.0,0.0,0.0,0.0,0.0,0.14,0.0,0.0,10.0,0.0,0.0,2.48,1.6,0.0,0.0,0.0,0.14,0.0,0.0,0.0,0.0,0.0,0.0,1.16,0.0,0.29,0.0,1.16,0.0,0.0,0.0,0.14,3.07,0.0,0.0,0.144,0.433,0.082,0.02,0.0,0.0,4.113,52.0,654.0,0
0.0,0.0,0.0,0.0,0.0,0.0,0.0,0.0,0.0,0.0,0.0,0.0,0.0,0.0,0.0,0.0,0.0,0.0,0.0,0.0,0.0,0.0,0.0,0.0,1.63,10.0,0.0,0.0,0.0,0.0,0.0,0.0,0.0,0.0,0.0,0.0,0.0,0.0,0.0,0.0,0.0,0.0,0.0,0.0,0.0,0.0,0.0,0.0,0.0,0.0,0.0,0.0,0.0,0.0,1.48,6.0,37.0,0
0.0,2.08,0.0,0.0,3.12,0.0,1.04,0.0,0.0,0.0,0.0,2.08,0.0,0.0,0.0,0.0,0.0,4.16,2.08,0.0,1.04,0.0,0.0,0.0,0.0,0.0,10.0,0.0,0.0,0.0,0.0,0.0,0.0,0.0,0.0,0.0,0.0,0.0,0.0,0.0,0.0,0.0,0.0,0.0,0.0,0.0,0.0,0.0,0.0,0.0,0.0,0.263,0.0,0.0,1.428,4.0,20.0,1
0.12,0.0,0.6,0.0,0.6,0.0,10.0,0.0,0.0,0.0,0.0,0.12,0.12,0.0,0.12,0.0,0.73,0.0,0.6,0.0,0.48,0.0,0.0,0.0,1.58,0.0,0.0,0.24,0.0,0.0,0.48,0.0,0.0,0.0,0.36,0.0,0.12,0.0,0.0,0.0,0.0,1.33,0.0,0.12,0.12,0.0,0.0,0.12,0.016,0.148,0.0,0.033,0.016,0.0,2.056,65.0,364.0,0
0.53,0.0,0.0,0.0,0.88,0.0,10.0,0.0,0.0,0.0,0.0,0.71,0.35,0.0,0.0,0.0,0.0,0.0,1.06,0.0,1.06,0.0,0.0,0.0,2.13,1.06,0.17,0.17,0.17,0.17,0.17,0.17,0.0,0.17,0.17,0.17,0.53,0.0,0.0,0.17,0.0,0.71,0.17,0.0,0.53,0.0,0.0,0.35,0.052,0.131,0.026,0.026,0.0,0.0,2.941,34.0,353.0,0
0.0,0.0,0.0,0.0,0.0,0.0,0.0,0.0,0.0,0.0,0.0,0.0,0.0,0.0,0.0,0.0,0.0,0.0,2.13,0.0,0.0,0.0,0.0,0.0,0.0,0.0,0.0,0.0,0.0,0.0,0.0,0.0,0.0,0.0,0.0,0.0,0.85,0.0,0.42,0.0,0.0,0.0,0.0,0.0,0.85,10.0,0.0,0.0,0.0,0.0,0.0,0.0,0.0,0.0,2.769,15.0,180.0,0
0.44,0.0,0.0,0.0,0.89,0.0,0.0,0.0,0.0,0.44,0.0,1.33,0.0,0.0,0.0,0.44,0.0,0.0,4.46,0.0,1.78,0.0,0.0,0.44,0.0,0.0,0.0,0.0,10.0,0.0,0.0,0.0,0.0,0.0,0.0,0.0,0.0,0.0,0.0,0.0,0.0,0.0,0.0,0.0,0.44,0.0,0.0,0.0,0.0,0.0,0.0,1.083,0.144,0.072,2.428,28.0,153.0,1
0.13,0.0,0.2,0.0,0.54,0.13,0.0,0.13,0.4,0.0,0.0,0.06,0.06,0.0,0.0,0.0,1.01,0.0,0.0,0.0,0.0,0.0,10.0,0.0,1.08,0.0,0.0,0.06,0.0,0.0,0.0,0.0,0.0,0.0,0.0,0.0,0.4,0.0,0.0,0.0,0.0,0.0,0.0,0.0,0.06,0.0,0.0,0.0,0.009,0.068,0.0,0.0,0.166,0.0,2.804,45.0,617.0,0
0.0,0.0,0.38,0.0,0.38,0.38,0.38,0.0,0.38,1.94,0.0,1.16,0.0,0.0,0.0,0.38,0.77,0.77,2.72,0.0,1.16,0.0,0.0,0.0,10.0,0.0,0.0,0.0,0.0,0.0,0.0,0.0,0.0,0.0,0.0,0.0,0.0,0.0,0.0,0.38,0.0,0.0,0.0,0.0,0.0,0.0,0.0,0.0,0.0,0.0,0.0,0.057,0.057,0.0,7.121,70.0,235.0,1
0.0,0.0,0.0,0.0,0.0,0.0,0.0,0.67,0.0,0.67,0.0,0.0,0.0,0.0,0.0,0.0,0.0,0.0,0.0,0.0,0.0,0.0,0.0,0.0,0.0,0.0,10.0,0.0,0.0,0.0,0.0,0.0,0.0,0.0,0.0,0.0,1.34,0.0,0.0,0.0,0.0,0.0,0.0,0.0,0.0,0.0,0.0,0.0,0.17,0.511,0.085,0.511,0.0,0.0,4.617,27.0,217.0,1
0.0,0.0,0.0,0.0,0.86,0.0,0.0,0.0,0.0,0.0,0.0,0.0,0.0,0.0,0.0,0.0,0.0,0.0,1.73,0.0,0.86,0.0,0.0,0.0,0.0,0.0,0.0,0.0,0.0,0.0,0.0,0.0,0.0,0.0,0.0,0.0,0.0,0.0,0.0,0.0,10.0,0.0,0.0,0.86,0.0,0.86,0.0,0.0,0.0,0.152,0.0,0.457,0.0,0.0,1.192,3.0,31.0,0
0.73,0.0,0.36,0.0,1.59,0.0,0.0,0.0,0.24,1.35,0.73,2.58,0.61,0.0,0.0,0.61,0.12,0.0,4.55,0.0,1.72,0.0,0.49,0.98,0.0,0.0,10.0,0.0,0.0,0.0,0.0,0.0,0.0,0.0,0.0,0.0,0.0,0.0,0.0,0.0,0.0,0.0,0.0,0.0,0.12,0.0,0.0,0.0,0.0,0.041,0.0,0.104,0.229,0.02,3.705,54.0,478.0,1
0.14,0.18,0.79,0.0,0.04,0.14,0.18,0.28,0.28,0.84,0.18,0.46,0.61,0.09,0.32,0.89,0.37,0.46,3.8,0.04,1.87,0.0,0.46,0.28,0.0,0.0,10.0,0.0,0.0,0.0,0.0,0.0,0.0,0.0,0.0,0.0,0.0,0.0,0.0,0.28,0.0,0.0,0.0,0.0,0.28,0.04,0.0,0.0,0.0,0.101,0.0,0.522,0.109,0.062,5.759,116.0,2062.0,1
0.87,0.17,0.52,0.0,0.0,0.32,0.0,0.04,0.29,0.42,0.39,1.37,0.87,1.69,0.0,0.32,0.54,0.22,3.47,0.29,1.32,0.0,0.34,0.84,0.0,0.0,10.0,0.0,0.0,0.0,0.0,0.0,0.0,0.0,0.0,0.0,0.0,0.0,0.0,0.0,0.0,0.0,0.0,0.02,0.07,0.0,0.04,0.0,0.016,0.058,0.0,0.638,0.165,0.182,3.697,117.0,3498.0,1
0.0,0.0,0.0,0.0,0.0,3.57,0.0,0.0,0.0,0.0,0.0,0.0,0.0,0.0,0.0,0.0,0.0,0.0,7.14,0.0,0.0,0.0,0.0,0.0,0.0,0.0,0.0,0.0,0.0,0.0,0.0,0.0,0.0,0.0,0.0,0.0,0.0,0.0,0.0,0.0,0.0,0.0,0.0,0.0,0.0,10.0,0.0,0.0,0.0,0.0,0.0,0.0,0.0,0.0,1.0,1.0,7.0,0
0.26,0.0,0.52,0.0,0.52,0.0,0.0,0.0,0.0,0.26,0.0,0.26,0.0,0.0,0.0,0.0,0.0,0.26,1.31,0.0,0.26,0.0,0.0,0.0,0.0,0.0,10.0,0.0,0.0,0.0,0.0,0.0,0.0,0.0,0.0,0.0,0.0,0.0,0.0,0.0,0.0,0.0,0.0,0.26,0.52,0.26,0.0,0.0,0.047,0.047,0.0,0.047,0.0,0.0,1.081,3.0,53.0,0
0.0,0.0,0.0,0.0,0.52,0.0,0.26,0.52,0.0,0.26,0.26,0.52,0.0,0.0,0.0,0.26,1.56,0.26,1.82,2.08,0.26,0.0,0.0,0.0,0.0,0.0,10.0,0.0,0.0,0.0,0.0,0.0,0.0,0.0,0.0,0.0,0.0,0.0,0.0,0.0,0.0,0.0,0.0,0.0,0.0,0.0,0.0,0.0,0.0,0.073,0.0,0.813,0.036,0.147,2.145,38.0,339.0,1
1.24,0.0,0.82,0.0,0.0,0.0,0.41,0.0,0.0,0.41,0.0,0.41,0.0,0.0,0.0,1.65,0.41,0.0,2.9,0.0,0.41,0.0,0.41,0.82,0.0,0.0,0.0,0.0,0.0,0.0,0.0,0.0,0.0,0.0,0.0,0.0,0.0,0.0,0.0,0.0,10.0,0.0,0.0,0.0,0.0,0.0,0.0,0.0,0.0,0.193,0.0,0.904,5.3,0.0,7.478,92.0,344.0,1
0.0,0.0,0.0,0.0,0.0,0.0,0.0,0.08,0.0,0.0,0.0,0.08,0.0,0.0,0.0,0.0,0.08,0.0,0.0,0.0,0.0,0.0,0.0,0.0,0.08,0.08,0.08,0.0,0.0,0.0,0.0,0.0,0.0,0.0,0.0,0.42,0.0,0.0,0.0,0.0,0.08,0.0,0.0,0.0,0.0,0.0,0.0,0.34,0.081,0.451,0.0,0.0,10.13,0.0,1.833,18.0,935.0,0
0.26,0.0,0.0,0.0,0.0,0.26,0.0,0.0,0.26,0.0,0.0,0.78,0.0,0.0,0.0,0.0,0.0,0.0,0.0,0.0,0.0,0.0,0.0,0.0,10.0,0.0,0.0,0.0,0.0,0.0,0.0,0.0,2.35,0.0,0.0,0.0,0.0,0.0,0.0,0.0,0.26,0.0,0.0,0.0,0.0,0.52,0.0,0.0,0.0,0.033,0.0,0.0,0.0,0.0,2.921,61.0,111.0,0
0.32,0.0,0.0,0.0,0.0,0.0,0.0,0.0,0.0,0.64,0.0,12.0,0.0,0.0,0.0,0.0,0.0,0.0,0.32,0.0,0.0,0.0,0.0,0.0,3.88,2.58,0.0,0.0,0.0,0.32,0.0,0.0,0.0,0.0,0.32,0.0,0.0,0.0,0.0,0.0,0.0,0.0,0.0,0.0,0.0,0.0,0.0,0.0,0.0,0.492,0.0,0.0,0.0,0.0,1.89,11.0,138.0,0
0.44,0.0,0.88,0.0,0.44,1.32,0.0,0.0,0.0,0.0,0.0,0.0,0.0,0.0,0.0,0.0,0.0,0.44,1.76,0.0,2.2,0.0,10.0,0.0,0.0,0.0,0.0,0.0,0.0,0.0,0.0,0.0,0.0,0.0,0.0,0.0,0.0,0.0,0.0,0.0,0.0,0.0,0.0,0.0,0.0,0.0,0.0,0.0,0.222,0.0,0.0,0.444,0.37,0.0,2.413,16.0,140.0,1
0.07,0.22,0.82,0.0,0.52,0.0,0.07,0.0,0.67,0.59,0.22,0.82,0.07,0.0,0.14,0.0,0.07,0.0,3.29,0.22,1.87,0.0,0.0,0.22,0.0,0.0,0.0,0.0,0.0,0.0,0.0,0.0,0.0,0.0,0.07,0.0,0.0,0.0,0.0,0.0,0.0,10.0,0.0,0.0,0.0,0.0,0.0,0.0,0.0,0.095,0.0,0.119,0.071,0.167,3.429,74.0,974.0,1
0.0,0.0,0.0,0.0,7.14,0.0,0.0,0.0,0.0,0.0,0.0,0.0,0.0,0.0,0.0,0.0,0.0,0.0,0.0,0.0,0.0,0.0,0.0,0.0,0.0,0.0,0.0,0.0,0.0,0.0,0.0,0.0,0.0,0.0,0.0,0.0,0.0,0.0,0.0,0.0,0.0,0.0,0.0,0.0,10.275,0.0,0.0,0.0,0.0,0.0,0.0,0.0,0.0,0.0,1.6,4.0,8.0,0
0.0,0.0,0.16,0.0,0.83,0.0,0.16,0.0,0.16,0.0,0.0,0.66,0.0,0.66,0.0,10.25,0.16,0.0,0.0,0.0,0.16,0.0,0.0,0.0,3.0,0.83,0.33,0.5,0.16,0.16,0.5,0.16,0.0,0.16,0.5,0.16,0.5,0.0,0.16,0.16,0.0,0.66,0.33,0.16,0.0,0.0,0.0,0.0,0.0,0.162,0.04,0.02,0.0,0.02,2.604,28.0,758.0,0
0.0,10.0,0.0,0.0,0.0,0.0,1.23,0.0,0.0,0.0,0.0,0.0,0.0,0.0,0.0,1.23,0.0,0.0,0.0,0.0,0.0,0.0,0.0,0.0,0.0,0.0,0.0,0.0,0.0,0.0,0.0,0.0,0.0,0.0,0.0,0.0,0.0,0.0,0.0,0.0,0.0,0.0,0.0,0.0,0.0,0.0,0.0,0.0,0.0,0.0,0.0,1.939,0.0,0.0,1.379,8.0,40.0,1
0.67,0.0,0.0,0.0,0.0,0.0,0.0,0.0,0.0,0.0,0.0,0.0,0.33,0.0,0.0,0.0,0.0,0.0,1.01,0.0,0.33,0.0,0.0,0.0,0.0,0.0,0.0,0.0,0.0,0.0,0.0,0.0,0.0,0.0,0.0,0.0,0.0,0.0,0.0,0.0,0.0,1.34,0.0,0.0,0.0,0.0,0.0,0.0,0.0,0.055,0.0,0.0,10.13,0.0,1.644,13.0,74.0,0
0.0,0.0,1.42,0.0,0.71,0.0,0.0,0.71,0.0,0.71,0.0,0.0,0.0,0.0,0.0,0.0,2.85,2.85,1.42,0.0,3.57,0.0,0.0,0.0,0.0,0.0,0.0,0.0,0.0,0.0,0.0,0.0,0.0,0.0,0.0,0.0,0.0,0.0,0.0,0.0,0.0,0.0,0.0,10.0,0.0,0.0,0.0,0.0,0.0,0.0,0.0,0.931,0.0,0.0,12.055,117.0,217.0,1
0.0,0.0,0.24,0.0,0.09,0.04,0.0,0.0,0.04,0.0,0.04,0.69,0.0,0.0,10.0,0.14,0.19,0.0,0.69,0.0,0.64,0.0,0.0,0.0,2.04,1.09,0.0,0.04,0.0,0.19,0.14,0.0,0.04,0.0,0.29,0.09,0.34,0.0,0.0,0.0,0.0,0.0,0.0,0.0,0.04,0.0,0.0,0.0,0.014,0.148,0.0,0.014,0.044,0.007,2.112,26.0,1223.0,0
0.0,0.0,0.0,0.0,0.0,0.0,0.0,0.0,0.0,0.0,0.0,0.0,0.0,0.0,0.0,0.0,0.0,0.0,5.45,0.0,0.0,0.0,0.0,0.0,1.81,0.0,0.0,0.0,0.0,0.0,0.0,0.0,0.0,0.0,0.0,0.0,0.0,0.0,0.0,0.0,0.0,10.0,0.0,0.0,0.0,0.0,0.0,0.0,0.0,0.0,0.0,0.0,0.0,0.0,1.5,2.0,3.0,0
0.0,0.0,0.0,0.0,0.38,0.38,0.38,0.38,0.0,0.0,0.38,0.0,0.0,0.0,0.0,0.38,0.0,0.0,3.87,0.0,1.93,0.0,0.0,0.38,0.0,0.0,10.0,0.0,0.0,0.0,0.0,0.0,0.0,0.0,0.0,0.0,0.0,0.0,0.0,0.0,0.0,0.0,0.0,0.0,0.0,0.0,0.0,0.0,0.0,0.0,0.0,0.123,0.0,0.0,2.062,12.0,99.0,1
0.23,0.0,0.0,0.0,0.0,0.23,0.0,0.0,0.0,0.0,0.0,0.92,0.46,0.0,0.0,0.0,0.0,0.0,2.76,0.0,2.76,0.0,0.0,0.69,0.0,0.0,10.0,0.0,0.0,0.0,0.0,0.0,0.46,0.0,0.0,0.0,0.0,0.0,0.0,0.0,0.0,0.0,0.0,0.0,0.0,0.0,0.0,0.0,0.0,0.445,0.0,0.202,0.121,0.0,1.945,7.0,142.0,0
0.0,0.0,0.0,0.0,0.0,0.0,0.0,0.0,0.0,0.0,0.0,0.0,0.0,0.0,0.0,6.52,0.0,0.0,2.17,0.0,2.17,0.0,0.0,0.0,10.0,0.0,0.0,0.0,0.0,0.0,0.0,0.0,0.0,0.0,0.0,0.0,0.0,0.0,0.0,0.0,0.0,0.0,0.0,0.0,0.0,0.0,0.0,0.0,0.0,0.0,0.0,1.149,0.0,0.0,9.1,33.0,91.0,1
0.0,0.0,0.0,0.0,0.0,0.0,0.0,0.0,0.0,0.0,0.0,0.0,2.22,0.0,0.0,0.0,0.0,0.0,4.44,0.0,0.0,0.0,0.0,0.0,0.0,0.0,10.0,0.0,0.0,0.0,0.0,0.0,0.0,0.0,0.0,0.0,2.22,0.0,0.0,0.0,0.0,0.0,0.0,0.0,2.22,0.0,0.0,0.0,0.0,0.0,0.0,0.0,0.0,0.0,1.3,5.0,26.0,0
0.0,0.0,0.0,0.0,2.17,0.0,0.0,0.0,0.0,0.0,0.0,0.0,0.0,4.34,0.0,0.0,0.0,0.0,2.17,0.0,0.0,0.0,0.0,0.0,0.0,0.0,0.0,0.0,0.0,0.0,0.0,0.0,0.0,0.0,0.0,0.0,0.0,0.0,0.0,0.0,0.0,0.0,0.0,0.0,0.0,0.0,0.0,0.0,0.0,0.367,0.0,0.0,0.0,0.0,1.0,1.0,622.5,0
0.0,0.0,0.0,1.29,1.29,0.0,0.0,0.0,0.0,0.0,0.0,0.0,0.0,0.0,0.0,1.29,0.0,0.0,2.59,0.0,0.0,0.0,0.0,0.0,0.0,0.0,0.0,0.0,0.0,0.0,0.0,0.0,0.0,0.0,0.0,0.0,0.0,0.0,0.0,0.0,0.0,0.0,0.0,0.0,0.0,0.0,0.0,0.0,0.187,0.0,0.0,10.7875,0.0,0.0,4.586,24.0,133.0,1
0.39,0.0,0.98,0.0,0.0,0.19,10.0,0.0,0.0,0.0,0.0,0.58,0.19,0.0,0.0,0.78,0.0,0.39,5.09,0.0,0.58,0.0,0.0,0.0,0.0,0.0,0.0,0.0,0.0,0.0,0.0,0.0,0.0,0.0,0.0,0.0,0.0,0.0,0.0,0.0,0.0,0.19,0.0,0.0,0.39,0.0,0.19,0.0,0.0,0.239,0.0,0.444,0.0,0.0,1.626,8.0,122.0,0
0.27,0.0,0.16,0.0,0.27,0.0,0.0,0.05,0.0,0.21,0.1,0.93,0.1,0.0,0.0,0.38,0.1,0.0,2.85,0.0,1.2,0.0,0.21,0.16,0.0,0.0,0.0,0.0,0.0,0.0,0.0,0.0,0.05,0.0,0.0,0.0,0.1,0.0,0.0,0.0,0.0,0.0,0.0,0.0,0.0,0.0,0.0,0.0,0.068,0.029,0.0,0.019,10.13,0.009,3.389,56.0,539.0,1
0.61,0.0,0.0,0.0,1.22,0.61,0.61,0.0,0.61,0.0,0.0,1.22,0.0,0.0,0.0,1.22,0.0,0.0,5.52,0.0,0.61,0.0,0.61,0.0,0.0,0.0,10.0,0.0,0.0,0.0,0.0,0.0,0.0,0.0,0.0,0.0,0.0,0.0,0.0,0.61,0.0,0.0,0.0,0.0,0.0,0.0,0.0,0.0,0.0,0.184,0.0,0.829,0.0,0.0,4.45,34.0,89.0,1
0.09,0.0,0.09,0.0,0.0,0.09,0.0,0.09,0.87,0.0,0.0,0.29,0.0,0.0,0.0,0.0,0.0,0.0,0.38,0.0,0.19,0.0,0.0,0.0,0.58,0.68,10.0,0.0,0.0,0.0,0.0,0.0,0.29,0.0,0.0,0.0,0.0,0.0,0.0,0.0,0.0,0.0,0.0,0.0,0.0,0.0,0.0,0.0,0.173,0.173,0.053,0.0,0.026,0.0,3.704,48.0,726.0,0
0.0,0.0,0.26,0.0,0.26,0.0,0.0,0.0,0.0,0.0,0.26,1.06,0.0,0.26,0.26,0.8,0.0,0.26,1.33,0.0,0.0,0.0,0.0,0.0,0.0,0.0,10.0,0.0,0.0,0.0,0.0,0.0,0.0,0.0,0.0,0.0,0.0,0.0,0.0,0.0,0.0,0.0,0.0,0.0,0.0,0.0,0.0,0.0,0.0,0.299,0.0,0.471,0.0,0.0,2.088,15.0,188.0,1
0.0,0.0,0.0,0.0,0.0,0.0,0.0,0.0,0.0,0.0,0.0,0.0,0.0,0.0,0.0,0.0,0.0,0.0,2.03,0.0,0.0,0.0,0.0,0.0,2.53,2.53,10.0,0.0,0.0,0.0,0.0,0.0,1.01,0.0,0.0,0.0,0.5,0.0,0.5,0.0,0.0,0.0,0.5,3.04,0.5,0.0,0.0,0.0,0.094,0.0,0.094,0.094,0.0,0.0,1.26,12.0,63.0,0
0.0,0.0,0.0,0.15,0.46,0.0,0.0,0.15,0.0,0.0,0.0,0.92,0.0,0.15,0.0,0.0,0.46,0.0,0.0,0.0,0.0,0.0,0.0,0.0,10.0,0.3,0.0,0.0,0.3,0.92,0.0,0.0,0.0,0.0,0.0,0.3,0.15,0.0,0.0,0.0,0.0,0.0,0.0,0.0,0.15,0.0,0.0,0.0,0.0,0.085,0.0,0.0,0.0,0.0,1.535,6.0,238.0,0
0.0,0.34,0.69,0.0,0.34,0.0,10.0,0.0,0.0,0.51,0.17,0.0,0.17,0.0,0.17,0.17,0.0,0.86,0.17,0.17,0.86,0.0,0.0,0.0,0.0,0.0,0.0,0.0,0.0,0.0,0.0,0.0,0.0,0.0,0.0,0.0,0.0,0.0,0.0,0.17,0.0,0.0,0.0,0.0,0.0,0.0,0.0,0.0,0.0,0.0,0.0,0.665,0.083,0.083,6.294,132.0,963.0,1
0.1,0.2,1.01,0.0,0.8,0.8,0.5,0.0,0.8,0.1,0.3,0.7,0.3,0.0,1.61,0.1,0.0,1.11,1.31,0.2,0.7,0.0,0.6,0.1,0.0,0.0,0.0,0.0,0.0,0.0,0.0,0.0,0.0,0.0,0.0,0.0,0.0,0.0,0.0,0.0,0.0,0.0,0.2,0.0,0.1,0.1,0.0,0.0,0.0,0.11,0.0,0.488,10.13,0.015,8.55,669.0,1351.0,1
0.0,0.0,0.0,0.0,0.0,0.0,10.0,0.0,0.0,0.0,0.0,1.04,0.0,0.0,0.0,0.0,1.04,0.0,3.66,0.0,2.09,0.0,0.0,0.0,0.0,0.0,0.0,0.0,0.0,0.0,0.0,0.0,0.0,0.0,0.0,0.0,0.0,0.0,0.0,0.0,0.0,0.0,0.0,0.0,0.0,0.0,0.0,0.0,0.061,0.246,0.0,0.615,0.061,0.061,3.318,59.0,146.0,1
0.1,0.2,1.01,0.0,0.8,0.8,0.5,0.0,0.8,0.1,0.3,0.7,0.3,0.0,1.61,0.1,0.0,1.11,1.31,0.2,0.7,0.0,0.6,0.1,0.0,0.0,10.0,0.0,0.0,0.0,0.0,0.0,0.0,0.0,0.0,0.0,0.0,0.0,0.0,0.0,0.0,0.0,0.2,0.0,0.1,0.1,0.0,0.0,0.0,0.11,0.0,0.49,0.158,0.015,8.55,669.0,1351.0,1
0.35,0.1,0.55,0.0,2.15,0.15,0.0,0.0,0.1,0.75,0.35,0.85,0.25,0.0,0.0,0.15,0.3,0.0,5.0,0.0,1.75,0.0,0.05,0.8,0.0,0.0,0.0,0.0,0.0,0.0,0.0,0.0,0.0,0.0,0.0,0.0,0.0,0.0,0.0,0.0,0.0,10.0,0.0,0.0,0.2,0.0,0.0,0.0,0.008,0.035,0.0,0.149,0.131,0.008,3.629,127.0,617.0,1
0.0,0.0,0.0,0.0,0.0,0.0,10.0,0.0,0.0,0.0,0.0,0.0,0.0,0.0,0.0,0.0,0.0,0.0,0.0,0.0,0.0,0.0,0.0,0.0,0.0,0.0,0.0,0.0,0.0,0.0,0.0,0.0,0.0,0.0,0.0,0.0,0.0,0.0,0.0,0.0,0.0,0.0,0.0,0.0,0.0,0.0,0.0,0.0,0.0,0.0,0.0,0.0,0.0,0.0,1.0,1.0,4.0,0
0.27,0.27,0.55,0.0,0.27,0.27,0.0,1.39,0.27,0.83,0.27,0.55,0.0,0.0,0.0,0.0,1.39,0.55,1.67,1.95,3.07,0.0,0.0,0.0,0.0,0.0,0.0,0.0,0.0,0.0,0.0,0.0,0.0,0.0,0.0,0.0,0.0,0.0,0.0,0.27,0.0,0.0,0.0,0.0,0.0,0.0,0.0,0.0,0.0,0.279,0.0,2.001,10.13,0.0,3.706,63.0,341.0,1
0.0,0.0,0.0,0.0,0.0,0.0,0.0,0.0,0.0,0.0,0.0,1.11,0.0,0.0,0.0,0.0,0.0,0.0,0.0,0.0,0.0,0.0,0.0,0.0,10.0,1.66,0.0,1.11,0.0,0.0,0.0,0.0,0.0,0.0,1.11,0.0,0.55,0.0,0.0,0.0,0.0,0.0,0.0,0.55,0.0,0.0,0.0,0.0,0.0,0.0,0.0,0.0,0.0,0.0,2.018,12.0,107.0,0
0.0,0.0,0.0,0.0,0.68,0.0,0.0,0.0,0.0,0.0,0.0,0.34,0.0,0.0,0.0,0.0,0.0,0.0,0.34,0.0,2.04,0.0,0.0,0.0,10.0,0.0,0.0,0.0,0.0,0.0,0.0,0.0,0.0,0.0,0.0,0.0,0.0,0.0,0.0,0.0,0.0,0.0,0.34,0.0,0.0,0.0,0.0,0.0,0.0,0.051,0.0,0.0,0.0,0.0,1.062,4.0,137.0,0
0.0,0.81,0.61,0.0,0.0,1.02,0.0,0.2,0.4,0.61,0.0,2.25,0.0,0.0,0.0,0.0,0.61,0.0,2.86,0.0,1.02,0.0,0.0,0.2,0.0,0.0,0.2,0.0,0.0,10.0,0.0,0.0,0.0,0.0,0.0,0.0,0.0,0.0,0.0,0.0,0.0,0.0,0.0,0.0,0.0,0.0,0.0,0.0,0.0,0.095,0.0,0.158,0.063,0.0,2.0,31.0,156.0,1
0.0,0.0,0.0,0.0,0.0,0.0,0.0,0.0,0.0,0.0,0.0,0.0,0.0,0.0,0.0,0.0,0.0,0.0,0.0,0.0,0.0,0.0,0.0,0.0,0.0,0.0,10.0,0.0,0.0,0.0,0.0,0.0,0.0,0.0,0.0,0.0,0.0,0.0,0.0,0.0,0.0,0.0,0.0,0.0,0.0,0.0,0.0,0.0,0.0,0.0,0.0,0.0,0.0,0.0,1.0,1.0,3.0,0
0.33,0.0,0.0,10.0,0.0,0.33,0.0,0.0,0.0,0.0,0.0,1.01,0.67,0.0,0.0,0.0,0.67,0.0,3.05,0.0,2.03,0.0,0.0,0.0,0.0,0.0,0.0,0.0,0.0,0.0,0.0,0.0,0.0,0.0,0.0,0.0,0.0,0.0,0.0,0.0,0.0,0.0,0.0,0.0,0.0,0.0,0.0,0.0,0.0,0.0,0.0,0.0,0.0,0.0,1.682,21.0,69.0,1
0.0,0.0,1.01,0.0,0.0,1.01,0.0,0.0,0.0,1.01,0.0,0.0,0.0,0.0,0.0,0.0,0.0,0.0,1.01,0.0,0.0,0.0,0.0,0.0,0.0,0.0,0.0,0.0,0.0,0.0,0.0,0.0,0.0,0.0,0.0,0.0,0.0,0.0,1.01,0.0,0.0,0.0,0.0,0.0,1.01,10.0,0.0,0.0,0.0,0.0,0.0,0.475,0.0,0.0,1.576,15.0,41.0,0
0.12,0.0,0.12,0.0,0.12,0.12,0.0,0.0,1.08,0.0,0.0,0.36,0.0,0.0,0.0,10.25,0.0,0.0,0.48,0.0,0.24,0.0,0.0,0.0,0.6,0.72,0.12,0.0,0.0,0.0,0.0,0.0,0.36,0.0,0.0,0.0,0.12,0.0,0.0,0.0,0.0,0.0,0.0,0.0,0.0,0.0,0.0,0.0,0.117,0.151,0.033,0.0,0.033,0.0,4.134,78.0,645.0,0
0.0,0.52,0.52,0.0,0.52,0.0,0.0,0.0,0.0,0.0,0.0,0.0,0.0,0.0,0.0,0.52,0.0,0.0,1.56,0.0,0.0,0.0,0.0,0.0,0.0,0.0,10.0,0.0,0.0,0.0,0.0,0.0,0.0,0.0,0.0,0.0,0.0,0.0,0.0,0.0,0.0,0.0,0.0,0.0,0.0,0.0,0.0,0.0,0.0,0.192,0.0,0.867,0.0,0.0,2.22,20.0,131.0,1
0.0,0.0,0.0,0.0,0.0,0.0,0.0,3.57,0.0,0.0,0.0,0.0,0.0,0.0,0.0,0.0,0.0,0.0,7.14,0.0,0.0,0.0,0.0,0.0,0.0,0.0,0.0,0.0,0.0,0.0,0.0,0.0,0.0,0.0,0.0,0.0,0.0,0.0,0.0,0.0,0.0,0.0,0.0,0.0,0.0,0.0,0.0,0.0,0.0,0.0,0.0,10.7875,0.0,0.518,2.111,15.0,38.0,1
0.0,0.0,0.0,0.0,1.28,0.0,0.0,0.0,0.0,2.56,0.0,0.64,0.0,0.0,0.0,0.0,0.0,0.0,1.92,0.0,0.64,0.0,0.0,0.0,0.64,0.64,0.0,0.0,0.0,1.92,0.0,0.0,0.0,0.0,0.0,0.0,0.64,0.0,0.0,0.0,0.0,0.0,0.0,0.0,0.0,0.0,0.0,0.0,0.0,0.0,0.0,0.0,0.0,0.0,16.883,8.0,63.0,0
0.0,0.0,0.0,0.0,0.0,0.0,0.0,0.0,0.0,0.0,0.0,0.0,0.0,0.0,0.0,0.0,0.0,0.0,0.0,0.0,0.0,0.0,0.0,0.0,0.0,0.0,10.0,0.0,0.0,0.0,0.0,0.0,0.0,0.0,0.0,0.0,0.0,0.0,0.0,0.0,0.0,0.0,0.0,0.0,0.0,0.0,0.0,0.0,0.0,0.0,0.0,0.0,0.0,0.0,1.166,2.0,7.0,0
0.0,0.0,0.0,0.0,0.0,0.0,0.0,0.0,0.0,0.0,0.0,0.0,0.0,0.0,0.0,0.0,0.0,0.0,0.0,0.0,0.0,0.0,0.0,0.0,0.0,0.0,10.0,0.0,0.0,0.0,0.0,0.0,0.0,0.0,0.0,0.0,0.0,0.0,0.0,0.0,0.0,0.0,0.0,0.0,0.0,0.0,0.0,0.0,0.0,0.0,0.0,0.0,0.0,0.0,1.0,1.0,3.0,0
0.0,0.0,0.0,0.0,2.22,0.0,0.0,0.0,0.0,0.0,0.0,0.0,0.0,0.0,0.0,0.0,0.0,0.0,0.74,0.0,0.0,0.0,0.0,0.0,0.0,0.0,10.0,0.0,0.0,0.0,0.0,0.0,0.0,0.0,0.0,0.74,0.0,0.0,0.0,0.0,0.0,0.0,0.0,0.0,0.0,0.0,0.0,0.74,0.0,0.09,0.0,0.0,0.0,0.0,1.357,6.0,38.0,0
0.58,0.0,0.19,0.0,1.75,0.39,0.58,0.0,0.0,0.19,0.39,0.78,0.39,0.0,0.0,0.58,0.58,0.58,4.29,0.0,0.39,0.0,0.78,0.0,0.0,0.0,10.0,0.0,0.0,0.0,0.0,0.0,0.0,0.0,0.0,0.0,0.0,0.0,0.0,0.0,0.0,0.0,0.0,0.0,0.39,0.0,0.0,0.0,0.0,0.271,0.0,0.067,0.135,0.0,3.015,21.0,190.0,1
0.0,0.0,0.72,0.0,2.91,0.0,0.72,0.0,0.0,0.0,0.0,0.0,0.0,0.0,0.0,1.45,0.0,0.0,0.0,0.0,0.0,0.0,0.0,0.0,0.0,0.0,10.0,0.0,0.0,0.0,0.0,0.0,0.0,0.0,0.0,0.0,0.0,0.0,0.72,0.0,0.0,0.0,0.0,0.0,0.0,0.0,0.0,0.0,0.0,0.373,0.0,0.124,0.124,0.0,1.781,12.0,114.0,1
0.0,0.0,0.0,0.0,0.0,0.0,0.0,0.0,0.0,0.0,0.0,0.0,0.0,0.0,0.0,0.0,0.0,0.0,0.0,0.0,0.0,0.0,0.0,0.0,0.0,0.0,0.0,0.0,0.0,0.0,10.0,0.0,0.0,0.0,0.0,0.0,0.0,0.0,0.0,0.0,0.0,0.0,0.0,0.0,5.55,0.0,0.0,0.0,0.0,0.0,0.0,0.0,0.0,0.0,1.714,6.0,12.0,0
0.0,0.0,0.78,0.0,0.0,0.0,0.0,0.0,0.0,0.0,0.0,0.0,0.78,0.0,0.0,0.0,0.0,0.0,0.0,0.0,0.78,0.0,0.0,0.0,0.0,0.0,0.78,0.0,0.0,0.0,0.0,0.0,0.0,0.0,0.0,0.0,0.0,0.0,0.0,0.0,10.0,0.0,0.0,0.0,0.78,0.0,0.0,0.0,0.0,0.401,0.0,0.133,0.0,0.0,1.565,4.0,36.0,0
0.0,0.16,0.49,0.0,0.0,0.16,0.0,0.0,0.0,0.49,0.0,0.16,0.32,0.0,0.0,0.0,10.0,0.0,1.3,0.0,0.32,0.0,0.0,0.0,0.0,0.0,0.0,0.0,0.0,0.0,0.0,0.0,0.0,0.0,0.0,0.0,0.16,0.0,0.0,0.0,0.0,0.0,0.0,0.0,0.16,0.16,0.0,0.0,0.0,0.119,0.0,0.149,0.0,0.0,2.178,107.0,244.0,0
0.21,0.0,0.21,0.21,0.63,0.0,0.0,0.0,0.0,0.0,0.42,0.0,0.21,0.0,0.0,0.84,0.0,0.42,1.9,0.0,0.0,0.0,0.21,0.0,0.0,0.0,10.0,0.0,0.0,0.0,0.0,0.0,0.0,0.0,0.0,0.0,0.21,0.0,0.0,0.0,0.0,0.0,0.0,0.0,0.0,0.0,0.0,0.0,0.0,0.031,0.0,0.374,0.062,0.0,2.892,71.0,405.0,0
0.0,0.0,0.66,0.0,0.0,0.0,0.0,0.0,0.0,0.33,0.0,0.0,0.0,0.0,0.0,0.0,0.0,0.0,1.98,0.0,0.66,0.0,0.0,0.0,0.99,0.66,0.66,0.99,0.33,0.33,0.33,0.33,0.0,0.33,0.33,0.66,0.33,0.0,0.0,0.33,0.0,0.0,0.33,0.0,0.33,0.0,0.0,0.0,0.0,0.282,0.0,0.0,10.13,0.0,2.238,13.0,188.0,0
0.17,0.0,0.17,0.0,1.45,0.34,0.05,0.05,0.05,0.05,0.05,0.52,0.29,0.05,0.0,0.0,0.69,0.05,4.25,0.23,1.04,0.0,0.75,0.05,0.0,0.0,0.0,0.0,10.0,0.0,0.0,0.0,0.0,0.0,0.0,0.0,0.0,0.0,0.0,0.0,0.0,0.0,0.0,0.0,0.0,0.0,0.0,0.0,0.01,0.05,0.0,0.01,0.162,0.0,1.794,12.0,454.0,1
0.0,3.36,1.92,0.0,0.0,0.0,0.0,0.0,0.0,4.32,0.0,1.44,0.0,0.0,0.0,0.0,0.0,0.0,0.48,0.0,0.0,0.0,0.0,0.0,0.0,0.0,0.0,0.0,0.0,0.0,10.0,0.0,0.0,0.0,0.0,0.0,0.0,0.0,0.0,0.0,0.0,0.0,0.0,0.0,0.0,0.0,0.0,0.0,0.0,0.695,0.0,0.347,0.0,0.0,6.137,107.0,178.0,0
0.1,0.2,1.01,0.0,0.8,0.8,0.5,0.0,0.8,0.1,0.3,0.7,0.3,0.0,1.61,0.1,0.0,1.11,1.31,0.2,0.7,0.0,0.6,0.1,0.0,0.0,10.0,0.0,0.0,0.0,0.0,0.0,0.0,0.0,0.0,0.0,0.0,0.0,0.0,0.0,0.0,0.0,0.2,0.0,0.1,0.1,0.0,0.0,0.0,0.11,0.0,0.49,0.158,0.015,8.55,669.0,1351.0,1
0.0,0.0,0.0,0.0,0.26,0.26,0.0,0.0,0.0,0.26,0.0,0.26,0.0,0.0,0.0,0.26,0.0,0.0,2.08,0.0,2.6,0.0,0.0,0.0,0.26,0.0,10.0,0.0,0.0,0.0,0.26,0.0,0.0,0.0,0.0,0.0,0.0,0.0,0.0,0.0,0.0,0.0,0.26,0.0,0.26,0.0,0.0,0.0,0.037,0.0,0.0,0.0,0.0,0.0,2.545,18.0,168.0,0
0.0,0.26,0.78,0.0,0.26,0.26,0.08,1.04,0.52,1.56,0.26,0.69,0.17,0.08,0.69,0.86,0.34,0.0,1.82,0.17,1.3,0.0,0.08,0.34,0.0,0.0,10.0,0.0,0.0,0.0,0.0,0.0,0.08,0.0,0.0,0.08,0.0,0.0,0.0,0.0,0.0,0.0,0.0,0.0,0.08,0.08,0.0,0.0,0.096,0.234,0.0,0.358,0.261,0.11,3.554,54.0,981.0,1
0.0,0.0,0.0,0.0,0.0,0.0,0.0,0.0,0.0,0.0,0.0,4.54,0.0,0.0,0.0,0.0,0.0,0.0,0.0,0.0,0.0,0.0,0.0,0.0,0.0,0.0,0.0,0.0,10.0,0.0,0.0,0.0,0.0,0.0,0.0,0.0,0.0,0.0,0.0,0.0,0.0,0.0,0.0,0.0,0.0,0.0,0.0,0.0,0.0,0.0,0.0,0.0,0.0,0.0,2.0,5.0,16.0,0
0.13,0.06,0.0,0.0,0.13,0.13,0.0,0.0,0.13,0.27,0.06,0.41,0.06,0.0,0.0,0.27,0.06,0.0,1.04,0.13,0.83,0.0,0.0,0.06,1.46,0.48,0.0,0.13,0.0,0.06,0.27,0.0,0.0,0.0,0.13,0.0,0.2,0.0,0.0,0.0,0.0,0.0,0.0,0.0,0.06,0.0,0.0,0.48,0.0,0.194,0.0,10.7875,0.048,0.009,1.793,23.0,888.0,0
0.24,0.0,0.12,0.0,0.0,0.0,0.0,0.36,0.0,0.12,0.0,1.09,0.12,0.0,0.0,0.0,0.6,0.0,0.0,0.0,0.0,0.0,0.12,0.12,10.0,0.0,0.0,0.0,0.0,0.0,0.0,0.0,0.0,0.0,0.0,0.12,0.12,0.0,0.0,0.0,0.0,0.0,0.0,0.0,0.0,0.0,0.0,0.0,0.016,0.05,0.0,0.0,0.016,0.0,2.309,25.0,425.0,0
0.23,0.29,0.64,0.0,0.17,0.17,0.11,0.05,0.05,0.47,0.11,1.17,0.47,0.05,0.17,0.05,0.11,0.29,3.93,0.0,2.05,0.0,0.47,0.29,0.0,0.0,10.0,0.0,0.0,0.0,0.0,0.0,0.0,0.0,0.0,0.0,0.0,0.0,0.0,0.0,0.0,0.0,0.0,0.0,0.0,0.0,0.0,0.0,0.0,0.133,0.0,0.492,0.338,0.092,6.033,87.0,1460.0,1
0.14,0.0,0.14,0.0,0.0,0.56,0.0,0.0,0.0,0.0,0.0,0.14,0.0,0.0,0.0,0.0,0.0,0.28,2.41,10.0,0.14,0.0,0.0,0.0,0.0,0.0,0.0,0.0,0.0,0.0,0.0,0.0,0.0,0.0,0.0,0.0,0.0,0.0,0.0,0.0,0.42,0.0,0.0,0.0,0.7,0.14,0.0,0.0,0.0,0.053,0.0,0.0,0.0,0.0,1.136,5.0,108.0,0
0.76,0.19,0.38,0.0,0.19,0.12,0.0,0.25,0.76,0.31,0.25,1.52,0.31,0.38,0.0,0.38,0.44,0.06,2.98,0.69,1.26,0.0,0.44,0.76,10.0,0.0,0.0,0.0,0.0,0.0,0.0,0.0,0.0,0.0,0.0,0.0,0.0,0.0,0.0,0.12,0.0,0.0,0.06,0.0,0.0,0.0,0.0,0.0,0.0,0.087,0.054,0.439,0.241,0.065,3.702,45.0,1070.0,1
0.0,0.0,0.0,0.0,0.0,0.0,0.0,0.0,0.0,0.0,0.0,0.0,0.0,0.0,0.0,0.0,0.0,0.0,0.0,0.0,0.0,0.0,0.0,0.0,0.0,0.0,0.0,0.0,0.0,0.0,0.0,0.0,0.0,10.0,0.0,0.0,0.0,0.0,0.0,0.0,0.0,0.0,0.0,0.0,0.0,0.0,0.0,0.0,0.0,0.0,0.0,0.0,0.0,0.0,1.222,2.0,11.0,0
0.0,0.0,0.0,0.0,0.0,0.0,0.0,0.0,0.0,0.0,0.0,0.0,0.0,0.0,0.0,0.0,0.0,0.0,0.0,0.0,0.0,10.0,0.0,0.0,2.12,6.38,0.0,0.0,0.0,0.0,0.0,0.0,0.0,0.0,0.0,0.0,2.12,0.0,0.0,0.0,0.0,0.0,0.0,0.0,0.0,0.0,0.0,0.0,0.0,0.0,0.0,0.0,0.0,0.0,1.666,6.0,30.0,0
0.0,0.0,0.0,0.0,0.0,0.0,0.0,0.0,0.0,0.0,0.0,1.88,0.0,0.0,0.0,0.0,0.0,0.0,1.88,0.0,0.0,0.0,0.0,0.0,0.0,0.0,10.0,0.0,0.0,0.0,0.0,0.0,0.0,0.0,0.0,0.0,0.0,0.0,0.0,0.0,0.0,0.0,0.0,0.0,0.0,0.0,0.0,0.0,0.0,0.33,0.0,0.33,0.0,0.0,1.769,4.0,23.0,0
0.0,0.0,0.0,0.0,0.0,0.0,0.0,0.0,0.0,0.0,0.0,0.0,0.0,0.0,0.0,0.0,0.0,0.0,0.0,0.0,0.0,0.0,0.0,0.0,0.0,0.0,10.0,0.0,0.0,0.0,0.0,0.0,0.0,0.0,0.0,0.0,0.0,0.0,0.0,0.0,0.0,0.0,0.0,0.0,0.0,0.0,0.0,0.0,0.0,0.0,0.0,0.0,0.0,0.0,2.0,3.0,8.0,0
1.39,0.0,2.09,0.0,0.0,0.0,0.0,0.0,0.0,0.0,0.0,6.29,0.0,0.0,0.0,0.69,0.0,0.0,4.19,0.69,0.69,0.0,0.0,0.0,0.0,0.0,10.0,0.0,0.0,0.0,0.0,0.0,0.0,0.0,0.0,0.0,0.0,0.0,0.69,0.0,0.0,0.0,0.0,0.0,0.0,0.0,0.0,0.0,0.0,0.0,0.0,0.254,0.0,0.0,2.0,13.0,64.0,0
0.0,0.0,0.44,0.0,1.34,0.0,0.44,0.0,0.0,0.0,0.0,0.0,0.0,0.0,0.0,0.44,0.89,0.0,2.24,0.0,1.34,0.0,0.44,0.44,0.0,0.0,0.0,0.0,0.0,0.0,0.0,0.0,0.0,0.0,0.0,0.0,0.0,0.0,0.0,0.0,0.0,0.0,0.0,0.0,1.34,0.0,0.0,0.0,0.0,0.068,0.0,0.482,10.13,0.0,6.77,78.0,325.0,1
0.0,1.36,0.0,0.0,0.45,0.0,0.0,0.0,0.0,0.0,0.0,0.0,0.0,0.0,0.0,0.0,0.0,0.0,1.36,0.0,0.0,0.0,0.0,0.0,4.54,0.0,0.0,0.0,0.0,0.0,0.0,0.0,0.0,0.0,0.45,0.0,0.9,0.0,0.45,0.0,0.0,10.0,0.45,0.0,0.0,1.36,0.0,0.0,0.069,0.069,0.0,0.0,0.0,0.0,2.186,15.0,164.0,0
0.0,0.0,0.0,0.0,0.35,0.35,10.0,0.0,0.0,0.0,0.0,0.0,0.0,0.0,0.0,0.0,0.0,0.0,1.79,0.0,0.71,0.0,0.0,0.0,0.35,0.0,0.0,0.0,0.0,0.0,0.0,0.0,0.0,0.0,0.0,0.0,0.0,0.0,0.0,0.0,0.0,0.0,0.0,0.0,0.0,0.35,0.0,0.0,0.0,0.064,0.0,0.0,0.0,0.0,1.27,8.0,61.0,0
0.0,0.0,0.0,0.0,0.0,0.0,0.0,0.0,0.0,0.0,0.0,0.0,0.0,0.0,0.0,0.0,0.0,0.0,0.0,0.0,3.84,0.0,0.0,0.0,0.0,0.0,0.0,0.0,0.0,0.0,0.0,0.0,0.0,0.0,0.0,0.0,0.0,0.0,0.0,0.0,0.0,0.0,0.0,0.0,0.0,0.0,0.0,0.0,0.0,0.0,0.0,0.0,10.13,0.0,3.875,11.0,31.0,1
0.4,0.34,0.27,0.0,0.13,0.4,0.06,0.2,0.0,1.36,0.27,0.68,0.95,0.0,0.2,0.0,0.0,0.0,3.68,0.0,0.81,0.0,0.13,0.27,0.0,0.0,10.0,0.0,0.0,0.0,0.0,0.0,0.0,0.0,0.0,0.0,0.0,0.0,0.0,0.0,0.0,0.0,0.0,0.0,0.0,0.0,0.0,0.0,0.013,0.052,0.0,0.474,0.197,0.065,3.286,53.0,608.0,1
0.3,0.0,1.23,0.0,1.54,0.92,0.61,0.92,0.3,0.3,0.0,0.3,0.0,0.0,0.0,0.0,0.3,0.0,2.47,0.92,0.92,0.0,1.23,0.0,0.0,0.0,10.0,0.0,0.0,0.0,0.0,0.0,0.0,0.0,0.0,0.0,0.0,0.0,0.0,0.0,0.0,0.0,0.0,0.0,0.3,0.0,0.0,0.0,0.0,0.045,0.0,0.728,0.182,0.0,4.339,60.0,243.0,1
0.0,0.0,0.0,0.0,0.0,0.0,0.0,0.0,0.0,0.0,0.0,1.81,0.0,0.0,0.0,0.0,0.0,0.0,1.81,0.0,0.0,0.0,0.0,0.0,0.0,0.0,0.0,0.0,0.0,0.0,0.0,0.0,0.0,0.0,0.0,0.0,0.0,0.0,0.0,0.0,0.0,10.0,0.0,0.0,0.0,0.0,0.0,0.0,0.0,0.159,0.0,0.0,0.159,0.0,1.515,5.0,50.0,0
0.0,0.0,0.0,0.0,0.0,0.0,10.0,0.0,0.0,2.5,0.0,0.0,0.0,0.0,0.0,0.0,0.0,0.0,2.5,0.0,2.5,0.0,0.0,0.0,0.0,0.0,0.0,0.0,0.0,0.0,0.0,0.0,0.0,0.0,0.0,0.0,0.0,0.0,0.0,0.0,0.0,0.0,0.0,0.0,0.0,0.0,0.0,0.0,0.0,0.0,0.0,0.0,0.0,0.0,1.416,3.0,17.0,0
0.15,0.15,0.3,0.0,0.75,0.0,0.0,0.0,0.0,0.0,0.0,0.15,0.15,0.0,0.0,0.0,0.0,0.75,1.51,0.0,0.45,0.0,0.0,0.3,0.0,0.0,10.0,0.0,0.0,0.0,0.0,0.0,0.0,0.0,0.0,0.0,0.0,0.0,0.0,0.0,0.0,0.0,0.0,0.0,0.0,0.0,0.0,0.0,0.058,0.145,0.0,0.087,0.0,0.0,1.54,18.0,208.0,1
0.52,0.0,1.05,0.0,0.0,1.05,0.0,0.0,0.0,0.52,0.0,0.52,1.05,0.0,0.0,1.05,0.52,0.0,3.15,0.0,0.52,0.0,1.05,0.52,0.0,0.0,10.0,0.0,0.0,0.0,0.0,0.0,0.0,0.0,0.0,0.0,0.0,0.0,0.0,0.0,0.0,0.0,0.0,0.0,0.0,0.0,0.0,0.0,0.0,0.0,0.0,2.295,0.698,0.0,2.016,14.0,125.0,1
0.0,0.0,0.0,0.0,0.0,0.0,0.0,0.0,0.0,0.0,0.0,0.0,0.0,0.0,0.0,0.0,0.0,0.0,10.63,0.0,2.12,0.0,10.0,0.0,0.0,0.0,0.0,0.0,0.0,0.0,0.0,0.0,0.0,0.0,0.0,0.0,0.0,0.0,0.0,0.0,0.0,0.0,0.0,0.0,2.12,2.12,0.0,0.0,0.374,0.0,0.0,0.0,0.0,0.0,1.0,1.0,7.0,0
0.0,0.0,0.0,0.0,0.0,0.0,0.0,0.0,0.0,0.0,0.0,0.0,0.0,0.0,0.0,3.12,0.0,0.0,0.0,0.0,0.0,0.0,0.0,0.0,0.0,0.0,10.0,0.0,0.0,0.0,0.0,0.0,0.0,0.0,0.0,0.0,0.0,0.0,0.0,0.0,0.0,0.0,0.0,0.0,0.0,0.0,0.0,0.0,0.0,0.462,0.0,0.462,0.0,0.0,3.125,6.0,25.0,1
0.0,0.17,0.0,0.0,0.0,0.0,0.17,0.52,0.0,0.17,0.35,0.52,0.0,0.0,0.0,0.0,0.17,0.7,0.87,0.0,0.7,1.92,0.35,0.0,0.0,0.0,0.0,0.0,0.0,0.0,0.0,0.0,0.0,0.0,0.0,0.0,0.0,0.0,0.0,0.0,0.0,10.0,0.0,0.0,0.0,0.0,0.0,0.0,0.029,0.147,0.029,0.117,0.058,0.235,3.521,39.0,419.0,1
0.0,0.0,0.0,0.0,0.0,0.0,0.0,0.0,0.0,0.0,0.0,0.35,0.0,0.0,0.0,0.0,0.0,0.0,0.35,0.0,1.06,0.0,0.0,0.0,1.41,1.06,10.0,0.35,0.35,0.7,0.35,0.35,0.35,0.35,0.35,0.35,0.35,0.0,0.0,0.35,0.0,0.0,0.35,0.0,0.7,0.0,0.0,0.0,0.0,0.222,0.055,0.0,0.0,0.0,1.506,12.0,119.0,0
0.0,0.0,0.0,0.0,0.0,0.0,0.0,0.0,0.0,0.0,0.0,0.0,0.0,0.0,0.0,0.0,0.0,0.0,0.0,0.0,0.0,0.0,0.0,0.0,0.0,0.0,10.0,0.0,0.0,0.0,0.0,0.0,0.0,0.0,0.0,0.0,0.0,0.0,0.0,0.0,0.0,0.0,0.0,0.0,5.0,0.0,0.0,0.0,0.0,0.0,0.0,0.925,0.0,0.0,1.3,4.0,13.0,0
0.0,0.0,1.43,0.0,0.71,0.0,0.0,0.71,0.0,0.71,0.0,0.0,0.0,0.0,0.0,0.0,2.87,2.87,1.43,0.0,3.59,10.0,0.0,0.0,0.0,0.0,0.0,0.0,0.0,0.0,0.0,0.0,0.0,0.0,0.0,0.0,0.0,0.0,0.0,0.0,0.0,0.0,0.0,0.0,0.0,0.0,0.0,0.0,0.0,0.0,0.0,0.937,0.0,0.0,11.888,116.0,214.0,1
0.53,0.0,1.06,0.0,0.53,0.0,1.06,0.0,0.0,0.0,0.0,0.53,0.0,0.0,0.0,1.06,0.53,0.0,4.25,0.0,1.06,0.0,1.59,0.0,0.0,0.0,0.0,0.0,0.0,0.0,0.0,0.0,0.0,0.0,0.0,0.0,0.0,0.0,0.0,0.0,0.0,0.0,0.0,0.0,0.53,10.0,0.0,0.0,0.0,0.0,0.0,1.208,0.259,0.0,5.558,76.0,189.0,1
0.0,0.0,0.0,0.0,1.11,0.0,0.0,0.0,0.0,0.0,0.0,0.0,0.0,0.0,0.0,0.0,0.0,0.0,2.22,0.0,3.33,0.0,0.0,0.0,10.0,0.0,0.0,0.0,0.0,0.0,0.0,0.0,0.0,0.0,0.0,0.0,0.0,0.0,0.0,0.0,0.0,0.0,0.0,0.0,0.0,0.0,0.0,0.0,0.0,0.0,0.0,0.784,0.0,0.0,5.687,39.0,91.0,1
0.08,0.0,0.08,0.0,0.0,0.0,0.0,0.0,0.77,0.0,0.0,0.25,0.0,0.0,0.0,0.0,0.0,0.08,0.34,0.0,0.25,0.0,0.0,0.0,0.77,0.86,10.0,0.0,0.0,0.0,0.0,0.0,0.25,0.0,0.0,0.0,0.43,0.0,0.0,0.17,0.0,0.0,0.0,0.0,0.0,0.0,0.0,0.0,0.098,0.16,0.037,0.0,0.024,0.0,2.634,36.0,598.0,0
0.37,0.17,0.3,0.06,0.23,0.17,0.03,0.95,0.37,0.37,0.1,0.64,0.61,0.34,0.2,0.51,0.34,0.34,2.75,0.13,1.36,0.0,0.27,0.71,0.0,0.0,0.0,0.0,0.0,0.0,0.0,0.0,0.0,0.0,0.0,0.0,0.0,0.0,0.0,0.03,0.0,0.0,0.0,0.0,0.03,0.0,0.0,0.0,0.011,0.041,0.071,0.379,0.136,0.0,3.341,181.0,622.5,1
0.0,0.34,0.0,0.0,0.68,0.0,0.68,0.0,0.0,0.34,0.34,0.0,0.0,0.0,0.0,0.34,0.0,10.0,3.42,0.0,2.73,0.0,0.0,0.0,0.34,0.34,0.0,0.0,0.0,0.0,0.0,0.0,0.34,0.0,0.0,0.0,0.0,0.0,0.0,0.0,0.0,0.0,0.0,0.0,0.0,0.0,0.0,0.0,0.0,0.0,0.0,0.048,0.048,0.0,1.411,15.0,96.0,1
0.0,0.0,1.14,0.0,0.0,0.0,10.0,0.0,0.0,0.0,0.0,0.0,0.0,0.0,0.0,0.0,0.0,0.0,2.29,0.0,2.29,0.0,0.0,0.0,0.0,0.0,0.0,0.0,0.0,0.0,0.0,0.0,0.0,0.0,0.0,0.0,0.0,0.0,0.0,0.0,0.0,0.0,0.0,0.0,0.0,0.0,0.0,0.0,0.0,0.197,0.0,0.0,0.0,0.0,1.227,6.0,27.0,1
0.0,0.0,0.0,0.0,0.0,0.0,0.0,0.0,0.66,0.0,0.66,0.0,0.0,0.0,0.0,1.98,0.0,1.98,1.98,0.0,0.66,0.0,0.0,0.0,0.0,0.0,0.0,0.0,0.0,0.0,0.0,0.0,0.0,0.0,0.0,0.0,0.0,0.0,0.0,0.0,0.0,0.0,0.0,0.0,0.0,10.0,0.0,0.0,0.0,0.0,0.0,0.44,0.0,0.0,1.382,5.0,47.0,0
0.0,0.0,1.58,0.0,1.05,0.0,0.0,0.0,0.0,0.0,0.0,0.0,0.0,0.0,0.0,0.0,0.0,0.0,0.0,0.0,0.0,0.0,10.0,0.0,1.05,0.0,0.0,0.0,0.0,2.11,0.0,0.0,0.0,0.0,1.58,0.0,0.52,0.0,0.0,0.0,0.0,0.0,0.0,0.0,0.0,0.0,0.0,0.0,0.0,0.209,0.0,0.0,0.0,0.0,1.78,7.0,73.0,0
0.0,6.34,0.0,0.0,0.0,0.0,0.0,0.0,0.0,0.0,0.0,0.0,0.0,0.0,10.0,0.0,0.0,0.0,1.58,0.0,0.0,0.0,0.0,0.0,1.58,1.58,1.58,1.58,1.58,1.58,1.58,3.17,0.0,3.17,1.58,1.58,0.0,0.0,0.0,1.58,0.0,0.0,0.0,0.0,0.0,0.0,0.0,0.0,0.0,0.431,0.0,0.0,0.0,0.215,3.461,12.0,90.0,0
0.0,0.0,0.53,0.0,0.53,0.0,10.0,0.0,0.0,0.53,0.0,0.0,0.0,0.0,0.0,0.0,0.53,0.0,5.85,0.0,3.19,0.0,0.0,0.0,0.0,0.0,0.0,0.0,0.0,0.0,0.0,0.0,0.0,0.0,0.0,0.0,0.0,0.0,0.0,0.0,0.0,0.0,0.0,0.0,0.0,0.0,0.0,0.0,0.0,0.09,0.0,0.361,0.0,0.0,2.437,19.0,78.0,1
0.0,0.0,0.1,0.0,0.0,0.0,0.0,0.1,0.0,0.0,0.2,0.41,0.1,0.0,0.0,0.1,0.1,0.0,0.1,0.0,0.0,0.0,0.1,0.0,10.0,0.0,0.0,0.0,0.0,0.0,0.0,0.0,0.0,0.0,0.0,0.52,0.31,0.0,0.0,0.1,0.0,0.0,0.0,0.0,0.0,0.0,0.0,0.1,0.074,0.134,0.0,0.0,0.059,0.0,2.529,26.0,597.0,0
0.0,0.0,0.0,0.0,0.0,0.0,10.0,0.0,0.0,0.0,0.0,1.75,0.0,0.0,0.0,0.0,0.0,0.0,2.63,0.0,3.5,0.0,0.0,0.0,0.0,0.0,0.0,0.0,0.0,0.0,0.0,0.0,0.0,0.0,0.0,0.0,0.0,0.0,0.0,0.0,0.0,0.0,0.0,0.0,0.0,0.0,0.0,0.0,0.0,0.0,0.0,0.0,0.0,0.0,1.235,5.0,21.0,0
0.0,0.0,0.0,0.0,0.0,0.0,0.0,0.0,5.26,0.0,0.0,0.0,0.0,0.0,0.0,0.0,2.63,0.0,2.63,0.0,5.26,0.0,0.0,0.0,0.0,0.0,10.0,0.0,0.0,0.0,0.0,0.0,0.0,0.0,0.0,0.0,0.0,0.0,0.0,0.0,0.0,0.0,0.0,0.0,0.0,0.0,0.0,0.0,0.0,0.0,0.0,0.0,0.0,0.0,2.058,11.0,35.0,0
0.0,14.28,0.0,0.0,0.0,0.0,0.0,0.0,0.0,0.0,0.0,0.0,0.0,0.0,0.0,10.25,0.0,0.0,0.0,0.0,0.0,0.0,0.0,0.0,0.0,0.0,0.0,0.0,0.0,0.0,0.0,0.0,0.0,0.0,0.0,0.0,0.0,0.0,0.0,0.0,0.0,0.0,0.0,0.0,0.0,0.0,0.0,0.0,0.0,0.0,0.0,0.0,0.0,0.0,1.8,5.0,9.0,0
0.0,0.0,0.0,0.0,0.0,0.0,0.0,0.0,0.0,0.0,0.0,0.0,0.0,1.56,0.0,0.0,0.0,0.0,1.56,10.0,1.56,0.0,0.0,0.0,0.0,0.0,0.0,0.0,0.0,0.0,0.0,0.0,0.0,0.0,0.0,0.0,0.0,1.56,0.0,0.0,0.0,0.0,0.0,0.0,0.0,0.0,0.0,0.0,0.0,0.0,0.0,0.754,0.188,0.0,5.551,119.0,161.0,1
0.0,0.0,0.64,0.0,0.0,0.64,0.0,0.0,0.0,0.0,0.0,0.0,0.0,0.0,0.0,0.64,0.0,0.0,2.59,0.0,0.0,0.0,0.64,0.0,0.0,0.0,0.0,0.0,0.0,10.0,0.0,0.0,0.0,0.0,0.0,0.0,0.64,0.0,0.0,0.0,0.0,0.0,0.0,0.0,0.0,0.0,0.0,0.0,0.094,0.189,0.284,0.662,0.0,0.0,10.068,131.0,292.0,1
0.0,0.0,0.0,0.0,0.0,0.0,0.0,0.0,0.0,0.0,0.0,1.4,0.0,0.0,0.0,0.0,0.7,0.0,1.4,0.0,1.4,0.0,0.0,0.0,0.0,0.0,10.0,0.0,0.0,0.0,0.7,0.0,0.0,0.0,0.0,0.0,0.0,0.0,0.0,2.11,0.0,0.0,0.0,0.0,0.0,0.0,0.0,0.0,0.0,0.266,0.066,0.0,0.0,0.0,18.0,200.0,378.0,0
0.0,0.35,0.35,0.0,0.17,0.0,0.0,0.0,0.17,0.35,0.0,1.23,0.0,0.88,0.0,0.0,0.17,0.0,1.41,0.0,0.7,0.0,0.0,0.0,0.17,0.0,0.0,0.0,0.0,0.0,0.0,0.0,0.0,0.0,0.0,0.0,0.0,0.0,0.0,0.0,0.0,0.7,0.0,0.0,0.17,0.0,10.0,0.0,0.0,0.038,0.0,0.019,0.0,0.095,2.059,28.0,447.0,0
0.0,0.39,1.18,0.0,0.39,0.0,0.0,0.0,0.0,0.78,0.78,0.78,0.0,10.0,0.39,3.54,0.0,0.0,1.18,0.0,1.18,0.0,0.0,0.0,0.0,0.0,0.0,0.0,0.0,0.0,0.0,0.0,0.0,0.0,0.0,0.0,0.0,0.0,0.0,0.0,0.0,0.0,0.0,0.0,0.39,0.0,0.0,0.0,0.0,0.064,0.0,0.843,0.129,0.064,5.87,42.0,364.0,1
0.0,0.0,0.0,0.0,0.0,0.23,0.0,0.0,0.0,0.0,0.0,0.46,0.0,0.0,0.0,0.46,0.46,0.23,3.0,0.0,0.69,0.0,0.0,0.0,0.0,0.0,10.0,0.0,0.0,0.0,0.0,0.0,0.23,0.0,0.0,0.0,0.0,0.0,0.0,0.0,0.0,0.0,0.0,0.0,0.0,0.0,0.0,0.0,0.077,0.038,0.0,0.0,0.0,0.038,2.6,42.0,182.0,1
0.0,0.0,0.0,0.0,0.0,0.0,10.0,0.0,0.0,0.0,0.0,0.0,0.0,0.0,0.0,0.0,0.0,0.0,0.0,0.0,0.0,0.0,0.0,0.0,0.0,0.0,0.0,0.0,0.0,0.0,0.0,0.0,0.0,0.0,0.0,0.0,0.0,0.0,0.0,0.0,0.0,0.0,0.0,0.0,0.0,0.0,0.0,0.0,0.0,0.0,0.0,0.0,0.0,0.0,1.0,1.0,6.0,0
0.0,0.24,0.0,0.0,0.24,0.0,0.0,0.24,0.0,0.49,0.0,0.0,0.0,1.49,0.0,0.0,0.0,0.0,0.99,0.0,0.0,0.0,0.0,0.0,0.49,0.0,0.24,0.0,0.0,0.0,0.24,0.0,0.0,10.0,0.24,0.0,0.49,0.0,0.0,0.0,0.0,0.0,0.0,0.0,0.0,0.0,0.0,0.0,0.0,0.0,0.0,0.0,0.163,0.0,9.876,235.0,1116.0,0
0.0,0.37,1.11,0.0,0.37,0.0,0.0,0.0,0.0,0.74,0.37,0.74,0.0,0.0,0.37,3.34,0.0,0.0,0.74,0.0,1.48,0.0,0.0,0.37,0.0,0.0,0.0,0.0,0.0,0.0,0.0,0.0,0.0,0.0,10.0,0.0,0.0,0.0,0.0,0.0,0.0,0.0,0.0,0.0,0.0,0.0,0.0,0.0,0.0,0.292,0.0,0.878,0.175,0.058,5.985,58.0,425.0,1
0.35,0.0,0.0,0.0,1.41,0.0,0.0,0.0,0.0,0.0,0.0,1.76,0.0,0.0,0.0,0.0,0.35,0.0,0.0,0.0,0.0,0.0,0.0,0.0,1.06,1.06,0.0,0.7,0.0,0.0,0.35,0.0,0.0,0.0,0.7,0.0,1.06,0.0,0.7,0.0,0.0,0.0,0.0,1.41,0.0,0.0,0.0,0.35,0.0,0.104,0.0,10.7875,0.0,0.0,2.108,24.0,213.0,0
0.0,0.75,0.37,0.0,0.0,0.0,0.75,0.0,0.0,0.37,0.0,0.75,0.0,0.0,0.0,1.87,0.37,0.0,2.63,0.0,1.5,0.0,0.0,0.0,0.0,0.0,10.0,0.0,0.0,0.0,0.0,0.0,0.0,0.0,0.0,0.0,0.0,0.0,0.0,0.0,0.0,0.0,0.0,0.0,0.37,0.0,0.0,0.0,0.0,0.0,0.0,0.242,0.0,0.145,9.584,332.0,508.0,1
0.0,0.13,0.13,0.0,0.0,0.13,0.0,0.0,0.13,1.5,0.0,0.4,0.0,0.0,0.27,0.27,0.0,0.4,1.09,0.0,2.32,10.0,0.13,0.0,0.0,0.0,0.0,0.0,0.0,0.0,0.0,0.0,0.0,0.0,0.0,0.13,0.0,0.0,0.0,0.0,0.0,0.0,0.0,0.0,0.0,0.0,0.0,0.0,0.021,0.042,0.0,0.364,0.064,0.686,13.884,107.0,1444.0,1
0.0,0.1,0.31,0.1,1.05,0.42,0.0,0.31,0.0,0.1,0.1,0.84,0.0,0.1,0.0,2.0,0.84,0.21,1.69,0.31,0.31,0.0,0.52,0.1,0.0,0.0,10.0,0.0,0.0,0.0,0.0,0.0,0.0,0.0,0.0,0.31,0.0,0.0,0.0,0.1,0.0,0.0,0.0,0.0,0.0,0.0,0.0,0.0,0.0,0.054,0.0,0.384,0.182,0.201,8.851,299.0,1726.0,1
0.0,0.0,0.0,0.0,0.0,0.0,10.0,0.0,0.0,0.0,0.0,0.0,0.0,0.0,0.0,6.25,0.0,0.0,3.75,0.0,0.0,0.0,0.0,0.0,0.0,0.0,0.0,0.0,0.0,0.0,0.0,0.0,0.0,0.0,0.0,0.0,0.0,0.0,0.0,0.0,0.0,0.0,0.0,0.0,0.0,0.0,0.0,0.0,0.0,0.0,0.0,0.0,0.0,0.0,1.0,1.0,19.0,1
0.0,0.0,0.0,0.0,0.0,0.0,10.0,0.0,0.0,0.0,0.0,0.0,0.0,0.0,0.0,0.0,0.0,0.0,0.0,0.0,0.0,0.0,0.0,0.0,0.0,0.0,0.0,0.0,0.0,0.0,0.0,0.0,0.0,0.0,0.0,0.0,0.0,0.0,0.0,0.0,0.0,0.0,0.0,0.0,0.0,0.0,0.0,0.0,0.0,0.0,0.0,0.0,0.0,0.0,1.0,1.0,3.0,0
0.0,10.0,0.56,0.0,0.0,0.94,0.0,0.18,0.37,0.75,0.0,2.07,0.0,0.0,0.0,0.0,0.37,0.0,2.45,0.0,0.94,0.0,0.0,0.18,0.0,0.0,0.18,0.0,0.0,0.0,0.0,0.0,0.0,0.0,0.0,0.0,0.0,0.0,0.0,0.0,0.0,0.0,0.0,0.0,0.0,0.0,0.0,0.0,0.0,0.08,0.0,0.242,0.107,0.0,2.623,35.0,244.0,1
0.09,0.49,0.59,0.0,0.39,0.19,0.0,0.0,0.09,0.39,0.0,1.57,0.19,0.0,0.0,0.0,0.09,0.0,3.75,0.09,1.08,0.0,0.0,0.09,0.0,0.0,10.0,0.0,0.0,0.0,0.0,0.0,0.0,0.0,0.0,0.0,0.0,0.0,0.0,0.0,0.0,0.0,0.0,0.0,0.0,0.0,0.0,0.0,0.768,0.037,0.0,5.848,1.313,0.0,5.96,54.0,757.0,1
0.0,0.0,0.0,0.0,0.0,0.0,0.0,0.0,0.0,0.0,0.0,0.0,0.0,0.0,0.0,0.0,0.0,0.0,0.0,0.0,1.81,10.0,0.0,0.0,0.0,0.0,0.0,0.0,0.0,0.0,0.0,0.0,0.0,0.0,0.0,0.0,0.0,0.0,0.0,0.0,0.0,0.0,0.0,0.0,0.0,0.0,0.0,0.0,0.0,0.0,0.0,0.0,0.0,0.763,21.428,62.0,150.0,1
0.0,0.0,0.0,0.0,0.0,0.0,10.0,0.0,0.0,0.0,0.0,0.0,0.0,0.0,0.0,0.86,0.0,1.73,3.47,0.0,1.73,0.0,0.0,0.0,0.0,0.0,0.0,0.0,0.0,0.0,0.0,0.0,0.0,0.0,0.0,0.0,0.0,0.0,0.0,0.0,0.0,0.0,0.0,0.0,0.0,0.0,0.0,0.0,0.0,0.151,0.0,0.759,0.0,0.0,2.75,10.0,55.0,1
0.0,0.0,0.47,0.0,0.47,0.47,0.47,0.0,0.0,2.38,0.0,0.95,0.47,0.0,0.0,0.0,0.47,0.0,1.9,0.0,0.0,0.0,4.76,0.0,0.0,0.0,0.0,0.0,0.0,0.0,0.0,0.0,0.0,10.0,0.0,0.0,0.47,0.0,0.0,0.0,0.0,0.0,0.0,0.0,0.0,0.0,0.0,0.0,0.0,0.266,0.0,0.621,0.799,0.088,36.642,148.0,513.0,1
0.0,0.0,0.0,0.0,0.76,0.38,10.0,0.38,0.0,0.0,0.38,0.0,0.0,0.0,0.0,0.38,0.0,0.0,3.46,0.0,1.92,0.0,0.0,0.0,0.0,0.0,0.0,0.0,0.0,0.0,0.0,0.0,0.0,0.0,0.0,0.0,0.0,0.0,0.0,0.0,0.0,0.0,0.0,0.0,0.38,0.0,0.0,0.0,0.0,0.0,0.0,0.117,0.0,0.0,2.061,12.0,101.0,1
0.0,0.0,1.4,0.0,0.0,0.0,0.0,0.0,0.0,0.0,0.0,0.0,0.0,0.0,0.0,1.4,0.0,0.0,0.0,0.0,0.0,0.0,0.0,0.0,0.0,0.0,10.0,0.0,0.0,0.0,0.0,0.0,0.0,0.0,0.0,0.0,0.0,0.0,0.0,0.0,0.0,0.0,0.0,0.0,0.0,0.0,0.0,0.0,0.0,0.0,0.0,1.647,0.0,0.0,1.0,1.0,13.0,1
0.0,0.0,0.0,0.0,0.0,0.0,0.0,0.0,0.0,0.0,0.0,0.0,0.0,0.0,0.0,0.0,0.0,0.0,0.0,0.0,0.0,0.0,0.0,0.0,0.0,0.0,0.0,0.0,0.0,0.0,0.0,10.0,0.0,0.0,0.0,0.0,0.0,0.0,0.0,0.0,0.0,0.0,0.0,0.0,0.0,0.0,0.0,0.0,0.0,0.0,0.0,0.216,0.0,0.0,1.0,1.0,18.0,0
0.09,0.09,1.14,0.0,0.38,0.0,0.0,0.09,0.0,0.19,0.38,0.19,0.0,0.0,0.0,0.66,0.0,0.0,1.52,0.0,1.42,0.0,0.0,0.0,10.0,0.0,0.0,0.0,0.0,0.0,0.0,0.0,0.0,0.0,0.0,0.0,0.0,0.0,0.0,0.0,0.0,0.0,0.38,0.0,0.0,0.0,0.0,0.0,0.044,0.059,0.0,0.591,0.0,0.0,3.28,31.0,771.0,1
0.0,0.0,0.0,0.0,0.0,0.0,0.0,0.0,0.0,0.0,0.0,0.0,0.0,0.0,0.0,0.0,0.0,0.0,11.11,0.0,0.0,0.0,0.0,0.0,0.0,0.0,10.0,0.0,0.0,0.0,0.0,0.0,0.0,0.0,0.0,0.0,0.0,0.0,0.0,0.0,0.0,0.0,0.0,0.0,0.0,0.0,0.0,0.0,0.0,0.0,0.0,0.0,0.0,0.0,1.25,2.0,5.0,0
0.0,0.0,0.0,0.0,0.0,0.0,0.0,0.0,0.0,1.28,0.0,0.0,0.0,0.0,0.0,0.0,0.0,0.0,2.56,0.0,0.0,0.0,0.0,0.0,0.0,0.0,0.0,0.0,0.0,0.0,0.0,0.0,0.0,0.0,0.0,0.0,0.0,0.0,1.28,0.0,0.0,0.0,0.0,0.0,0.0,0.0,0.0,0.0,0.0,0.0,0.0,0.232,10.13,0.0,1.296,8.0,35.0,0
0.0,0.32,0.32,0.0,0.16,0.16,0.0,0.0,0.16,0.32,0.0,0.0,0.0,0.0,0.32,0.0,0.32,0.32,0.8,0.32,2.08,0.0,0.0,0.16,0.0,0.0,10.0,0.64,0.0,0.0,0.0,0.0,0.0,0.0,0.0,0.0,0.0,0.0,0.0,0.0,0.0,0.0,0.0,0.16,0.0,0.0,0.0,0.0,0.0,1.309,0.0,0.022,0.377,0.0,3.918,157.0,772.0,0
0.0,0.0,0.0,0.0,0.32,0.0,0.0,0.0,0.32,0.96,0.0,1.29,0.0,0.0,0.32,0.32,0.0,0.0,1.29,0.0,0.0,0.0,0.0,0.0,0.64,0.64,0.0,0.0,0.32,0.0,0.0,0.0,0.0,0.0,0.0,0.32,0.64,0.0,0.32,0.0,0.0,0.0,0.32,1.29,0.32,0.0,0.0,0.0,0.0,0.145,0.048,0.0,10.13,0.0,1.967,18.0,120.0,0
0.0,0.0,0.0,0.0,0.0,0.0,0.0,0.0,0.0,0.0,0.0,0.0,0.0,0.0,0.0,0.0,0.0,0.0,0.0,0.0,0.0,0.0,0.0,0.0,0.0,0.0,0.0,0.0,0.0,0.0,0.0,0.0,0.0,0.0,0.0,0.0,0.0,0.0,0.0,0.0,0.0,0.0,0.0,0.0,0.0,0.0,0.0,0.0,0.0,0.0,0.0,0.0,10.13,0.0,1.0,1.0,2.0,0
0.0,0.53,0.0,0.0,0.0,0.53,0.53,0.0,0.0,0.0,0.0,0.0,0.0,0.0,0.0,0.0,0.0,1.6,2.67,0.0,1.6,0.0,0.0,0.0,0.0,0.0,0.0,0.0,0.0,0.0,0.0,0.0,0.0,0.0,0.0,0.0,0.0,0.0,0.0,0.0,0.0,0.0,0.0,0.0,0.0,0.0,0.0,0.0,0.0,0.255,0.0,0.0,10.13,0.0,2.131,12.0,81.0,1
0.0,0.0,0.0,0.0,2.25,0.0,0.0,0.0,0.0,0.75,0.0,0.0,0.0,0.0,0.0,0.0,0.0,0.0,1.5,0.0,0.0,0.0,0.0,0.0,0.75,0.75,10.0,1.5,0.0,0.0,0.0,0.0,0.0,0.0,0.75,0.0,0.0,0.0,0.0,0.0,0.0,0.0,0.0,0.0,0.0,0.0,0.0,0.0,0.0,0.128,0.0,0.0,0.128,0.128,3.657,28.0,128.0,0
0.0,0.0,0.0,0.0,0.0,1.12,0.0,0.0,0.0,1.12,0.0,0.0,0.0,0.0,0.0,0.0,0.0,1.12,2.24,0.0,1.12,0.0,1.12,0.0,0.0,0.0,0.0,0.0,0.0,0.0,0.0,0.0,0.0,0.0,0.0,0.0,0.0,0.0,0.0,0.0,0.0,0.0,0.0,0.0,0.0,0.0,0.0,0.0,0.0,0.375,0.0,0.0,10.13,0.0,3.75,14.0,45.0,1
0.0,0.0,0.0,0.0,0.0,0.0,10.0,0.0,0.0,0.86,0.0,1.72,0.86,0.0,0.0,0.0,0.0,0.0,2.58,0.0,0.86,0.0,0.0,0.0,0.0,0.0,0.0,0.0,0.0,0.0,0.0,0.0,0.0,0.0,0.0,0.0,0.0,0.0,0.0,0.0,0.0,0.0,0.0,0.0,0.0,0.86,0.0,0.0,0.0,0.321,0.0,0.214,0.0,0.0,3.956,51.0,91.0,0
0.0,0.0,0.0,0.0,0.0,0.0,0.0,0.0,0.0,0.0,0.0,0.0,0.0,0.0,0.0,0.0,0.0,0.0,0.0,0.0,0.0,0.0,0.0,0.0,0.0,0.0,0.0,0.0,0.0,0.0,0.0,0.0,0.0,0.0,0.0,0.0,3.33,0.0,0.0,0.0,0.0,0.0,0.0,0.0,0.0,0.0,0.0,0.0,0.305,0.611,0.0,10.7875,0.0,0.0,5.5,22.0,66.0,1
0.0,0.0,0.0,0.0,0.0,0.0,0.0,0.0,0.0,0.0,0.0,0.0,0.0,0.0,0.0,0.0,0.0,0.0,0.0,0.0,0.0,0.0,0.0,0.0,0.0,0.0,10.0,0.0,0.0,0.0,0.0,0.0,0.0,0.0,0.0,0.0,0.0,0.0,0.0,0.0,0.0,0.0,0.0,0.0,0.0,0.0,0.0,0.0,0.0,0.0,0.0,0.0,0.0,0.0,1.0,1.0,4.0,0
0.62,0.62,0.0,0.0,0.0,1.86,0.0,0.0,0.0,0.0,0.0,0.62,0.62,0.0,0.0,0.0,0.0,0.62,2.48,0.0,1.86,0.0,0.0,0.0,0.0,0.0,0.0,0.0,0.0,0.0,0.0,0.0,0.0,0.0,10.0,0.0,0.0,0.0,0.0,0.0,0.0,0.0,0.0,0.0,0.0,0.0,0.0,0.0,0.0,0.327,0.0,2.295,0.218,0.0,5.166,28.0,155.0,1
0.0,0.45,0.45,0.0,0.45,0.0,0.0,0.0,0.0,0.0,0.0,0.45,0.0,0.0,0.0,0.45,0.0,0.91,1.36,0.0,1.36,0.0,0.0,0.0,0.0,0.0,10.0,0.0,0.0,0.0,0.0,0.0,0.0,0.0,0.0,0.0,0.0,0.0,0.0,0.0,0.0,0.0,0.0,0.0,0.0,0.0,0.0,0.0,0.0,0.0,0.0,1.501,0.0,0.0,2.777,61.0,200.0,1
0.0,0.0,1.77,0.0,0.0,0.0,10.0,0.0,0.0,0.0,0.0,0.59,0.0,0.0,0.0,0.0,0.0,0.59,4.14,0.0,1.18,0.0,0.0,0.0,0.0,0.0,0.0,0.0,0.0,0.0,0.0,0.0,0.59,0.0,0.0,0.0,0.0,0.0,0.0,0.0,0.0,0.0,0.0,0.0,0.0,0.0,0.0,0.0,0.0,0.165,0.0,0.165,0.082,0.0,2.325,16.0,100.0,1
0.0,0.0,0.0,0.0,0.0,0.0,0.0,0.0,0.0,0.0,0.0,0.0,0.0,0.0,0.0,20.0,0.0,0.0,0.0,0.0,0.0,0.0,0.0,0.0,0.0,0.0,10.0,0.0,0.0,0.0,0.0,0.0,0.0,0.0,0.0,0.0,0.0,0.0,0.0,0.0,0.0,0.0,0.0,0.0,0.0,0.0,0.0,0.0,0.0,0.0,0.0,0.0,0.0,0.0,1.0,1.0,4.0,0
0.0,0.0,0.32,0.0,0.64,0.64,10.0,0.32,0.0,0.0,0.0,0.32,0.32,0.0,0.0,0.32,0.32,0.0,2.27,0.0,3.24,0.0,0.0,0.32,0.0,0.0,0.0,0.0,0.0,0.0,0.0,0.0,0.0,0.0,0.0,0.0,0.0,0.0,0.0,0.0,0.0,0.0,0.0,0.0,0.64,0.0,0.0,0.0,0.0,0.104,0.0,0.0,0.157,0.0,1.494,10.0,139.0,1
0.0,0.0,0.0,0.0,0.0,0.0,0.0,0.0,0.0,0.0,0.0,0.0,1.44,0.0,0.0,1.44,0.0,0.0,5.79,0.0,1.44,0.0,1.44,0.0,0.0,0.0,10.0,0.0,0.0,0.0,0.0,0.0,0.0,0.0,0.0,0.0,0.0,0.0,0.0,0.0,0.0,0.0,0.0,0.0,0.0,0.0,0.0,0.0,0.0,0.0,0.0,0.542,0.271,0.0,2.157,11.0,41.0,1
0.0,0.95,0.95,0.0,0.0,0.0,0.0,0.0,0.0,0.0,0.0,0.0,0.0,0.0,0.0,0.0,0.0,0.0,0.47,0.47,1.9,0.0,0.0,0.47,0.0,0.0,0.0,0.0,0.0,0.0,0.0,0.47,0.0,0.0,0.0,0.0,0.0,0.0,0.0,0.0,0.0,0.0,0.0,0.0,0.0,10.0,0.0,0.0,0.066,0.2,0.0,0.267,0.0,0.0,4.18,45.0,464.0,1
0.0,0.0,0.0,0.0,0.0,0.0,0.0,0.0,0.0,0.0,0.0,0.0,0.0,1.19,0.0,0.0,0.0,1.19,0.0,0.0,0.0,0.0,0.0,0.0,0.0,0.0,0.0,0.0,0.0,0.0,0.0,0.0,1.19,0.0,0.0,0.0,0.0,0.0,0.0,0.0,0.0,0.0,0.0,0.0,0.0,0.0,0.0,0.0,0.0,0.0,0.0,0.0,0.0,0.0,16.883,21.0,61.0,0
0.0,0.0,0.0,0.0,0.0,0.0,0.0,0.0,0.0,0.0,0.0,0.0,0.0,0.0,0.0,0.0,0.0,0.0,0.95,0.0,0.0,0.0,0.0,0.0,0.95,0.0,0.0,0.0,0.0,0.0,0.0,0.0,0.95,0.0,0.0,0.0,0.0,0.0,0.0,0.0,0.0,0.0,0.0,10.0,0.0,0.0,0.0,0.0,0.263,0.394,0.0,0.0,0.0,0.0,2.142,5.0,45.0,0
0.0,0.0,0.0,0.0,1.85,0.0,0.0,0.0,0.0,0.0,0.0,0.0,0.0,0.0,0.0,1.85,0.0,0.0,0.0,0.0,0.0,0.0,0.0,0.0,0.0,0.0,0.0,0.0,0.0,0.0,0.0,0.0,0.0,0.0,0.0,0.0,0.0,0.0,0.0,0.0,0.0,10.0,0.0,0.0,0.0,0.0,0.0,0.0,0.0,0.0,0.0,0.0,0.0,0.0,2.916,7.0,35.0,0
0.0,0.0,1.06,0.0,0.0,0.35,0.0,0.0,0.0,0.0,0.0,2.13,0.0,0.0,0.0,0.0,0.71,0.0,0.71,0.0,0.0,0.0,0.0,0.0,4.62,0.0,0.0,0.0,0.35,1.06,0.0,0.0,0.0,0.0,0.0,0.35,0.35,0.0,0.35,0.0,0.0,10.0,0.35,0.0,0.71,0.0,0.0,0.0,0.0,0.055,0.055,0.0,0.0,0.0,2.239,17.0,206.0,0
0.0,0.0,0.0,0.0,0.0,0.0,0.0,0.0,0.0,0.85,0.0,0.85,0.0,0.0,0.0,1.28,0.0,0.0,0.85,0.0,0.42,10.0,0.0,0.0,1.7,1.28,0.85,1.28,0.42,0.42,0.42,0.42,0.0,0.42,0.42,0.85,0.42,0.0,0.0,0.42,0.0,0.0,0.42,0.0,0.42,0.0,0.0,0.0,0.0,0.369,0.073,0.0,0.0,0.0,2.44,12.0,144.0,0
0.0,0.55,0.55,0.0,0.55,0.0,0.0,0.55,0.0,0.0,0.0,1.11,0.0,0.0,0.0,1.11,0.0,0.55,1.66,0.0,2.22,0.0,0.55,0.0,0.0,0.0,10.0,0.0,0.0,0.0,0.0,0.0,0.0,0.0,0.0,0.0,0.0,0.0,0.0,0.0,0.0,0.0,0.0,0.55,0.0,0.0,0.0,0.0,0.0,0.0,0.0,0.484,0.08,0.0,8.375,85.0,201.0,1
0.05,0.3,0.4,0.0,0.1,0.05,0.0,0.05,0.1,0.0,0.0,0.3,0.2,0.0,0.05,0.0,0.0,0.5,1.55,0.3,0.75,0.0,0.15,0.2,0.05,0.05,0.0,0.0,0.0,0.0,0.0,0.0,0.0,0.0,0.0,0.0,0.0,0.0,0.0,0.0,0.0,0.0,0.0,0.05,0.05,0.0,0.0,0.0,0.0,0.036,0.0,10.7875,0.118,0.0,2.379,96.0,583.0,1
0.0,0.0,0.0,0.0,0.0,0.0,0.0,0.0,0.0,0.0,0.0,0.95,0.0,0.0,0.0,0.0,0.0,0.0,3.8,0.0,0.0,0.0,10.0,0.0,0.0,0.0,0.0,0.0,0.0,0.0,0.0,0.0,0.0,0.0,0.0,0.0,0.95,0.0,0.0,0.0,0.0,0.0,0.0,0.0,0.0,2.85,0.0,0.0,0.0,0.0,0.0,0.175,0.0,0.0,3.125,15.0,50.0,0
0.0,0.0,0.0,0.0,0.0,0.0,0.0,0.0,0.0,0.0,0.0,0.0,0.0,0.0,0.0,0.0,0.0,0.0,0.0,0.0,0.0,0.0,0.0,0.0,0.0,0.0,10.0,0.0,0.0,0.0,0.0,0.0,0.0,0.0,0.0,0.0,0.0,0.0,0.0,0.0,0.0,0.0,0.0,0.0,0.0,0.0,0.0,0.0,1.408,0.0,0.0,0.0,0.0,0.0,2.6,6.0,13.0,0
0.0,0.0,0.0,10.0,0.0,0.0,0.0,0.0,0.0,0.0,0.0,0.0,0.0,0.0,0.0,0.0,0.0,0.0,0.0,0.0,0.0,0.0,0.0,0.0,0.0,0.0,0.0,0.0,0.0,0.0,0.0,0.0,0.0,0.0,0.0,0.0,0.0,0.0,0.0,0.0,1.66,0.0,0.0,0.0,1.66,3.33,0.0,0.0,0.0,0.8,0.0,0.0,0.0,0.0,1.5,4.0,33.0,0
0.51,0.43,0.29,0.0,0.14,0.03,0.0,0.18,0.54,0.62,0.29,0.65,0.65,1.2,0.03,0.21,0.43,0.03,3.0,0.0,1.35,0.0,0.51,0.54,0.0,0.0,10.0,0.0,0.0,0.0,0.0,0.0,0.0,0.0,0.0,0.0,0.0,0.0,0.0,0.0,0.0,0.0,0.0,0.0,0.03,0.0,0.0,0.0,0.012,0.08,0.0,0.454,0.523,0.136,6.59,739.0,2333.0,1
0.0,0.0,0.0,0.0,0.92,0.0,0.3,0.0,0.0,0.0,0.0,0.0,0.0,0.0,0.0,0.0,10.0,0.0,0.3,0.0,0.61,0.0,0.61,0.0,0.0,0.0,0.0,0.0,0.0,0.0,0.0,0.0,0.0,0.0,0.0,0.0,0.0,0.0,0.0,0.0,0.0,0.0,0.0,0.0,0.0,0.0,0.0,0.0,0.046,0.0,0.0,0.092,0.322,0.0,2.074,49.0,278.0,1
0.07,0.0,0.15,0.0,1.53,0.15,0.0,0.46,0.0,0.0,0.07,0.46,0.46,0.0,0.0,0.0,0.07,0.0,0.76,0.0,0.38,0.0,0.0,0.0,0.69,0.0,10.0,0.0,0.0,0.0,0.0,0.0,0.0,0.0,0.0,0.0,0.15,0.0,0.0,0.0,0.0,0.07,0.0,0.0,0.61,0.0,0.0,0.0,0.0,0.022,0.0,0.0,0.033,0.0,1.705,36.0,220.0,0
0.0,0.0,0.0,0.0,0.32,0.0,0.0,0.32,0.32,0.64,0.0,1.28,0.0,0.0,0.0,2.56,0.96,0.0,3.84,0.0,0.96,0.0,0.0,0.0,0.0,0.0,10.0,0.0,0.0,0.0,0.0,0.0,0.0,0.0,0.0,0.0,0.0,0.0,0.0,0.0,0.0,0.0,0.0,0.0,0.0,0.0,0.0,0.0,0.0,0.098,0.049,0.492,0.0,0.0,2.184,25.0,166.0,1
0.0,1.93,0.77,0.0,0.77,0.0,0.0,0.38,0.0,0.0,0.38,0.0,1.54,0.0,0.0,0.38,10.0,1.15,4.24,0.0,6.17,0.0,0.0,0.0,0.0,0.0,0.38,0.0,0.0,0.0,0.0,0.0,0.0,0.0,0.0,0.0,0.0,0.0,0.0,0.0,0.0,0.0,0.0,0.0,0.0,0.0,0.0,0.0,0.0,0.0,0.0,0.109,0.0,0.0,1.043,4.0,95.0,0
0.0,0.0,0.0,0.0,0.0,0.0,0.0,0.0,0.0,0.0,0.0,0.0,0.0,0.0,0.0,0.0,0.0,0.0,0.0,0.0,0.0,10.0,0.0,0.0,0.0,0.0,0.83,0.0,0.0,0.0,0.0,0.0,0.0,0.0,0.0,0.0,0.0,0.0,0.0,0.0,0.0,0.0,0.0,0.0,0.0,0.0,0.0,0.0,0.0,0.863,0.143,0.0,0.0,0.0,4.484,33.0,148.0,0
0.27,0.0,0.27,0.0,0.0,0.0,0.0,0.0,0.0,0.27,0.27,0.55,0.0,0.0,0.0,0.0,0.0,0.0,2.2,0.0,0.27,0.0,0.0,0.0,10.0,0.0,0.0,0.0,0.0,0.0,0.0,0.0,0.0,0.0,0.0,0.0,1.1,0.0,0.0,0.0,0.0,0.0,0.0,0.0,0.0,0.0,0.0,0.0,0.0,0.0,0.0,0.136,0.182,0.0,8.207,30.0,435.0,1
0.1,0.1,0.1,0.0,0.21,0.1,10.0,0.0,0.1,0.31,0.0,0.84,0.21,0.0,0.0,0.1,0.0,0.21,1.78,0.0,0.63,0.0,0.0,0.1,0.0,0.0,0.0,0.0,0.0,0.0,0.0,0.0,0.0,0.0,0.0,0.0,0.0,0.0,0.0,0.0,0.0,0.0,0.0,0.0,0.0,0.21,0.0,0.0,0.035,0.177,0.035,0.07,0.053,0.0,1.744,29.0,417.0,0
0.0,0.0,1.2,0.0,0.0,0.0,0.0,0.0,0.0,0.0,0.0,2.4,0.0,0.0,0.0,0.0,0.0,0.0,0.0,0.0,0.0,0.0,0.0,0.0,0.0,0.0,0.0,0.0,0.0,0.0,0.0,0.0,0.0,0.0,0.0,0.0,0.0,0.0,0.0,0.0,0.0,1.2,0.0,0.0,0.0,0.0,0.0,0.0,0.0,0.666,1.111,0.222,10.13,0.0,2.826,8.0,65.0,0
0.59,0.09,0.09,0.0,0.29,0.09,0.0,0.59,0.59,2.09,0.29,0.09,0.29,0.0,0.39,0.09,0.79,0.39,3.19,0.09,1.69,0.0,1.39,0.99,0.0,0.0,10.0,0.0,0.0,0.0,0.0,0.0,0.0,0.0,0.0,0.09,0.0,0.0,0.09,0.0,0.0,0.0,0.0,0.0,0.19,0.0,0.0,0.0,0.044,0.078,0.0,0.334,0.133,0.011,15.493,1171.0,2541.0,1
0.3,0.0,0.15,0.0,0.0,0.15,0.3,0.0,0.0,0.0,0.0,0.3,0.0,0.0,0.0,0.0,0.0,0.0,0.75,0.0,0.3,10.0,0.0,0.0,0.75,0.3,0.3,0.15,0.15,0.15,0.15,0.15,0.45,0.15,0.15,0.15,0.15,0.0,0.15,0.15,0.0,0.0,0.15,0.75,0.15,0.0,0.0,0.0,0.0,0.328,0.046,0.0,0.0,0.0,1.703,12.0,155.0,0
0.28,0.0,0.28,0.0,0.0,0.0,0.0,0.0,0.0,0.0,0.0,0.28,0.28,0.0,0.0,0.28,0.0,0.28,1.97,0.0,0.0,0.0,0.0,0.28,0.0,0.0,0.0,0.0,0.0,0.0,0.0,0.0,0.0,0.0,0.0,0.0,0.0,0.0,0.0,0.0,0.0,0.0,0.0,0.0,0.0,0.28,0.0,0.0,0.0,0.103,0.0,10.7875,0.0,0.0,1.403,18.0,80.0,0
0.05,0.0,0.45,0.0,0.15,0.1,0.0,0.0,0.55,0.0,0.0,0.15,0.0,0.0,0.0,0.0,0.0,0.05,0.2,0.0,0.15,0.0,0.0,0.0,0.65,10.0,0.05,0.0,0.0,0.0,0.0,0.0,1.16,0.0,0.0,0.0,0.81,0.05,0.0,0.0,0.0,0.0,0.0,0.0,0.0,0.0,0.0,0.0,0.203,0.195,0.05,0.0,0.014,0.0,2.88,45.0,1080.0,0
0.33,0.44,0.37,0.0,0.14,0.11,0.0,0.07,0.97,1.16,0.11,1.42,1.76,1.27,0.03,0.03,0.07,0.07,4.38,0.0,1.49,0.0,0.33,0.18,10.0,0.0,0.0,0.0,0.0,0.0,0.0,0.0,0.0,0.0,0.0,0.0,0.0,0.0,0.0,0.0,0.0,0.0,0.11,0.0,0.03,0.0,0.0,0.0,0.006,0.159,0.0,0.069,0.221,0.11,3.426,72.0,819.0,1
0.0,0.0,0.55,0.0,1.11,0.0,0.0,0.0,0.0,0.0,0.0,0.0,0.92,0.0,0.18,0.0,0.37,0.37,3.15,0.0,0.92,0.0,0.0,0.0,0.0,0.0,0.0,0.0,0.0,0.0,0.0,0.0,0.0,0.0,0.0,0.0,0.0,0.0,0.0,0.0,0.0,0.0,0.0,0.0,0.0,0.0,0.0,0.0,0.0,0.185,0.0,0.464,10.13,0.0,1.392,4.0,78.0,1
0.0,0.0,0.0,0.0,0.0,0.0,0.0,0.0,0.0,1.27,0.0,1.27,0.0,0.0,0.0,10.25,0.0,0.0,0.63,0.0,0.0,0.0,0.0,0.0,0.0,0.0,0.0,0.0,0.0,0.0,0.0,0.0,0.0,0.0,0.0,0.0,0.0,0.0,0.0,0.0,0.0,0.0,0.0,0.0,0.0,0.0,0.0,1.27,0.0,0.111,0.0,0.111,0.0,0.0,1.73,7.0,45.0,0
0.0,0.0,0.0,0.0,0.0,0.0,0.0,0.67,0.0,0.67,0.0,0.0,0.0,0.0,0.0,0.0,0.0,0.0,0.0,0.0,0.0,0.0,0.0,0.0,0.0,0.0,0.0,0.0,0.0,0.0,0.0,0.0,0.0,0.0,0.0,0.0,1.34,0.0,0.0,0.0,10.0,0.0,0.0,0.0,0.0,0.0,0.0,0.0,0.17,0.511,0.085,0.511,0.0,0.0,4.617,27.0,217.0,1
0.0,0.0,0.0,0.0,0.0,0.0,0.0,0.0,0.0,0.0,0.0,7.69,0.0,0.0,0.0,0.0,0.0,0.0,0.0,0.0,0.0,0.0,0.0,0.0,3.84,3.84,0.0,0.0,7.69,0.0,0.0,0.0,0.0,10.0,0.0,0.0,0.0,0.0,0.0,0.0,0.0,7.69,0.0,0.0,0.0,0.0,0.0,0.0,0.0,0.0,0.0,0.581,0.0,0.0,1.615,4.0,21.0,0
0.48,0.0,0.0,0.0,0.0,0.0,0.0,0.0,0.0,0.0,0.0,0.96,0.0,0.0,0.0,0.0,0.0,0.48,0.96,0.0,0.0,0.0,0.0,0.0,2.88,0.96,0.96,0.96,0.48,0.96,10.0,0.48,0.0,0.48,0.96,0.96,0.0,0.0,0.0,0.48,0.0,0.0,0.0,0.0,0.48,0.0,0.0,0.0,0.0,0.276,0.0,0.138,0.0,0.0,1.986,11.0,147.0,0
0.0,0.0,0.0,0.0,0.0,0.0,10.0,0.0,0.0,0.0,0.0,0.0,0.0,0.0,0.0,0.0,0.0,0.0,0.0,0.0,0.0,0.0,0.0,0.0,0.0,0.0,0.72,0.0,0.72,0.0,0.0,0.0,0.72,0.0,0.0,0.0,0.0,0.0,0.0,0.0,0.0,0.0,0.0,0.0,0.0,0.0,0.0,0.0,0.0,1.047,0.0,0.0,0.0,0.13,3.475,7.0,139.0,0
0.0,0.0,3.38,0.0,0.0,0.0,0.0,0.0,0.0,0.0,0.0,0.0,0.0,0.0,0.0,0.0,0.0,0.0,0.0,0.0,1.69,0.0,0.0,0.0,0.0,0.0,0.0,0.0,0.0,0.0,0.0,0.0,0.0,0.0,0.0,0.0,0.0,0.0,0.0,0.0,0.0,0.0,0.0,10.0,0.0,0.0,0.0,0.0,0.0,0.0,0.0,0.0,0.0,0.0,1.222,3.0,11.0,0
0.0,0.0,0.0,0.0,0.0,0.0,0.0,0.0,0.0,0.0,0.0,0.0,0.0,0.0,0.0,0.0,0.0,0.0,3.22,0.0,0.0,0.0,0.0,0.0,0.0,0.0,0.0,0.0,0.0,0.0,0.0,0.0,0.0,0.0,0.0,0.0,0.0,0.0,0.0,0.0,0.0,0.0,0.0,0.0,0.0,0.0,0.0,0.0,0.0,0.552,0.0,0.0,10.13,0.0,1.6,4.0,8.0,0
0.0,0.0,0.6,0.0,0.0,0.6,0.0,0.0,0.6,0.0,0.0,1.8,0.0,0.0,0.0,0.3,0.0,0.0,2.7,0.0,1.2,0.0,0.0,0.6,0.0,10.0,0.0,0.0,0.0,0.0,0.0,0.0,0.0,0.0,0.0,0.0,0.0,0.0,0.0,0.0,0.0,0.0,0.0,0.0,0.0,0.0,0.0,0.0,0.0,0.094,0.047,0.189,0.141,0.0,1.932,31.0,201.0,1
0.0,14.28,0.0,0.0,0.0,0.0,0.0,0.0,0.0,0.0,0.0,0.0,0.0,0.0,0.0,10.25,0.0,0.0,0.0,0.0,0.0,0.0,0.0,0.0,0.0,0.0,0.0,0.0,0.0,0.0,0.0,0.0,0.0,0.0,0.0,0.0,0.0,0.0,0.0,0.0,0.0,0.0,0.0,0.0,0.0,0.0,0.0,0.0,0.0,0.0,0.0,0.0,0.0,0.0,1.8,5.0,9.0,0
0.0,0.0,0.0,0.0,3.7,0.0,0.0,0.0,0.0,0.0,0.0,0.0,0.0,0.0,0.0,0.0,0.0,0.0,3.7,0.0,0.0,0.0,0.0,0.0,0.0,0.0,10.0,0.0,0.0,0.0,0.0,0.0,0.0,0.0,0.0,0.0,0.0,0.0,0.0,0.0,0.0,0.0,0.0,0.0,0.0,0.0,0.0,0.0,0.0,0.0,0.0,0.0,0.0,0.0,13.166,28.0,79.0,1
0.0,0.0,0.0,0.0,0.0,0.0,0.67,0.0,0.0,0.0,0.0,0.0,0.0,0.0,0.0,0.0,0.0,0.0,3.37,0.0,0.67,0.0,0.0,0.0,0.0,10.0,0.67,0.0,0.0,0.0,0.0,0.0,0.0,0.0,0.0,0.0,0.0,0.0,0.0,0.0,0.0,0.0,0.0,0.0,1.35,0.0,0.0,0.0,0.0,0.0,0.0,0.0,0.0,0.0,1.87,7.0,58.0,0
0.0,0.0,0.0,0.0,0.0,0.0,0.0,0.65,0.0,1.3,0.0,0.0,0.0,0.0,0.0,0.0,0.0,0.32,0.32,0.0,0.65,0.0,0.0,0.0,10.0,4.24,0.32,0.0,0.0,0.65,0.0,0.0,0.0,0.0,0.0,0.0,1.63,0.0,0.0,0.0,0.98,0.0,0.0,0.0,0.65,0.0,0.0,0.0,0.153,0.562,0.102,0.0,0.0,0.0,5.555,42.0,500.0,0
0.0,0.0,0.49,0.0,1.47,0.0,0.0,0.0,0.0,0.0,0.0,0.98,0.0,0.0,0.0,0.0,0.98,0.0,2.45,0.0,2.45,0.0,0.49,0.0,0.0,0.0,0.0,0.0,0.0,0.0,0.0,0.0,0.0,10.0,0.0,0.0,0.0,0.0,0.0,0.0,0.0,0.0,0.0,0.0,0.49,0.0,0.0,0.0,0.0,0.084,0.0,0.677,0.254,0.0,5.2,80.0,234.0,1
0.0,0.0,0.0,0.0,0.0,0.0,0.0,0.0,0.0,0.0,0.0,0.0,0.0,0.0,0.0,1.01,0.0,1.01,5.05,0.0,1.01,0.0,0.0,0.0,0.0,0.0,0.0,0.0,0.0,0.0,0.0,0.0,0.0,0.0,0.0,0.0,0.0,0.0,0.0,0.0,0.0,0.0,0.0,0.0,0.0,0.0,0.0,0.0,0.0,0.0,0.0,10.7875,0.0,0.0,10.0,55.0,60.0,0
0.0,0.0,0.0,0.0,0.0,0.68,0.0,1.36,0.68,0.68,0.0,0.0,0.0,0.0,0.0,0.68,2.73,0.68,1.36,3.42,1.36,0.0,0.0,0.0,0.0,0.0,0.0,0.0,0.0,0.0,0.0,0.0,0.0,0.0,0.0,0.0,0.0,0.0,0.0,0.68,0.0,10.0,0.0,0.0,0.0,0.0,0.0,0.0,0.0,0.0,0.0,1.143,0.519,0.0,3.737,75.0,228.0,1
0.0,1.25,0.0,0.0,0.0,0.0,0.0,0.0,0.62,1.25,0.0,0.0,0.0,0.0,0.0,0.0,0.0,0.0,16.6,0.0,1.25,0.0,0.0,0.0,1.87,1.87,1.25,1.87,0.62,1.87,0.62,0.62,0.0,0.62,1.87,0.62,1.87,0.0,0.62,0.62,0.0,0.0,0.62,0.0,1.87,0.0,0.0,0.0,0.0,0.475,0.57,0.0,0.0,0.0,2.238,12.0,141.0,0
0.0,0.0,0.0,0.0,10.95,0.0,0.0,0.0,0.0,0.64,0.96,1.28,0.0,0.0,0.0,0.96,0.0,0.32,3.85,0.0,0.64,0.0,0.0,0.0,0.0,0.0,0.0,0.0,0.0,0.0,0.0,0.0,0.0,0.0,0.0,0.0,0.0,0.0,0.0,0.0,0.0,0.0,0.0,0.0,0.0,0.0,0.0,0.0,0.0,0.054,0.0,0.164,0.054,0.0,1.671,4.0,112.0,1
0.0,0.0,0.0,0.0,0.0,0.0,0.0,0.0,0.0,0.0,0.0,0.0,0.0,0.0,0.0,1.23,1.23,0.0,4.93,0.0,3.7,0.0,0.0,0.0,0.0,0.0,0.0,0.0,0.0,0.0,0.0,0.0,0.0,0.0,0.0,0.0,0.0,0.0,0.0,0.0,10.0,0.0,0.0,0.0,1.23,0.0,0.0,0.0,0.0,0.0,0.0,0.234,0.0,0.0,4.176,41.0,71.0,1
0.0,0.0,0.0,0.0,0.0,1.2,0.0,0.0,0.0,0.0,0.0,0.0,0.0,0.0,0.0,0.0,0.0,0.0,1.2,0.0,3.61,0.0,0.0,3.61,0.0,0.0,0.0,0.0,0.0,0.0,0.0,0.0,0.0,0.0,0.0,0.0,0.0,0.0,0.0,0.0,0.0,0.0,0.0,0.0,0.0,0.0,0.0,0.0,0.0,0.0,0.0,0.421,0.21,0.0,3.454,17.0,622.5,1
0.54,0.13,0.38,0.0,0.05,0.16,0.0,0.05,0.35,0.16,0.24,1.11,0.38,1.19,0.13,0.19,0.43,0.48,3.56,0.0,0.81,0.0,1.14,0.57,0.0,0.0,10.0,0.0,0.0,0.0,0.0,0.0,0.0,0.0,0.0,0.0,0.0,0.0,0.0,0.0,0.0,0.0,0.0,0.0,0.05,0.0,0.02,0.0,0.0,0.086,0.0,0.268,0.15,0.159,6.761,195.0,3313.0,1
0.0,0.0,0.44,0.0,0.44,0.0,0.0,0.0,0.0,0.44,0.0,0.88,0.0,0.0,0.0,0.0,0.0,0.88,2.22,0.0,2.22,0.0,0.0,0.0,1.33,0.44,0.88,0.88,0.0,0.88,10.0,0.0,0.0,0.0,0.88,0.0,0.0,0.0,0.0,0.0,0.0,0.0,0.0,0.0,0.0,0.0,0.0,0.44,0.0,0.506,0.0,0.05,0.0,0.0,3.772,45.0,249.0,0
0.0,0.0,0.0,0.0,0.0,0.0,0.0,0.0,0.0,0.0,0.0,0.0,0.0,0.0,0.0,0.0,0.0,0.0,0.0,0.0,0.0,0.0,0.0,0.0,3.96,2.97,1.98,2.97,0.99,0.99,10.0,0.99,0.0,0.99,0.99,0.99,0.0,0.0,0.0,0.99,0.0,0.0,0.99,0.0,0.99,0.99,0.0,0.0,0.0,0.479,0.0,0.239,0.0,0.0,2.688,13.0,121.0,0
0.0,0.0,0.0,0.0,0.0,0.0,0.0,0.0,0.0,0.0,0.0,0.0,0.0,0.0,0.0,0.0,0.0,3.57,0.0,0.0,0.0,0.0,0.0,0.0,7.14,3.57,0.0,3.57,0.0,10.0,3.57,0.0,0.0,0.0,3.57,3.57,0.0,0.0,0.0,0.0,0.0,0.0,0.0,0.0,0.0,0.0,0.0,0.0,0.0,0.24,0.0,0.24,0.0,0.0,1.687,10.0,27.0,0
0.0,0.42,0.21,0.0,0.0,0.0,0.0,0.0,0.0,0.42,0.0,0.0,0.0,0.0,0.0,0.0,0.0,0.0,1.26,0.0,0.21,8.0,0.0,0.0,0.0,0.0,0.0,0.0,0.0,0.0,0.0,0.0,0.0,0.0,0.0,0.0,0.0,0.0,0.0,0.0,0.0,0.0,0.21,0.0,0.0,0.42,0.0,0.0,10.0,0.0,0.0,0.071,0.0,0.503,6.822,43.0,614.0,0
0.0,0.0,0.0,0.0,0.0,0.0,0.0,0.0,0.0,0.0,0.0,0.0,0.0,0.0,0.0,0.0,0.0,0.0,0.0,0.0,0.0,0.0,0.0,0.0,10.0,0.0,0.0,0.0,0.0,0.0,0.0,0.0,0.0,0.0,0.0,0.0,0.0,0.0,0.0,0.0,0.0,0.0,0.0,0.0,0.0,0.0,0.0,0.0,0.0,0.704,0.0,0.0,0.0,0.0,1.75,3.0,7.0,0
0.0,0.0,0.0,0.0,0.0,0.0,0.0,0.0,0.0,0.0,0.0,0.0,0.0,0.0,0.0,0.0,0.0,0.0,0.0,0.0,0.0,0.0,0.0,0.0,10.0,0.0,0.0,4.44,2.22,0.0,0.0,0.0,0.0,0.0,4.44,0.0,0.0,0.0,0.0,0.0,0.0,2.22,0.0,0.0,0.0,0.0,0.0,0.0,0.0,0.0,0.0,0.0,0.0,0.0,3.578,20.0,68.0,0
0.0,0.55,0.0,0.0,0.0,0.0,0.0,0.0,0.0,0.0,0.0,1.67,0.0,0.0,0.0,0.0,0.0,0.0,2.79,0.0,1.67,0.0,0.0,0.0,10.0,0.0,0.0,0.0,0.0,0.0,0.0,0.0,0.55,0.0,0.0,0.0,0.0,0.0,0.0,0.0,0.0,0.0,0.0,0.0,0.0,0.0,0.0,0.0,0.0,0.083,0.0,0.0,0.0,0.0,1.392,4.0,39.0,0
0.0,0.0,0.0,0.0,0.0,0.0,0.0,0.0,0.0,0.0,0.0,0.0,0.0,0.0,0.0,0.0,0.0,0.0,0.0,0.0,0.0,0.0,0.0,0.0,0.0,0.0,0.0,0.0,0.0,0.0,0.0,0.0,0.0,0.0,0.0,0.0,0.0,0.0,0.0,0.0,10.0,0.0,0.0,0.0,0.0,0.0,0.0,0.0,0.0,0.0,0.0,0.0,0.0,0.0,4.4,16.0,22.0,0
0.0,0.0,1.16,0.0,3.48,0.0,0.0,0.58,0.58,0.0,0.0,0.58,0.0,0.0,0.0,1.74,0.0,0.0,1.16,0.0,3.48,0.0,0.0,0.58,0.0,0.0,10.0,0.0,0.0,0.0,0.0,0.0,0.0,0.0,0.0,0.0,0.0,0.0,0.0,0.0,0.0,0.0,0.0,0.0,0.0,0.0,0.0,0.0,0.0,0.085,0.0,0.171,0.085,0.0,2.17,12.0,102.0,1
0.0,0.0,0.0,0.0,0.0,0.0,0.0,0.0,0.0,0.0,0.0,2.85,0.0,0.0,0.0,0.0,0.0,0.0,0.0,0.0,0.0,0.0,0.0,0.0,0.0,0.0,0.0,0.0,0.0,0.0,0.0,0.0,0.0,0.0,0.0,0.0,0.0,0.0,0.0,0.0,0.0,10.0,0.0,0.0,0.0,0.0,0.0,0.0,0.0,0.0,0.0,0.444,0.0,0.0,2.333,12.0,28.0,0
0.0,0.0,0.0,0.0,0.0,0.0,0.0,0.0,0.0,0.0,0.0,0.0,0.0,0.0,0.0,0.0,0.0,0.0,4.34,0.0,0.0,0.0,0.0,0.0,0.0,0.0,10.0,0.0,0.0,0.0,0.0,0.0,0.0,0.0,0.0,0.0,0.0,0.0,0.0,0.0,0.0,0.0,0.0,0.0,0.0,0.0,0.0,0.0,0.0,0.0,0.0,0.787,0.0,0.0,1.875,7.0,15.0,0
0.44,0.22,0.22,0.0,0.44,0.0,0.0,0.22,0.0,0.22,0.0,0.44,0.0,0.0,0.0,0.0,0.0,0.0,1.57,0.0,0.0,0.0,0.0,0.0,0.44,0.22,10.0,0.22,0.22,0.22,0.22,0.22,0.0,0.22,0.22,0.22,0.22,0.0,0.0,0.22,0.0,0.22,0.22,0.0,0.67,0.44,0.0,0.0,0.033,0.169,0.033,0.033,0.033,0.0,2.28,12.0,203.0,0
0.17,0.0,0.08,0.0,0.42,0.08,0.08,0.42,0.08,0.08,0.0,0.6,0.17,0.17,0.0,0.0,0.17,0.08,1.2,0.0,3.17,0.0,0.34,0.08,0.0,0.0,0.0,0.0,0.0,0.0,0.0,0.0,0.0,0.0,0.0,0.0,0.0,0.0,0.0,0.0,0.0,10.0,0.0,0.0,0.0,0.0,0.0,0.0,0.0,0.081,0.027,0.095,0.013,0.0,4.07,48.0,574.0,1
0.0,0.0,0.0,0.0,0.0,0.0,0.0,0.0,0.0,0.0,0.0,0.0,0.0,0.0,0.0,0.0,0.0,0.0,0.0,0.0,0.0,0.0,0.0,0.0,0.0,0.0,10.0,0.0,0.0,0.0,0.0,0.0,0.0,0.0,0.0,0.0,0.0,0.0,0.0,0.0,0.0,0.0,0.0,0.0,0.0,0.0,0.0,0.0,0.0,0.0,0.0,0.0,0.0,0.0,1.0,1.0,6.0,0
0.0,0.0,0.0,0.0,0.59,0.0,0.0,0.0,0.0,1.18,0.0,0.59,10.0,0.0,0.0,0.0,0.0,0.0,1.77,0.0,0.0,0.0,0.0,0.0,0.59,0.59,0.0,1.18,0.0,0.0,0.0,0.0,0.59,0.0,0.0,0.0,0.0,0.0,0.0,0.0,0.0,0.0,0.0,0.0,0.0,0.0,0.0,0.0,0.0,0.215,0.0,0.107,0.0,0.0,2.741,11.0,85.0,0
0.0,0.0,0.0,0.0,0.0,0.0,0.0,0.0,0.0,0.0,0.0,0.0,1.08,0.0,0.0,0.0,0.0,0.0,2.17,0.0,0.0,0.0,0.0,0.0,0.0,0.0,0.0,0.0,0.0,0.0,0.0,0.0,0.0,0.0,0.0,0.0,1.08,0.0,0.0,0.0,10.0,0.0,0.0,0.0,0.0,3.26,0.0,0.0,0.0,0.0,0.0,0.0,0.0,0.0,3.066,10.0,46.0,0
0.0,0.0,0.0,0.0,0.0,0.0,0.0,0.0,0.0,0.0,0.0,0.0,0.0,0.0,0.0,0.0,0.0,0.0,0.0,0.0,0.0,0.0,0.0,0.0,1.72,10.0,0.0,0.0,0.0,0.0,0.0,0.0,0.0,0.0,0.0,0.0,0.0,0.0,0.0,0.0,0.0,0.0,0.0,0.0,0.0,0.0,0.0,0.0,0.0,0.0,0.0,0.0,0.0,0.0,2.466,13.0,37.0,0
0.33,0.0,0.0,0.0,0.0,0.0,0.0,0.0,0.0,0.0,0.0,0.33,0.0,0.0,0.0,0.0,0.0,0.0,0.66,0.0,0.0,0.0,0.0,0.0,0.0,0.0,0.0,0.0,0.0,0.0,0.0,0.0,0.0,0.0,0.0,0.0,0.0,0.0,0.0,0.0,0.0,0.33,0.0,0.0,0.99,0.33,0.0,0.0,0.0,0.175,0.058,0.116,10.13,0.0,1.271,5.0,75.0,0
0.6,0.0,0.36,0.0,1.44,0.0,0.0,0.0,0.24,1.32,0.72,2.53,0.6,0.0,0.0,0.6,0.24,0.0,4.45,0.0,1.8,0.0,0.72,0.96,0.0,0.0,10.0,0.0,0.0,0.0,0.0,0.0,0.0,0.0,0.0,0.0,0.0,0.0,0.0,0.0,0.0,0.0,0.0,0.0,0.12,0.0,0.0,0.0,0.0,0.04,0.0,0.102,0.224,0.0,3.656,54.0,479.0,1
0.34,0.25,0.25,0.0,0.08,0.43,0.08,0.25,0.08,1.47,0.34,0.51,0.95,0.0,0.17,0.08,0.0,0.0,3.03,0.0,0.77,0.0,0.34,0.34,0.0,0.0,0.0,0.0,0.0,0.0,0.0,0.0,0.0,0.0,0.0,0.0,0.0,0.0,0.0,0.0,0.0,0.0,0.0,0.0,0.17,10.0,0.0,0.0,0.0,0.049,0.0,0.263,0.263,0.065,3.076,62.0,526.0,1
0.0,0.0,0.0,0.0,0.0,0.49,0.0,0.49,0.0,0.0,0.0,0.0,0.0,0.0,0.0,0.0,0.0,0.0,0.49,0.0,0.0,0.0,0.0,0.0,0.0,0.0,10.0,0.0,0.0,0.0,0.0,0.0,0.0,0.0,0.0,0.0,0.49,0.0,0.0,0.0,0.0,0.0,0.0,0.0,0.0,0.0,0.0,0.0,0.0,0.228,0.0,0.0,0.0,0.0,1.962,5.0,106.0,0
0.0,0.0,0.0,0.0,0.0,0.0,0.0,0.0,0.0,0.0,0.0,0.0,1.09,0.0,0.0,0.0,0.0,0.0,1.63,0.0,0.54,0.0,0.0,0.0,1.09,0.54,0.54,0.54,0.54,0.54,0.54,0.54,0.0,0.54,0.54,0.54,0.0,0.0,0.0,0.54,0.0,0.0,0.0,0.0,0.0,0.0,0.0,0.0,0.0,0.17,0.0,0.0,10.13,0.0,1.373,11.0,169.0,0
0.59,0.0,0.35,0.0,1.66,0.0,0.0,0.0,0.23,1.3,0.71,2.49,0.59,0.0,0.0,0.59,0.11,0.0,4.51,0.0,1.66,0.0,0.47,0.83,0.0,0.0,10.0,0.0,0.0,0.0,0.0,0.0,0.0,0.0,0.23,0.0,0.0,0.0,0.0,0.11,0.0,0.0,0.0,0.0,0.11,0.0,0.0,0.0,0.0,0.038,0.0,0.155,0.233,0.019,3.625,54.0,504.0,1
0.0,0.0,0.0,0.0,0.0,0.0,0.0,0.0,0.0,0.0,0.0,0.0,0.0,0.0,0.0,0.0,0.0,0.0,1.72,0.0,0.0,0.0,0.0,0.0,6.89,3.44,0.0,0.0,0.0,3.44,0.0,0.0,0.0,0.0,1.72,0.0,0.0,0.0,0.0,0.0,0.0,0.0,0.0,0.0,0.0,0.0,0.0,0.0,0.0,0.0,0.0,0.0,0.0,0.0,2.16,11.0,622.5,0
0.0,0.0,0.18,0.0,0.18,0.0,0.0,0.0,0.54,0.36,0.36,0.9,0.0,0.36,0.0,0.72,0.0,0.18,2.7,0.18,0.72,0.0,0.0,0.54,0.0,0.0,0.0,0.0,0.0,0.0,0.0,0.0,0.0,0.0,0.0,0.0,0.0,0.36,0.0,0.0,0.0,0.0,0.18,0.0,0.0,0.0,0.0,0.0,0.0,0.0,0.0,0.633,10.13,0.0,9.043,363.0,841.0,1
0.51,0.0,0.51,0.0,0.0,0.51,10.0,0.0,0.0,0.0,0.0,0.51,0.0,0.0,0.0,0.0,0.0,0.0,0.51,0.0,1.02,0.0,0.0,0.0,0.0,0.0,0.0,0.0,0.0,0.0,0.0,0.0,0.0,0.0,0.0,0.0,0.51,0.0,0.51,0.0,0.51,0.0,1.02,0.0,0.0,0.51,0.0,0.0,0.0,0.161,0.08,0.08,0.0,0.0,1.885,12.0,66.0,0
0.3,0.2,0.3,0.0,0.2,0.4,0.2,0.3,0.4,1.71,0.1,1.91,0.2,0.0,0.5,0.6,0.0,0.8,3.43,0.0,1.51,0.0,0.9,0.3,0.0,0.0,10.0,0.0,0.0,0.0,0.0,0.0,0.0,0.0,0.0,0.0,0.0,0.0,0.0,0.0,0.1,0.0,0.0,0.0,0.2,0.0,0.0,0.0,0.0,0.017,0.0,0.275,0.206,0.017,4.923,103.0,1029.0,1
0.5,0.0,0.75,0.0,0.25,0.25,0.25,0.5,0.0,0.0,0.5,2.26,0.0,0.0,0.0,0.5,1.0,0.25,4.03,0.0,2.01,0.0,0.0,0.0,0.0,0.0,10.0,0.0,0.0,0.0,0.0,0.0,0.0,0.0,0.0,0.0,0.0,0.0,0.0,0.0,0.0,0.0,0.0,0.0,0.0,0.0,0.0,0.0,0.0,0.034,0.0,0.375,0.034,0.0,4.2,60.0,231.0,1
0.19,0.19,0.29,0.0,1.07,0.19,0.19,0.97,0.87,0.58,0.09,1.07,0.19,0.87,0.09,0.0,0.0,1.17,3.81,0.68,1.75,0.0,0.09,0.29,0.0,0.0,0.0,0.0,0.0,0.0,0.0,0.0,0.0,0.0,0.0,0.0,0.0,0.0,0.09,0.09,10.0,0.0,0.0,0.0,0.0,0.0,0.0,0.0,0.0,0.0,0.202,0.405,0.233,0.031,4.32,49.0,877.0,1
0.0,0.0,0.0,0.0,0.0,0.0,0.0,0.0,0.0,0.0,0.0,1.0,0.0,0.0,0.0,0.0,0.0,0.0,0.0,0.0,0.0,0.0,0.0,0.0,0.0,0.0,0.0,0.0,0.0,0.0,0.0,0.0,1.5,0.0,0.5,0.0,0.5,0.0,0.0,0.0,0.0,0.0,0.0,0.0,0.0,0.0,0.0,0.0,0.0,0.411,0.0,0.0,10.13,0.0,1.866,10.0,112.0,0
0.0,0.0,0.0,0.0,0.0,0.0,0.0,0.0,0.0,3.77,0.0,0.0,0.0,0.0,0.0,0.0,0.0,0.0,1.88,0.0,0.0,0.0,0.0,10.0,0.0,0.0,0.0,0.0,0.0,0.0,0.0,0.0,0.0,0.0,0.0,0.0,0.0,0.0,0.0,0.0,0.0,0.0,0.0,0.0,0.0,0.0,0.0,0.0,0.264,0.0,0.0,0.0,0.0,0.0,4.333,13.0,78.0,1
0.0,0.0,0.0,0.0,0.0,0.0,0.0,0.0,0.0,0.0,0.0,0.0,0.0,0.0,0.0,0.0,0.0,0.0,0.0,0.0,0.0,0.0,0.0,0.0,10.0,0.0,0.0,0.0,0.0,0.0,0.0,0.0,0.0,0.0,0.0,0.0,0.0,0.0,0.0,0.0,0.0,0.0,0.0,0.0,0.0,0.0,0.0,0.0,0.0,0.0,0.0,0.0,0.0,0.0,3.125,17.0,25.0,0
0.0,0.0,0.15,0.0,0.15,0.0,0.0,0.0,0.0,0.0,0.0,0.0,0.0,0.0,0.0,0.0,0.0,0.0,2.56,2.26,2.11,10.0,0.15,0.0,0.0,0.0,0.0,0.0,0.0,0.0,0.0,0.0,0.0,0.0,0.0,0.0,0.0,0.0,0.0,0.0,0.0,0.0,0.0,0.0,0.15,0.0,0.0,0.0,0.0,0.051,0.0,0.255,0.076,0.46,6.3,37.0,1216.0,1
0.0,0.0,0.5,0.0,0.0,0.5,10.0,0.0,0.0,0.0,0.0,0.0,1.0,0.0,0.0,0.0,0.0,0.0,2.0,0.0,0.0,0.0,0.0,0.0,0.0,0.0,0.0,0.0,0.0,0.0,0.0,0.0,0.0,0.0,0.0,0.0,0.0,0.0,0.0,0.0,0.0,0.0,0.0,0.0,1.0,0.5,0.0,0.0,0.0,0.0,0.0,0.0,0.0,0.0,2.527,47.0,91.0,0
0.0,0.0,0.0,0.0,0.0,0.0,0.0,0.0,0.0,0.0,0.0,0.0,1.33,0.0,0.0,0.0,2.66,5.33,2.66,0.0,2.66,0.0,0.0,0.0,0.0,0.0,10.0,0.0,0.0,0.0,0.0,0.0,0.0,0.0,0.0,0.0,0.0,0.0,0.0,0.0,0.0,0.0,0.0,0.0,0.0,0.0,0.0,0.0,0.0,0.0,0.0,1.799,0.514,0.0,1.823,11.0,62.0,1
0.8,0.0,0.8,0.0,1.6,0.0,0.0,0.0,0.0,0.0,0.0,0.0,0.0,0.0,0.0,0.8,0.8,0.0,1.6,0.0,2.4,0.0,0.8,0.0,10.0,0.0,0.0,0.0,0.0,0.0,0.0,0.0,0.0,0.0,0.0,0.0,0.0,0.0,0.0,0.0,0.0,0.0,0.0,0.0,0.0,0.0,0.0,0.0,0.0,0.0,0.0,1.62,0.347,0.0,2.604,22.0,125.0,1
0.0,0.0,0.0,0.0,0.0,0.0,0.0,1.05,0.0,0.0,0.52,1.05,0.52,0.0,0.0,1.05,0.0,0.0,3.7,1.05,1.05,0.0,1.58,0.52,0.0,0.0,10.0,0.0,0.0,0.0,0.0,0.0,0.0,0.0,0.0,0.0,0.0,0.0,0.0,0.0,0.0,0.0,0.0,0.0,0.0,0.0,0.0,0.0,0.0,0.0,0.0,0.702,0.263,0.0,6.487,47.0,266.0,1
0.0,0.0,0.0,0.0,0.0,0.0,0.0,0.0,0.0,0.0,0.0,0.0,0.0,0.0,0.0,0.0,0.0,0.0,0.0,0.0,0.0,0.0,0.0,0.0,0.0,0.0,10.0,0.0,0.0,0.0,0.0,0.0,0.0,0.0,0.0,0.0,0.0,0.0,0.0,0.0,0.0,0.0,0.0,0.0,0.0,0.0,0.0,0.0,0.0,0.0,0.0,0.0,0.0,0.0,1.0,1.0,5.0,0
0.0,0.0,0.0,0.0,0.0,0.0,0.0,0.0,0.0,0.0,0.0,1.75,0.0,0.0,0.0,0.0,0.0,0.0,0.0,0.0,0.0,0.0,0.0,0.0,0.0,0.0,0.0,0.0,0.87,0.0,0.0,0.0,0.0,0.0,0.0,0.0,0.0,0.0,1.75,0.0,10.0,0.0,0.0,0.0,0.0,0.0,0.0,0.87,0.0,0.0,0.0,0.0,0.0,0.0,1.795,11.0,79.0,0
0.0,0.0,0.0,0.0,0.0,0.0,0.0,0.0,0.0,0.0,0.0,0.0,0.0,0.0,0.0,0.0,0.0,0.0,0.0,0.0,0.0,0.0,0.0,0.0,0.0,0.0,3.44,0.0,0.0,0.0,10.0,0.0,0.0,0.0,0.0,0.0,0.0,0.0,0.0,0.0,0.0,0.0,0.0,0.0,3.44,0.0,0.0,0.0,0.0,0.0,0.0,0.0,0.0,0.0,1.0,1.0,8.0,0
0.2,0.0,0.2,0.0,0.2,0.0,10.0,0.0,0.0,0.0,0.0,1.0,0.2,0.0,0.0,0.0,0.0,0.2,0.4,0.0,0.0,0.0,0.0,0.0,2.61,1.2,0.0,0.4,0.0,0.0,0.0,0.0,0.8,0.0,0.4,0.0,0.8,0.0,0.0,0.0,0.0,0.0,0.0,0.0,0.0,0.2,0.0,0.0,0.061,0.462,0.061,0.0,0.0,0.0,2.61,24.0,308.0,0
0.0,0.81,0.0,0.0,2.03,0.0,0.0,0.4,0.0,1.21,0.0,0.81,0.0,0.0,0.0,0.4,0.0,0.0,3.65,0.0,1.62,0.0,1.62,0.4,0.0,0.0,0.0,0.0,0.0,0.0,0.0,0.0,0.0,0.0,0.0,0.0,0.0,10.0,0.0,0.0,0.0,0.0,0.0,0.0,0.4,0.0,0.0,0.0,0.0,0.0,0.0,0.0,0.272,0.0,3.192,34.0,166.0,1
0.0,0.0,0.0,0.0,0.0,0.0,0.0,0.0,0.0,0.0,0.0,4.08,0.0,0.0,0.0,0.0,0.0,0.0,0.0,0.0,0.0,0.0,0.0,0.0,0.0,0.0,0.0,0.0,0.0,0.0,0.0,0.0,10.0,0.0,0.0,0.0,0.0,0.0,0.0,0.0,0.0,0.0,0.0,0.0,0.0,0.0,0.0,0.0,0.0,0.0,0.0,0.333,0.0,0.0,1.666,4.0,25.0,0
0.0,0.0,0.0,0.0,0.0,0.63,0.0,1.58,0.31,0.63,0.0,0.95,0.0,0.0,0.0,0.0,0.0,0.0,1.26,0.0,0.63,0.0,0.31,0.0,0.0,0.0,0.0,0.0,0.0,0.0,0.0,0.0,0.0,0.0,0.0,0.0,0.0,0.0,0.0,0.0,10.0,0.0,0.0,0.0,0.0,0.0,0.0,0.0,0.0,0.103,0.0,0.206,0.206,0.0,4.171,76.0,292.0,1
0.0,0.0,0.0,0.0,0.0,0.65,0.0,0.65,0.0,0.65,0.0,1.97,0.0,0.0,0.0,0.0,0.0,0.0,0.0,0.0,0.0,0.0,0.0,0.0,10.0,0.0,0.65,0.0,0.0,0.0,0.0,0.0,0.0,0.0,0.0,0.0,0.0,0.0,0.0,0.0,0.0,0.0,0.0,0.0,0.65,0.0,0.0,0.0,0.108,0.108,0.0,0.0,0.108,0.0,1.924,9.0,102.0,0
0.0,0.0,0.0,0.0,0.0,0.0,0.0,0.0,0.0,0.0,0.0,0.0,0.47,0.0,0.0,0.0,0.0,0.0,1.43,0.0,0.0,10.0,0.0,0.0,0.0,0.0,0.0,0.0,0.0,0.0,0.0,0.0,0.0,0.0,0.0,0.0,0.0,0.0,0.47,0.0,0.0,0.0,0.0,0.47,0.47,1.91,0.0,0.0,0.0,0.076,0.0,0.076,0.0,0.0,1.833,12.0,77.0,0
2.0,0.0,0.0,0.0,0.0,0.0,0.0,0.0,0.0,0.0,2.0,2.0,0.0,0.0,0.0,0.0,0.0,0.0,16.6,0.0,8.0,0.0,0.0,0.0,0.0,0.0,0.0,0.0,0.0,0.0,0.0,0.0,0.0,0.0,0.0,0.0,0.0,0.0,0.0,0.0,0.0,0.0,0.0,0.0,0.0,0.0,0.0,0.0,0.0,0.0,0.0,0.0,0.0,0.0,5.888,29.0,53.0,0
0.0,0.0,0.48,0.0,0.0,0.0,0.0,0.0,0.0,0.0,0.0,0.48,0.0,0.0,0.0,0.0,0.0,0.0,0.0,0.0,0.0,0.0,10.0,0.0,1.44,1.93,0.0,0.0,1.44,1.44,0.0,0.0,0.0,0.0,0.0,0.0,1.44,0.0,0.0,0.0,0.0,0.0,0.0,0.48,0.0,0.0,0.0,0.0,0.0,0.0,0.0,0.119,0.059,0.0,6.145,115.0,338.0,0
0.39,0.0,0.0,0.0,0.0,0.39,0.0,0.0,0.0,0.0,0.0,1.19,0.0,0.0,0.0,0.39,0.39,0.0,2.39,0.0,2.78,0.0,1.19,0.39,0.0,0.0,10.0,0.0,0.0,0.0,0.0,0.0,0.0,0.0,0.0,0.0,0.0,0.0,0.0,0.0,0.0,0.0,0.0,0.0,0.0,0.0,0.0,0.0,0.0,0.0,0.0,0.64,0.256,0.0,3.5,30.0,112.0,1
0.12,0.12,0.24,0.0,1.34,0.12,0.0,0.12,0.0,0.0,0.36,0.85,0.0,0.0,0.0,0.24,0.24,0.0,2.33,0.0,0.73,0.0,0.0,0.0,10.0,0.0,0.0,0.0,0.0,0.0,0.0,0.0,0.0,0.0,0.0,0.98,0.0,0.0,0.0,0.12,0.0,0.0,0.0,0.0,0.12,0.0,0.0,0.0,0.061,0.02,0.0,0.041,0.041,0.0,2.351,69.0,254.0,1
0.0,0.8,0.0,0.0,0.0,0.0,0.0,0.0,0.0,1.6,0.0,0.0,0.0,0.0,0.0,2.4,0.0,0.0,5.6,0.0,1.6,0.0,0.0,0.0,0.0,0.0,10.0,0.0,0.0,0.0,0.0,0.0,0.0,0.0,0.0,0.0,0.0,0.0,0.0,0.0,0.0,0.0,0.0,0.0,0.0,0.0,0.0,0.0,0.0,0.0,0.0,0.235,0.0,0.0,1.38,4.0,29.0,0
0.0,0.0,0.0,0.0,0.57,0.0,0.0,0.0,0.0,0.0,0.0,1.72,0.0,0.0,0.0,0.0,0.0,0.57,0.0,0.0,0.0,0.0,0.0,0.0,10.0,0.57,0.0,0.57,0.0,0.57,0.0,0.0,0.0,0.0,0.57,0.57,0.0,0.0,0.0,0.0,0.0,0.0,0.0,0.0,0.0,0.0,0.0,0.0,0.0,0.077,0.0,0.0,0.0,0.0,1.964,12.0,110.0,0
